8556 15648 28119
28119 8556 15648
15648 8556 28119
4205 17645 25980
25980 4205 17645
17645 4205 25980
10856 12774 18729
18729 10856 12774
12774 10856 18729
13793 18272 24507
18272 13793 24507
24507 13793 18272
617 567 14758
567 617 14758
14758 567 617
20371 12207 29219
12207 20371 29219
29219 12207 20371
9106 11261 20225
20225 9106 11261
11261 9106 20225
11192 6759 23385
23385 6759 11192
6759 11192 23385
15887 13542 29252
13542 15887 29252
29252 13542 15887
6065 1244 6037
6037 1244 6065
1244 6037 6065
8273 9045 22352
9045 8273 22352
22352 8273 9045
2471 1200 20996
1200 2471 20996
20996 1200 2471
7345 16636 29575
29575 7345 16636
16636 7345 29575
17365 11322 24557
11322 17365 24557
24557 11322 17365
25560 7897 25630
25630 7897 25560
7897 25560 25630
4231 8283 28833
8283 4231 28833
28833 4231 8283
28057 334 10098
10098 334 28057
334 10098 28057
25078 1875 9230
9230 1875 25078
1875 9230 25078
22783 7535 19730
19730 7535 22783
7535 19730 22783
11581 7 4766
7 4766 11581
4766 7 11581
18445 3925 17208
17208 3925 18445
3925 17208 18445
15757 13163 21177
21177 13163 15757
13163 15757 21177
15738 12755 13925
12755 13925 15738
13925 12755 15738
853 6642 15082
15082 853 6642
6642 853 15082
2924 9449 28428
28428 2924 9449
9449 2924 28428
29127 4170 5391
5391 4170 29127
4170 5391 29127
27622 13382 22935
22935 13382 27622
13382 22935 27622
17771 11186 27248
27248 11186 17771
11186 17771 27248
27490 9870 10202
9870 10202 27490
10202 9870 27490
29742 8524 17458
8524 17458 29742
17458 8524 29742
13410 1954 8598
1954 8598 13410
8598 1954 13410
12635 9194 14863
9194 12635 14863
14863 9194 12635
15098 3254 12273
12273 3254 15098
3254 12273 15098
10806 3092 10549
3092 10549 10806
10549 3092 10806
15733 5333 12316
12316 5333 15733
5333 12316 15733
13833 9916 16787
9916 13833 16787
16787 9916 13833
14145 3708 5229
3708 5229 14145
5229 3708 14145
5927 5457 27179
5457 5927 27179
27179 5457 5927
5178 1913 22627
22627 1913 5178
1913 5178 22627
2917 24018 24442
24442 2917 24018
24018 2917 24442
3268 11495 18259
11495 3268 18259
18259 3268 11495
5899 12323 22963
12323 5899 22963
22963 5899 12323
12048 12583 27991
27991 12048 12583
12583 12048 27991
14139 15563 28081
15563 14139 28081
28081 14139 15563
21517 8233 9375
8233 9375 21517
9375 8233 21517
10553 10738 13624
13624 10553 10738
10738 10553 13624
29710 3409 22094
3409 22094 29710
22094 3409 29710
8493 4612 14419
14419 4612 8493
4612 8493 14419
1395 20480 25969
20480 1395 25969
25969 1395 20480
27381 10611 19101
19101 10611 27381
10611 19101 27381
333 1419 7935
1419 333 7935
7935 333 1419
4905 19986 20275
19986 4905 20275
20275 4905 19986
3121 6705 29503
29503 3121 6705
6705 3121 29503
11647 8266 22712
22712 8266 11647
8266 11647 22712
7675 11331 13203
13203 7675 11331
11331 7675 13203
22155 983 19847
983 19847 22155
19847 983 22155
1274 24252 26943
26943 1274 24252
24252 1274 26943
20453 11207 16386
16386 11207 20453
11207 16386 20453
18141 14247 16867
16867 14247 18141
14247 16867 18141
5685 25004 27271
27271 5685 25004
25004 5685 27271
16393 15487 23408
15487 16393 23408
23408 15487 16393
12213 7479 9582
7479 9582 12213
9582 7479 12213
483 8159 9206
8159 483 9206
9206 483 8159
19052 95 1719
1719 95 19052
95 1719 19052
10281 18678 21916
21916 10281 18678
18678 10281 21916
28251 10246 29190
10246 28251 29190
29190 10246 28251
9157 123 22250
123 9157 22250
22250 123 9157
9201 2928 14160
2928 9201 14160
14160 2928 9201
18187 14148 28291
28291 14148 18187
14148 18187 28291
20040 9700 28353
9700 20040 28353
28353 9700 20040
26703 15427 28707
28707 15427 26703
15427 26703 28707
26315 10991 14880
10991 14880 26315
14880 10991 26315
10588 7980 27641
7980 10588 27641
27641 7980 10588
3844 17107 17427
17107 3844 17427
17427 3844 17107
19861 17484 26214
17484 19861 26214
26214 17484 19861
27992 1580 10012
1580 10012 27992
10012 1580 27992
24091 19798 23123
19798 23123 24091
23123 19798 24091
4 7928 11840
7928 4 11840
11840 4 7928
15598 9826 24017
24017 9826 15598
9826 15598 24017
25903 22021 29422
22021 25903 29422
29422 22021 25903
23145 3608 9822
9822 3608 23145
3608 9822 23145
15153 7794 11030
7794 11030 15153
11030 7794 15153
27913 1285 20318
1285 20318 27913
20318 1285 27913
3242 4791 28569
28569 3242 4791
4791 3242 28569
29414 22235 23798
23798 22235 29414
22235 23798 29414
27028 22503 28633
28633 22503 27028
22503 27028 28633
4427 8226 15589
15589 4427 8226
8226 4427 15589
13973 7500 13459
13459 7500 13973
7500 13459 13973
17126 7431 10468
10468 7431 17126
7431 10468 17126
10582 15562 19833
15562 10582 19833
19833 10582 15562
17078 10316 27661
27661 10316 17078
10316 17078 27661
9697 23342 27513
27513 9697 23342
23342 9697 27513
23612 11600 15164
15164 11600 23612
11600 15164 23612
9028 1988 20395
20395 1988 9028
1988 9028 20395
26257 15371 24128
24128 15371 26257
15371 24128 26257
1760 16981 29468
29468 1760 16981
16981 1760 29468
13042 6756 21732
6756 13042 21732
21732 6756 13042
13644 1490 8523
1490 8523 13644
8523 1490 13644
8921 986 2974
986 2974 8921
2974 986 8921
9191 2996 26448
26448 2996 9191
2996 9191 26448
9152 157 11269
11269 157 9152
157 9152 11269
713 13567 21478
13567 713 21478
21478 713 13567
5502 11845 17565
17565 5502 11845
11845 5502 17565
11461 6758 29854
29854 6758 11461
6758 11461 29854
7393 6357 19163
19163 6357 7393
6357 7393 19163
22690 5318 23873
5318 22690 23873
23873 5318 22690
17172 15256 22228
22228 15256 17172
15256 17172 22228
24935 13496 19893
19893 13496 24935
13496 19893 24935
24257 11233 19302
19302 11233 24257
11233 19302 24257
18819 11381 14039
14039 11381 18819
11381 14039 18819
26483 3286 24987
24987 3286 26483
3286 24987 26483
6402 5503 7816
5503 6402 7816
7816 5503 6402
3990 2867 12562
2867 3990 12562
12562 2867 3990
16878 16637 16872
16872 16637 16878
16637 16872 16878
24216 24202 29561
24202 24216 29561
29561 24202 24216
23397 23657 23728
23657 23397 23728
23728 23397 23657
4718 1517 28879
1517 4718 28879
28879 1517 4718
3167 16662 20877
20877 3167 16662
16662 3167 20877
23973 8514 22770
8514 22770 23973
22770 8514 23973
3946 3533 20490
20490 3533 3946
3533 3946 20490
22035 15686 28140
15686 22035 28140
28140 15686 22035
12462 8820 20071
20071 8820 12462
8820 12462 20071
19197 8502 11341
8502 11341 19197
11341 8502 19197
15788 3432 28215
28215 3432 15788
3432 15788 28215
6646 6311 25734
6311 6646 25734
25734 6311 6646
11592 8192 16034
16034 8192 11592
8192 11592 16034
25360 16688 21431
16688 21431 25360
21431 16688 25360
11542 27048 29271
27048 11542 29271
29271 11542 27048
6294 12826 24293
12826 6294 24293
24293 6294 12826
15476 3813 25622
3813 15476 25622
25622 3813 15476
20748 13453 24037
13453 20748 24037
24037 13453 20748
10084 10127 26125
26125 10084 10127
10127 10084 26125
15394 2430 18093
2430 15394 18093
18093 2430 15394
27224 10273 14332
14332 10273 27224
10273 14332 27224
12391 14417 25413
14417 12391 25413
25413 12391 14417
20895 8196 24669
24669 8196 20895
8196 20895 24669
16306 448 24033
24033 448 16306
448 16306 24033
17143 1480 13926
1480 13926 17143
13926 1480 17143
24761 14161 20956
14161 20956 24761
20956 14161 24761
23756 2037 2335
2037 2335 23756
2335 2037 23756
20843 154 2168
154 2168 20843
2168 154 20843
8186 487 539
487 539 8186
539 487 8186
20226 5244 27399
27399 5244 20226
5244 20226 27399
29300 5722 19499
5722 19499 29300
19499 5722 29300
8020 19519 27821
19519 8020 27821
27821 8020 19519
3942 817 12657
817 3942 12657
12657 817 3942
25765 11137 25606
25606 11137 25765
11137 25606 25765
8431 1543 5650
5650 1543 8431
1543 5650 8431
16329 26256 26906
26256 16329 26906
26906 16329 26256
12849 8080 28228
8080 12849 28228
28228 8080 12849
15775 7211 27568
7211 15775 27568
27568 7211 15775
275 13318 22626
13318 275 22626
22626 275 13318
21274 3259 5531
5531 3259 21274
3259 5531 21274
14190 1617 24372
24372 1617 14190
1617 14190 24372
26296 27148 29664
27148 26296 29664
29664 26296 27148
16261 12638 20798
20798 12638 16261
12638 16261 20798
6218 5865 12013
5865 6218 12013
12013 5865 6218
27962 3684 17638
3684 17638 27962
17638 3684 27962
22790 13258 22616
22616 13258 22790
13258 22616 22790
2663 20984 27826
27826 2663 20984
20984 2663 27826
28669 15244 16156
15244 16156 28669
16156 15244 28669
11973 3635 12818
3635 11973 12818
12818 3635 11973
28654 10931 21349
21349 10931 28654
10931 21349 28654
24127 19991 29562
19991 24127 29562
29562 19991 24127
26563 4698 12258
4698 12258 26563
12258 4698 26563
1503 2540 25084
25084 1503 2540
2540 1503 25084
28185 16800 17504
17504 16800 28185
16800 17504 28185
1195 7075 7179
7075 1195 7179
7179 1195 7075
11459 4450 29062
29062 4450 11459
4450 11459 29062
15297 5718 7655
5718 7655 15297
7655 5718 15297
20127 7989 15117
15117 7989 20127
7989 15117 20127
17023 12995 24473
12995 17023 24473
24473 12995 17023
17671 25675 26681
25675 17671 26681
26681 17671 25675
20900 1360 15836
15836 1360 20900
1360 15836 20900
8267 14955 17870
17870 8267 14955
14955 8267 17870
12723 517 24636
517 12723 24636
24636 517 12723
13330 3607 20493
3607 13330 20493
20493 3607 13330
26084 1404 22327
1404 22327 26084
22327 1404 26084
13047 4375 28162
4375 13047 28162
28162 4375 13047
25376 3571 7722
7722 3571 25376
3571 7722 25376
7152 5042 6083
5042 6083 7152
6083 5042 7152
19038 184 29678
184 19038 29678
29678 184 19038
24749 6656 21702
6656 21702 24749
21702 6656 24749
6939 1575 24958
24958 1575 6939
1575 6939 24958
9198 8149 17795
8149 9198 17795
17795 8149 9198
29519 4672 28814
4672 28814 29519
28814 4672 29519
25914 27867 28740
27867 25914 28740
28740 25914 27867
29007 4160 20840
20840 4160 29007
4160 20840 29007
16377 3737 29050
3737 16377 29050
29050 3737 16377
26719 1470 13089
1470 13089 26719
13089 1470 26719
12687 5081 29361
5081 12687 29361
29361 5081 12687
7878 6871 15660
15660 6871 7878
6871 7878 15660
1537 19719 23167
19719 1537 23167
23167 1537 19719
1672 13681 22280
13681 1672 22280
22280 1672 13681
20476 16316 21303
16316 20476 21303
21303 16316 20476
10680 9356 10734
10734 9356 10680
9356 10680 10734
9624 1789 28979
28979 1789 9624
1789 9624 28979
21864 8364 20102
8364 20102 21864
20102 8364 21864
20391 3627 15462
3627 15462 20391
15462 3627 20391
8760 12068 26851
26851 8760 12068
12068 8760 26851
11733 16603 28449
16603 11733 28449
28449 11733 16603
27406 20590 25252
20590 25252 27406
25252 20590 27406
2409 11371 21948
11371 2409 21948
21948 2409 11371
13152 7934 19708
7934 13152 19708
19708 7934 13152
23548 3851 25242
25242 3851 23548
3851 23548 25242
12922 5617 17739
17739 5617 12922
5617 12922 17739
7276 14576 19407
14576 7276 19407
19407 7276 14576
19006 11520 21505
21505 11520 19006
11520 19006 21505
12507 5838 17097
5838 12507 17097
17097 5838 12507
22831 20399 23456
23456 20399 22831
20399 22831 23456
21510 2547 23389
23389 2547 21510
2547 21510 23389
21853 498 10268
498 10268 21853
10268 498 21853
6429 13150 22003
13150 6429 22003
22003 6429 13150
29985 3766 20978
3766 20978 29985
20978 3766 29985
23295 1273 18230
18230 1273 23295
1273 18230 23295
21340 8580 24744
8580 21340 24744
24744 8580 21340
17729 9364 28754
9364 17729 28754
28754 9364 17729
1138 1202 7502
7502 1138 1202
1202 1138 7502
18049 17001 18786
18786 17001 18049
17001 18049 18786
1561 22542 28483
22542 1561 28483
28483 1561 22542
3934 22845 23481
23481 3934 22845
22845 3934 23481
4174 2650 18347
18347 2650 4174
2650 4174 18347
13941 3526 23339
23339 3526 13941
3526 13941 23339
1069 21445 21708
21708 1069 21445
21445 1069 21708
28332 11284 23217
23217 11284 28332
11284 23217 28332
14232 18501 25845
18501 14232 25845
25845 14232 18501
5877 16755 18103
18103 5877 16755
16755 5877 18103
25952 11867 25332
25332 11867 25952
11867 25332 25952
17968 10451 17560
10451 17560 17968
17560 10451 17968
29967 4277 28896
28896 4277 29967
4277 28896 29967
21895 5723 19308
5723 19308 21895
19308 5723 21895
2266 16898 28693
16898 2266 28693
28693 2266 16898
29508 918 4860
4860 918 29508
918 4860 29508
19033 5117 10789
5117 10789 19033
10789 5117 19033
27851 16439 19782
19782 16439 27851
16439 19782 27851
12960 15324 24760
24760 12960 15324
15324 12960 24760
22883 8342 15165
15165 8342 22883
8342 15165 22883
4759 3585 10637
3585 4759 10637
10637 3585 4759
26261 15329 22093
22093 15329 26261
15329 22093 26261
15483 169 16402
169 15483 16402
16402 169 15483
17228 3725 9339
9339 3725 17228
3725 9339 17228
18199 1502 15072
15072 1502 18199
1502 15072 18199
8007 3393 20296
3393 8007 20296
20296 3393 8007
28883 6503 18318
6503 18318 28883
18318 6503 28883
2093 9095 28055
28055 2093 9095
9095 2093 28055
3129 18831 29462
29462 3129 18831
18831 3129 29462
20844 6232 6383
6383 6232 20844
6232 6383 20844
25246 947 28675
28675 947 25246
947 25246 28675
27485 17949 23472
23472 17949 27485
17949 23472 27485
29905 11220 28183
11220 28183 29905
28183 11220 29905
2142 514 19854
514 2142 19854
19854 514 2142
25134 25059 25292
25292 25059 25134
25059 25134 25292
3185 13477 14696
13477 3185 14696
14696 3185 13477
16634 12873 26492
12873 16634 26492
26492 12873 16634
12248 9597 15952
9597 12248 15952
15952 9597 12248
29021 9867 18997
9867 18997 29021
18997 9867 29021
6081 5279 19341
5279 6081 19341
19341 5279 6081
8618 27158 29603
29603 8618 27158
27158 8618 29603
2976 21132 24525
24525 2976 21132
21132 2976 24525
26308 29405 29691
29405 26308 29691
29691 26308 29405
19580 756 6868
6868 756 19580
756 6868 19580
2340 8138 17801
8138 2340 17801
17801 2340 8138
26396 21342 28965
21342 26396 28965
28965 21342 26396
21102 1506 5012
5012 1506 21102
1506 5012 21102
25554 1659 4952
4952 1659 25554
1659 4952 25554
19441 3538 10313
10313 3538 19441
3538 10313 19441
28390 5320 13399
13399 5320 28390
5320 13399 28390
23368 11432 23076
11432 23076 23368
23076 11432 23368
27931 21390 25320
25320 21390 27931
21390 25320 27931
26078 5588 28333
28333 5588 26078
5588 26078 28333
14502 9445 28934
9445 14502 28934
28934 9445 14502
15038 13763 16145
16145 13763 15038
13763 15038 16145
10440 16725 27256
16725 10440 27256
27256 10440 16725
5411 9513 22978
22978 5411 9513
9513 5411 22978
15319 21921 26454
21921 15319 26454
26454 15319 21921
12149 7503 16292
7503 12149 16292
16292 7503 12149
22010 28368 29648
28368 22010 29648
29648 22010 28368
1587 7929 19742
19742 1587 7929
7929 1587 19742
1427 11498 25513
25513 1427 11498
11498 1427 25513
3818 17513 29076
29076 3818 17513
17513 3818 29076
12956 4282 5485
4282 5485 12956
5485 4282 12956
19778 4345 6391
4345 6391 19778
6391 4345 19778
313 2839 23971
2839 313 23971
23971 313 2839
6147 17925 29383
17925 6147 29383
29383 6147 17925
6340 796 29382
796 6340 29382
29382 796 6340
27453 4039 5032
4039 5032 27453
5032 4039 27453
19251 15772 26774
15772 19251 26774
26774 15772 19251
19231 12878 15545
12878 15545 19231
15545 12878 19231
29552 27238 28060
28060 27238 29552
27238 28060 29552
10715 19698 28379
28379 10715 19698
19698 10715 28379
6124 19555 20283
20283 6124 19555
19555 6124 20283
1175 7132 10168
7132 1175 10168
10168 1175 7132
11425 3664 7485
7485 3664 11425
3664 7485 11425
23422 19148 20696
19148 20696 23422
20696 19148 23422
8088 20603 27535
27535 8088 20603
20603 8088 27535
13185 3887 7042
3887 7042 13185
7042 3887 13185
18772 14288 15622
14288 15622 18772
15622 14288 18772
11122 1949 11952
11952 1949 11122
1949 11122 11952
26284 5130 16581
16581 5130 26284
5130 16581 26284
3182 15455 17401
17401 3182 15455
15455 3182 17401
19258 23204 23707
23204 19258 23707
23707 19258 23204
27499 14577 19548
14577 19548 27499
19548 14577 27499
5984 14634 19483
19483 5984 14634
14634 5984 19483
26510 11621 28316
28316 11621 26510
11621 26510 28316
29139 11299 12708
12708 11299 29139
11299 12708 29139
3001 14742 20902
20902 3001 14742
14742 3001 20902
7627 1485 27207
27207 1485 7627
1485 7627 27207
14899 16270 27648
16270 14899 27648
27648 14899 16270
16950 18342 29146
29146 16950 18342
18342 16950 29146
3662 14662 25408
14662 3662 25408
25408 3662 14662
17696 13315 13770
13770 13315 17696
13315 13770 17696
24419 15290 24212
24212 15290 24419
15290 24212 24419
20586 8156 17598
17598 8156 20586
8156 17598 20586
29292 5219 22450
22450 5219 29292
5219 22450 29292
25184 304 8035
8035 304 25184
304 8035 25184
9423 25363 29342
29342 9423 25363
25363 9423 29342
24291 18208 28067
18208 24291 28067
28067 18208 24291
6739 1328 15569
1328 6739 15569
15569 1328 6739
2050 7113 26566
7113 2050 26566
26566 2050 7113
1034 4816 23415
4816 1034 23415
23415 1034 4816
6310 24904 26359
24904 6310 26359
26359 6310 24904
2390 6025 17904
17904 2390 6025
6025 2390 17904
2897 8235 10225
10225 2897 8235
8235 2897 10225
293 974 11466
974 293 11466
11466 293 974
21512 2538 5759
2538 5759 21512
5759 2538 21512
26984 1059 23909
1059 23909 26984
23909 1059 26984
5285 5072 22765
22765 5072 5285
5072 5285 22765
13852 3255 29818
3255 13852 29818
29818 3255 13852
10950 11692 26449
26449 10950 11692
11692 10950 26449
11911 5940 11888
5940 11888 11911
11888 5940 11911
11045 1245 11218
11218 1245 11045
1245 11045 11218
13591 3779 12286
3779 12286 13591
12286 3779 13591
6384 3644 28180
3644 6384 28180
28180 3644 6384
22019 8746 15159
8746 15159 22019
15159 8746 22019
22359 6329 25913
6329 22359 25913
25913 6329 22359
12424 6033 20362
20362 6033 12424
6033 12424 20362
12569 8939 10067
8939 10067 12569
10067 8939 12569
2759 6396 25787
6396 2759 25787
25787 2759 6396
24772 8208 25172
8208 24772 25172
25172 8208 24772
8312 2780 27521
27521 2780 8312
2780 8312 27521
13133 9217 11064
11064 9217 13133
9217 11064 13133
27507 287 3642
287 3642 27507
3642 287 27507
17854 20100 24126
20100 17854 24126
24126 17854 20100
26758 8907 19492
8907 19492 26758
19492 8907 26758
5848 9682 17374
9682 5848 17374
17374 5848 9682
10258 15012 17029
15012 10258 17029
17029 10258 15012
4153 27452 28269
28269 4153 27452
27452 4153 28269
4335 15368 23557
15368 4335 23557
23557 4335 15368
19023 8821 29798
29798 8821 19023
8821 19023 29798
7081 17261 20740
17261 7081 20740
20740 7081 17261
22464 12879 25381
25381 12879 22464
12879 22464 25381
3344 19721 29419
19721 3344 29419
29419 3344 19721
5702 3582 14468
14468 3582 5702
3582 5702 14468
2489 4256 6734
6734 2489 4256
4256 2489 6734
7242 10229 28955
28955 7242 10229
10229 7242 28955
23880 11148 12108
12108 11148 23880
11148 12108 23880
6316 26187 27690
27690 6316 26187
26187 6316 27690
24344 2856 19237
2856 19237 24344
19237 2856 24344
28525 11551 19336
19336 11551 28525
11551 19336 28525
22637 8496 10269
8496 10269 22637
10269 8496 22637
7854 2499 24645
2499 7854 24645
24645 2499 7854
10076 2971 29312
29312 2971 10076
2971 10076 29312
10876 2404 27216
27216 2404 10876
2404 10876 27216
12610 2289 19733
2289 12610 19733
19733 2289 12610
22269 551 17457
17457 551 22269
551 17457 22269
13870 17881 25260
17881 13870 25260
25260 13870 17881
2141 17214 23893
17214 2141 23893
23893 2141 17214
13823 688 1573
688 1573 13823
1573 688 13823
29412 6038 9454
6038 9454 29412
9454 6038 29412
27219 6140 6572
6140 6572 27219
6572 6140 27219
6627 1346 12382
1346 6627 12382
12382 1346 6627
22315 1181 9532
1181 9532 22315
9532 1181 22315
1721 3772 15953
3772 1721 15953
15953 1721 3772
22339 1132 28802
1132 22339 28802
28802 1132 22339
27111 9136 11389
11389 9136 27111
9136 11389 27111
20045 16543 20457
16543 20045 20457
20457 16543 20045
11131 6209 23637
6209 11131 23637
23637 6209 11131
15558 10782 28658
28658 10782 15558
10782 15558 28658
9880 1304 16251
16251 1304 9880
1304 9880 16251
1085 14541 24418
24418 1085 14541
14541 1085 24418
9884 14249 15327
15327 9884 14249
14249 9884 15327
24378 174 24659
24659 174 24378
174 24378 24659
10232 6058 24405
6058 10232 24405
24405 6058 10232
9481 12570 28426
12570 9481 28426
28426 9481 12570
700 994 24251
994 700 24251
24251 700 994
13340 9512 17364
17364 9512 13340
9512 13340 17364
3843 8446 11263
8446 3843 11263
11263 3843 8446
25916 5698 29351
29351 5698 25916
5698 25916 29351
14947 11259 27058
11259 14947 27058
27058 11259 14947
417 14483 26733
26733 417 14483
14483 417 26733
24464 3467 28830
28830 3467 24464
3467 24464 28830
12584 5679 15262
15262 5679 12584
5679 12584 15262
19531 2270 15496
15496 2270 19531
2270 15496 19531
17689 4602 11397
4602 11397 17689
11397 4602 17689
22538 11800 15379
11800 15379 22538
15379 11800 22538
3448 4732 21434
21434 3448 4732
4732 3448 21434
9020 5181 24042
5181 9020 24042
24042 5181 9020
12765 5590 8603
8603 5590 12765
5590 8603 12765
21061 3918 11196
11196 3918 21061
3918 11196 21061
7032 9818 28413
28413 7032 9818
9818 7032 28413
16719 15331 24092
24092 15331 16719
15331 16719 24092
17879 1908 13678
1908 13678 17879
13678 1908 17879
28448 462 6346
462 6346 28448
6346 462 28448
9456 16521 28862
28862 9456 16521
16521 9456 28862
20091 11884 23365
11884 20091 23365
23365 11884 20091
20869 7863 24742
7863 20869 24742
24742 7863 20869
20401 1400 3253
3253 1400 20401
1400 3253 20401
16910 21323 24917
21323 16910 24917
24917 16910 21323
13633 14317 14660
14660 13633 14317
14317 13633 14660
18243 12693 13371
12693 13371 18243
13371 12693 18243
13661 669 15341
15341 669 13661
669 13661 15341
28040 8362 16294
16294 8362 28040
8362 16294 28040
21227 7826 23718
23718 7826 21227
7826 21227 23718
15439 10574 29144
29144 10574 15439
10574 15439 29144
17863 26053 29490
29490 17863 26053
26053 17863 29490
29913 6082 6090
6082 6090 29913
6090 6082 29913
9955 25189 29520
29520 9955 25189
25189 9955 29520
21135 25230 28248
28248 21135 25230
25230 21135 28248
26545 7427 29792
7427 26545 29792
29792 7427 26545
18460 8865 23516
8865 18460 23516
23516 8865 18460
21567 15852 26325
15852 21567 26325
26325 15852 21567
8693 543 28898
543 8693 28898
28898 543 8693
6746 2145 22771
2145 6746 22771
22771 2145 6746
25286 15085 28058
15085 25286 28058
28058 15085 25286
5206 2630 16945
16945 2630 5206
2630 5206 16945
12092 19771 24740
19771 12092 24740
24740 12092 19771
18989 9805 22618
9805 18989 22618
22618 9805 18989
13561 7789 9951
9951 7789 13561
7789 9951 13561
8505 11857 19616
19616 8505 11857
11857 8505 19616
7938 8836 16095
16095 7938 8836
8836 7938 16095
17403 259 7214
7214 259 17403
259 7214 17403
7591 11720 28106
28106 7591 11720
11720 7591 28106
2936 6088 15623
15623 2936 6088
6088 2936 15623
2144 16304 24683
16304 2144 24683
24683 2144 16304
21262 14866 26855
26855 14866 21262
14866 21262 26855
81 16234 21537
21537 81 16234
16234 81 21537
4889 13448 23343
23343 4889 13448
13448 4889 23343
9170 2772 10808
10808 2772 9170
2772 9170 10808
14845 16733 23870
23870 14845 16733
16733 14845 23870
11655 25235 29657
29657 11655 25235
25235 11655 29657
13810 2153 19603
19603 2153 13810
2153 13810 19603
9432 3632 8090
8090 3632 9432
3632 8090 9432
27024 14517 27608
27608 14517 27024
14517 27024 27608
12915 2656 4432
2656 4432 12915
4432 2656 12915
2218 16532 19720
16532 2218 19720
19720 2218 16532
9630 1239 12461
12461 1239 9630
1239 9630 12461
26829 17280 23659
23659 17280 26829
17280 23659 26829
3455 4596 5818
4596 3455 5818
5818 3455 4596
20229 3572 18346
18346 3572 20229
3572 18346 20229
17170 10094 17815
17815 10094 17170
10094 17170 17815
6909 22452 29530
22452 6909 29530
29530 6909 22452
18583 1817 14215
1817 14215 18583
14215 1817 18583
23183 10242 14234
10242 14234 23183
14234 10242 23183
24969 534 24903
534 24903 24969
24903 534 24969
18257 16642 25076
16642 18257 25076
25076 16642 18257
3808 12886 27613
12886 3808 27613
27613 3808 12886
29061 1867 18135
18135 1867 29061
1867 18135 29061
15529 26535 28072
28072 15529 26535
26535 15529 28072
19538 3130 26497
3130 19538 26497
26497 3130 19538
11978 7170 15747
15747 7170 11978
7170 11978 15747
9699 15793 21088
15793 9699 21088
21088 9699 15793
10811 1094 20640
20640 1094 10811
1094 10811 20640
3789 4312 27168
4312 3789 27168
27168 3789 4312
18747 13597 23848
13597 18747 23848
23848 13597 18747
21790 3387 29754
29754 3387 21790
3387 21790 29754
2659 15145 29885
29885 2659 15145
15145 2659 29885
887 11125 11770
11770 887 11125
11125 887 11770
17463 4288 19944
4288 17463 19944
19944 4288 17463
3882 8309 18498
18498 3882 8309
8309 3882 18498
28921 25259 25644
25644 25259 28921
25259 25644 28921
27527 247 7486
247 7486 27527
7486 247 27527
6936 13441 26028
13441 6936 26028
26028 6936 13441
25223 18433 27966
18433 25223 27966
27966 18433 25223
8383 14005 15152
15152 8383 14005
14005 8383 15152
15424 10861 27041
10861 15424 27041
27041 10861 15424
13747 5688 16108
5688 13747 16108
16108 5688 13747
20744 2768 24498
24498 2768 20744
2768 20744 24498
7579 875 25384
25384 875 7579
875 7579 25384
260 17627 23598
17627 260 23598
23598 260 17627
26227 6916 9882
6916 9882 26227
9882 6916 26227
9772 7232 28221
7232 9772 28221
28221 7232 9772
17275 14318 19797
14318 17275 19797
19797 14318 17275
8516 27025 27609
27609 8516 27025
27025 8516 27609
28975 5312 14289
5312 14289 28975
14289 5312 28975
228 5009 16870
5009 228 16870
16870 228 5009
28267 20914 24905
24905 20914 28267
20914 24905 28267
2410 5885 29325
5885 2410 29325
29325 2410 5885
28845 18365 21093
21093 18365 28845
18365 21093 28845
27145 3391 24443
24443 3391 27145
3391 24443 27145
6176 5433 27020
27020 5433 6176
5433 6176 27020
21747 2902 14311
2902 14311 21747
14311 2902 21747
4043 36 2689
36 2689 4043
2689 36 4043
17600 4371 26203
26203 4371 17600
4371 17600 26203
21268 6821 29041
6821 21268 29041
29041 6821 21268
16218 20373 27524
27524 16218 20373
20373 16218 27524
7376 5910 10527
5910 7376 10527
10527 5910 7376
17314 5372 11665
11665 5372 17314
5372 11665 17314
1030 1690 9488
1690 1030 9488
9488 1030 1690
15907 20600 23690
20600 15907 23690
23690 15907 20600
27522 11194 28661
28661 11194 27522
11194 27522 28661
15131 7439 24428
7439 15131 24428
24428 7439 15131
28314 23273 28212
23273 28212 28314
28212 23273 28314
24758 18758 26871
26871 18758 24758
18758 24758 26871
18425 20134 22437
22437 18425 20134
20134 18425 22437
16283 1615 21819
21819 1615 16283
1615 16283 21819
18008 11931 27805
27805 11931 18008
11931 18008 27805
13405 666 18856
666 13405 18856
18856 666 13405
23801 8855 17145
17145 8855 23801
8855 17145 23801
26529 10255 12597
10255 12597 26529
12597 10255 26529
26852 91 2810
91 2810 26852
2810 91 26852
20539 22671 29359
29359 20539 22671
22671 20539 29359
20888 11610 27560
27560 11610 20888
11610 20888 27560
4780 15773 22825
15773 4780 22825
22825 4780 15773
15882 17381 28504
28504 15882 17381
17381 15882 28504
25536 1375 26331
26331 1375 25536
1375 25536 26331
8906 13140 18429
18429 8906 13140
13140 8906 18429
29485 14694 23724
14694 23724 29485
23724 14694 29485
16829 3837 25169
25169 3837 16829
3837 16829 25169
12089 17829 23394
23394 12089 17829
17829 12089 23394
15778 11869 22223
11869 15778 22223
22223 11869 15778
481 12255 21831
12255 481 21831
21831 481 12255
11349 12975 20103
20103 11349 12975
12975 11349 20103
26616 10488 14363
14363 10488 26616
10488 14363 26616
4727 8935 20292
8935 4727 20292
20292 4727 8935
17142 2539 4260
2539 4260 17142
4260 2539 17142
4677 12794 21528
12794 4677 21528
21528 4677 12794
24003 3349 24827
24827 3349 24003
3349 24003 24827
21742 23883 26451
26451 21742 23883
23883 21742 26451
26569 5508 22866
22866 5508 26569
5508 22866 26569
19560 5765 28023
5765 19560 28023
28023 5765 19560
26101 7879 13054
13054 7879 26101
7879 13054 26101
2561 12473 14471
12473 2561 14471
14471 2561 12473
29237 2853 12087
12087 2853 29237
2853 12087 29237
3101 653 21369
653 3101 21369
21369 653 3101
7088 19917 22521
22521 7088 19917
19917 7088 22521
6999 5163 17320
5163 6999 17320
17320 5163 6999
13020 1975 23405
23405 1975 13020
1975 13020 23405
9533 12934 21040
21040 9533 12934
12934 9533 21040
10227 9088 17817
9088 10227 17817
17817 9088 10227
6377 20095 26838
26838 6377 20095
20095 6377 26838
4161 18719 29289
18719 4161 29289
29289 4161 18719
27596 12748 16825
16825 12748 27596
12748 16825 27596
25323 6424 12297
12297 6424 25323
6424 12297 25323
29143 11625 27580
11625 27580 29143
27580 11625 29143
3452 2408 12287
2408 3452 12287
12287 2408 3452
10104 20595 29800
29800 10104 20595
20595 10104 29800
23679 6139 12853
6139 12853 23679
12853 6139 23679
16235 413 11082
413 11082 16235
11082 413 16235
5711 364 22648
22648 364 5711
364 5711 22648
21425 23777 27429
23777 21425 27429
27429 21425 23777
20163 18279 19790
19790 18279 20163
18279 19790 20163
4851 12757 19583
12757 4851 19583
19583 4851 12757
21652 4855 6626
4855 6626 21652
6626 4855 21652
23638 12497 24911
24911 12497 23638
12497 23638 24911
21516 5512 11006
11006 5512 21516
5512 11006 21516
17492 28738 28908
28738 17492 28908
28908 17492 28738
2571 24804 26639
24804 2571 26639
26639 2571 24804
26976 5347 21041
5347 21041 26976
21041 5347 26976
21377 6283 28864
6283 21377 28864
28864 6283 21377
473 25813 26500
26500 473 25813
25813 473 26500
17309 8128 21536
8128 17309 21536
21536 8128 17309
25258 200 19851
200 19851 25258
19851 200 25258
24510 2361 20153
2361 20153 24510
20153 2361 24510
25392 10220 25985
10220 25392 25985
25985 10220 25392
18867 23509 27454
27454 18867 23509
23509 18867 27454
20181 12292 19699
19699 12292 20181
12292 19699 20181
4306 6393 11652
11652 4306 6393
6393 4306 11652
17880 3325 25614
3325 17880 25614
25614 3325 17880
25387 9628 16081
9628 16081 25387
16081 9628 25387
3241 13009 18975
13009 3241 18975
18975 3241 13009
16600 2171 6148
2171 6148 16600
6148 2171 16600
4794 5701 8389
5701 4794 8389
8389 4794 5701
10892 10964 23807
10964 10892 23807
23807 10892 10964
23198 8995 28051
8995 23198 28051
28051 8995 23198
26162 2754 29727
2754 26162 29727
29727 2754 26162
29080 1033 5504
1033 5504 29080
5504 1033 29080
10382 16244 19408
19408 10382 16244
16244 10382 19408
11972 6866 10495
10495 6866 11972
6866 10495 11972
8874 1783 5990
1783 5990 8874
5990 1783 8874
16641 4763 18668
18668 4763 16641
4763 16641 18668
2413 4674 5965
5965 2413 4674
4674 2413 5965
16259 14031 28477
14031 16259 28477
28477 14031 16259
14452 2645 27353
2645 14452 27353
27353 2645 14452
11316 467 18677
18677 467 11316
467 11316 18677
10143 5088 10695
5088 10143 10695
10695 5088 10143
28090 934 3544
934 3544 28090
3544 934 28090
10075 18790 23337
23337 10075 18790
18790 10075 23337
20906 7607 14200
14200 7607 20906
7607 14200 20906
25661 7198 11769
11769 7198 25661
7198 11769 25661
25284 14339 19296
19296 14339 25284
14339 19296 25284
11670 2822 19289
19289 2822 11670
2822 11670 19289
12808 15765 23667
23667 12808 15765
15765 12808 23667
24466 21801 24912
24912 21801 24466
21801 24466 24912
17016 6385 14687
6385 14687 17016
14687 6385 17016
19306 14686 20464
14686 19306 20464
20464 14686 19306
24490 2012 22931
22931 2012 24490
2012 22931 24490
6341 3243 22695
3243 6341 22695
22695 3243 6341
20198 1146 6089
6089 1146 20198
1146 6089 20198
19526 18981 24535
24535 18981 19526
18981 19526 24535
27591 12185 18322
12185 18322 27591
18322 12185 27591
23227 10886 27419
10886 23227 27419
27419 10886 23227
23036 9733 17247
17247 9733 23036
9733 17247 23036
20089 21709 28421
28421 20089 21709
21709 20089 28421
10625 7387 27592
27592 7387 10625
7387 10625 27592
4686 1495 27012
1495 4686 27012
27012 1495 4686
558 2590 27308
2590 558 27308
27308 558 2590
18710 2350 5635
2350 5635 18710
5635 2350 18710
7408 3300 7923
7923 3300 7408
3300 7408 7923
28315 12906 18324
18324 12906 28315
12906 18324 28315
13916 3777 9474
3777 9474 13916
9474 3777 13916
1279 7212 16475
16475 1279 7212
7212 1279 16475
6594 11734 18025
18025 6594 11734
11734 6594 18025
9531 22547 26215
22547 9531 26215
26215 9531 22547
8755 814 4233
814 4233 8755
4233 814 8755
18276 3515 8838
8838 3515 18276
3515 8838 18276
18238 12727 17116
17116 12727 18238
12727 17116 18238
5118 19776 22639
22639 5118 19776
19776 5118 22639
17030 11402 29719
29719 11402 17030
11402 17030 29719
14152 7236 25892
7236 14152 25892
25892 7236 14152
27101 2636 6886
6886 2636 27101
2636 6886 27101
9236 17250 20311
20311 9236 17250
17250 9236 20311
3503 6399 10169
6399 3503 10169
10169 3503 6399
10891 14476 24895
14476 10891 24895
24895 10891 14476
479 3481 18173
18173 479 3481
3481 479 18173
14432 14832 21249
14832 14432 21249
21249 14432 14832
17040 3371 9709
3371 9709 17040
9709 3371 17040
5033 2051 4243
2051 4243 5033
4243 2051 5033
20751 6076 12789
12789 6076 20751
6076 12789 20751
7178 10387 24620
10387 7178 24620
24620 7178 10387
26377 5284 15683
15683 5284 26377
5284 15683 26377
20704 9167 15933
15933 9167 20704
9167 15933 20704
10432 16713 20217
16713 10432 20217
20217 10432 16713
4115 8391 22855
22855 4115 8391
8391 4115 22855
17103 12857 23131
23131 12857 17103
12857 17103 23131
8686 2020 4395
2020 4395 8686
4395 2020 8686
27804 26496 29707
29707 26496 27804
26496 27804 29707
15308 19715 20208
19715 15308 20208
20208 15308 19715
5099 7194 8092
7194 5099 8092
8092 5099 7194
1358 22602 23358
22602 1358 23358
23358 1358 22602
17569 6196 9603
9603 6196 17569
6196 9603 17569
2405 13438 18585
13438 2405 18585
18585 2405 13438
602 23604 29091
23604 602 29091
29091 602 23604
2260 7197 13920
7197 2260 13920
13920 2260 7197
18228 15143 28046
28046 15143 18228
15143 18228 28046
1319 21166 23669
23669 1319 21166
21166 1319 23669
22400 19325 25940
19325 22400 25940
25940 19325 22400
27450 16693 26498
26498 16693 27450
16693 26498 27450
99 1198 9607
9607 99 1198
1198 99 9607
1500 3370 9991
3370 1500 9991
9991 1500 3370
4898 6966 29962
29962 4898 6966
6966 4898 29962
7203 9229 10805
9229 7203 10805
10805 7203 9229
24049 10556 10572
10572 10556 24049
10556 10572 24049
24365 3613 26012
26012 3613 24365
3613 24365 26012
5979 14854 18385
14854 5979 18385
18385 5979 14854
382 4598 28510
28510 382 4598
4598 382 28510
10878 25346 26064
26064 10878 25346
25346 10878 26064
5028 5659 25923
5659 5028 25923
25923 5028 5659
779 6040 8087
6040 779 8087
8087 779 6040
29554 28033 28575
28033 28575 29554
28575 28033 29554
3219 372 6418
6418 372 3219
372 3219 6418
19650 15125 22101
15125 19650 22101
22101 15125 19650
3863 18584 18928
18928 3863 18584
18584 3863 18928
21868 27047 29418
29418 21868 27047
27047 21868 29418
1483 18250 26094
26094 1483 18250
18250 1483 26094
11572 846 12139
12139 846 11572
846 11572 12139
16804 12577 21351
21351 12577 16804
12577 16804 21351
11950 6616 12932
12932 6616 11950
6616 11950 12932
3188 19518 20462
19518 3188 20462
20462 3188 19518
20709 3095 10866
10866 3095 20709
3095 10866 20709
5054 8167 20386
8167 5054 20386
20386 5054 8167
5727 3462 27242
27242 3462 5727
3462 5727 27242
1570 11685 25705
25705 1570 11685
11685 1570 25705
4268 13526 23804
13526 4268 23804
23804 4268 13526
2429 2600 19799
2600 2429 19799
19799 2429 2600
19661 11837 18404
18404 11837 19661
11837 18404 19661
23089 7541 15077
15077 7541 23089
7541 15077 23089
15448 16322 20832
16322 15448 20832
20832 15448 16322
1384 16836 28214
28214 1384 16836
16836 1384 28214
2623 22343 25302
22343 2623 25302
25302 2623 22343
924 10345 12321
10345 924 12321
12321 924 10345
29771 17370 20703
20703 17370 29771
17370 20703 29771
29093 4883 9383
4883 9383 29093
9383 4883 29093
13729 25481 29180
25481 13729 29180
29180 13729 25481
5918 24851 25540
24851 5918 25540
25540 5918 24851
15667 6398 21527
6398 15667 21527
21527 6398 15667
19844 8403 13999
13999 8403 19844
8403 13999 19844
25467 5059 10230
5059 10230 25467
10230 5059 25467
21943 9750 16658
16658 9750 21943
9750 16658 21943
4131 11083 15987
15987 4131 11083
11083 4131 15987
20086 19884 26974
19884 20086 26974
26974 19884 20086
8573 10930 21365
21365 8573 10930
10930 8573 21365
16656 6908 9616
6908 9616 16656
9616 6908 16656
20010 23629 25992
23629 20010 25992
25992 20010 23629
25419 10072 24359
10072 24359 25419
24359 10072 25419
27758 12642 27925
12642 27758 27925
27925 12642 27758
3744 11352 13017
11352 3744 13017
13017 3744 11352
21368 153 5753
5753 153 21368
153 5753 21368
29513 6327 7002
6327 7002 29513
7002 6327 29513
21121 1312 28053
1312 21121 28053
28053 1312 21121
3835 19800 28389
19800 3835 28389
28389 3835 19800
21721 8095 21242
8095 21242 21721
21242 8095 21721
15807 16380 21622
21622 15807 16380
16380 15807 21622
22841 14341 17889
17889 14341 22841
14341 17889 22841
9526 22084 25300
22084 9526 25300
25300 9526 22084
15646 18023 27366
18023 15646 27366
27366 15646 18023
22064 5762 27494
27494 5762 22064
5762 22064 27494
23697 7770 11134
11134 7770 23697
7770 11134 23697
24591 13160 15835
13160 15835 24591
15835 13160 24591
22854 3793 12434
3793 12434 22854
12434 3793 22854
15833 23289 29920
29920 15833 23289
23289 15833 29920
27233 11514 19961
19961 11514 27233
11514 19961 27233
3559 5909 20427
5909 3559 20427
20427 3559 5909
16467 13759 23019
23019 13759 16467
13759 16467 23019
8832 9398 23240
23240 8832 9398
9398 8832 23240
21024 18587 27185
18587 21024 27185
27185 18587 21024
527 10132 21332
10132 527 21332
21332 527 10132
20422 7555 17826
17826 7555 20422
7555 17826 20422
17928 24170 29203
29203 17928 24170
24170 17928 29203
5942 18706 29686
29686 5942 18706
18706 5942 29686
26309 15054 20708
20708 15054 26309
15054 20708 26309
20425 10755 27345
10755 20425 27345
27345 10755 20425
11325 2961 27153
2961 11325 27153
27153 2961 11325
3935 16012 20502
16012 3935 20502
20502 3935 16012
20965 7909 25759
7909 20965 25759
25759 7909 20965
5265 15874 28096
28096 5265 15874
15874 5265 28096
12393 343 12616
12616 343 12393
343 12393 12616
2197 20818 29344
20818 2197 29344
29344 2197 20818
21293 2585 28551
2585 21293 28551
28551 2585 21293
28364 1724 19727
19727 1724 28364
1724 19727 28364
16819 1937 16247
1937 16247 16819
16247 1937 16819
14690 9464 14796
9464 14690 14796
14796 9464 14690
1612 10501 17455
17455 1612 10501
10501 1612 17455
7225 20550 25171
20550 7225 25171
25171 7225 20550
2226 1673 1936
1936 1673 2226
1673 1936 2226
1591 14103 23333
23333 1591 14103
14103 1591 23333
712 2210 13256
13256 712 2210
2210 712 13256
29550 4705 27680
4705 27680 29550
27680 4705 29550
29480 22923 28701
28701 22923 29480
22923 28701 29480
7233 10560 27725
10560 7233 27725
27725 7233 10560
22631 7723 16407
7723 16407 22631
16407 7723 22631
12896 2003 19344
2003 12896 19344
19344 2003 12896
29286 2221 16907
16907 2221 29286
2221 16907 29286
10817 5807 22285
5807 10817 22285
22285 5807 10817
6849 5941 29690
29690 5941 6849
5941 6849 29690
16422 1716 4478
4478 1716 16422
1716 4478 16422
12865 18424 22199
18424 12865 22199
