839 692 853
853 692 839
692 839 853
1292 96 553
96 553 1292
553 96 1292
2989 1711 2181
2181 1711 2989
1711 2181 2989
559 1032 2097
2097 559 1032
1032 559 2097
1583 809 2130
2130 809 1583
809 1583 2130
1027 771 886
886 771 1027
771 886 1027
2087 768 1158
768 1158 2087
1158 768 2087
1326 460 1392
460 1326 1392
1392 460 1326
1717 193 1108
1108 193 1717
193 1108 1717
66 735 2681
2681 66 735
735 66 2681
213 519 2047
519 213 2047
2047 213 519
2612 214 562
562 214 2612
214 562 2612
441 352 2023
352 441 2023
2023 352 441
361 199 540
540 199 361
199 361 540
2775 1737 2118
2118 1737 2775
1737 2118 2775
429 2849 2906
2906 429 2849
2849 429 2906
238 480 2785
480 238 2785
2785 238 480
2688 1067 1626
1626 1067 2688
1067 1626 2688
2513 1391 1518
1518 1391 2513
1391 1518 2513
2759 1910 2436
2436 1910 2759
1910 2436 2759
1410 1337 2274
1337 1410 2274
2274 1337 1410
2170 1317 2306
1317 2170 2306
2306 1317 2170
727 767 1413
767 727 1413
1413 727 767
2720 1095 2549
2549 1095 2720
1095 2549 2720
2190 615 1316
615 1316 2190
1316 615 2190
525 550 2786
2786 525 550
550 525 2786
1393 1947 2583
1947 1393 2583
2583 1393 1947
58 2935 2968
2968 58 2935
2935 58 2968
1441 583 1775
583 1441 1775
1775 583 1441
515 51 2923
2923 51 515
51 515 2923
2841 523 2046
2046 523 2841
523 2046 2841
1366 2459 2831
2459 1366 2831
2831 1366 2459
2846 1689 1945
1689 1945 2846
1945 1689 2846
1646 1106 2448
1106 1646 2448
2448 1106 1646
2220 176 1904
176 1904 2220
1904 176 2220
2538 285 2529
2529 285 2538
285 2529 2538
2663 836 2337
836 2337 2663
2337 836 2663
2822 1464 1966
1464 1966 2822
1966 1464 2822
1586 1405 1858
1858 1405 1586
1405 1586 1858
2481 1465 1742
1742 1465 2481
1465 1742 2481
351 911 1714
1714 351 911
911 351 1714
2986 414 1938
414 1938 2986
1938 414 2986
1516 2797 2972
2797 1516 2972
2972 1516 2797
769 482 1550
1550 482 769
482 769 1550
2561 1250 2204
1250 2204 2561
2204 1250 2561
1218 1249 2300
1249 1218 2300
2300 1218 1249
1577 2025 2707
2707 1577 2025
2025 1577 2707
282 3 1537
1537 3 282
3 282 1537
1753 1984 2635
1984 1753 2635
2635 1753 1984
1724 493 2179
493 1724 2179
2179 493 1724
1860 468 822
822 468 1860
468 822 1860
1057 256 1593
1593 256 1057
256 1057 1593
422 1293 2277
2277 422 1293
1293 422 2277
1056 381 1310
1310 381 1056
381 1056 1310
1996 1725 1804
1725 1804 1996
1804 1725 1996
1394 451 1551
451 1394 1551
1551 451 1394
997 2012 2388
2012 997 2388
2388 997 2012
1133 840 2914
2914 840 1133
840 1133 2914
1043 276 1023
276 1023 1043
1023 276 1043
1019 330 2926
330 1019 2926
2926 330 1019
2073 1491 1729
1729 1491 2073
1491 1729 2073
2963 2247 2932
2247 2932 2963
2932 2247 2963
1268 485 885
885 485 1268
485 885 1268
250 117 672
117 250 672
672 117 250
173 980 2363
2363 173 980
980 173 2363
2310 471 2051
2051 471 2310
471 2051 2310
2372 1616 2773
1616 2372 2773
2773 1616 2372
1369 475 2493
2493 475 1369
475 1369 2493
209 383 2618
383 209 2618
2618 209 383
1449 2346 2876
2876 1449 2346
2346 1449 2876
153 1185 1706
1185 153 1706
1706 153 1185
1261 2544 2960
2960 1261 2544
2544 1261 2960
2297 15 187
187 15 2297
15 187 2297
370 782 2066
2066 370 782
782 370 2066
122 1149 2695
1149 122 2695
2695 122 1149
689 2942 2959
2942 689 2959
2959 689 2942
2952 86 1590
86 1590 2952
1590 86 2952
4 803 1683
1683 4 803
803 4 1683
1161 726 2268
2268 726 1161
726 1161 2268
2050 1084 2634
2634 1084 2050
1084 2050 2634
258 416 2295
2295 258 416
416 258 2295
2393 465 1989
1989 465 2393
465 1989 2393
2340 965 2512
2512 965 2340
965 2340 2512
2662 1397 2868
2868 1397 2662
1397 2662 2868
2356 1206 1530
1206 1530 2356
1530 1206 2356
1347 2026 2415
2026 1347 2415
2415 1347 2026
2970 1892 2956
1892 2956 2970
2956 1892 2970
2101 685 1814
1814 685 2101
685 1814 2101
1569 261 2461
2461 261 1569
261 1569 2461
2199 1618 2582
2582 1618 2199
1618 2199 2582
2863 731 927
927 731 2863
731 927 2863
897 72 476
476 72 897
72 476 897
2674 1906 2188
2188 1906 2674
1906 2188 2674
552 8 2007
2007 8 552
8 552 2007
2782 902 2598
902 2598 2782
2598 902 2782
2999 725 2714
2714 725 2999
725 2714 2999
1694 915 1937
915 1694 1937
1937 915 1694
109 998 2623
998 109 2623
2623 109 998
2094 691 2243
2243 691 2094
691 2094 2243
1049 695 1980
1980 695 1049
695 1049 1980
1047 794 1969
794 1047 1969
1969 794 1047
304 377 2276
2276 304 377
377 304 2276
711 10 2475
2475 10 711
10 711 2475
1762 1703 2554
2554 1703 1762
1703 1762 2554
437 1823 2558
1823 437 2558
2558 437 1823
1489 143 2434
2434 143 1489
143 1489 2434
832 1327 1884
1327 832 1884
1884 832 1327
1312 928 1514
1514 928 1312
928 1312 1514
1208 161 428
428 161 1208
161 428 1208
1096 1118 2369
1118 1096 2369
2369 1096 1118
2361 518 620
620 518 2361
518 620 2361
580 589 1089
589 580 1089
1089 580 589
2123 1437 2074
1437 2074 2123
2074 1437 2123
2547 1058 2916
2916 1058 2547
1058 2547 2916
1909 202 1878
1878 202 1909
202 1878 1909
1859 178 2200
2200 178 1859
178 1859 2200
2709 1565 2545
1565 2545 2709
2545 1565 2709
481 932 1438
1438 481 932
932 481 1438
1254 384 1664
1664 384 1254
384 1254 1664
1932 307 2495
2495 307 1932
307 1932 2495
584 2632 2732
2632 584 2732
2732 584 2632
2366 1563 2284
2284 1563 2366
1563 2284 2366
353 26 2779
2779 26 353
26 353 2779
1560 912 1825
912 1560 1825
1825 912 1560
1780 785 2829
785 1780 2829
2829 785 1780
2658 1338 2040
2040 1338 2658
1338 2040 2658
537 949 2350
2350 537 949
949 537 2350
1838 69 2010
69 1838 2010
2010 69 1838
1795 577 1739
1739 577 1795
577 1739 1795
777 517 1822
517 777 1822
1822 517 777
1688 534 2449
2449 534 1688
534 1688 2449
929 120 2724
120 929 2724
2724 120 929
1428 404 1052
1052 404 1428
404 1052 1428
1594 2061 2548
2548 1594 2061
2061 1594 2548
1298 1114 2871
2871 1114 1298
1114 1298 2871
68 222 1874
1874 68 222
222 68 1874
57 2256 2497
2256 57 2497
2497 57 2256
1007 1642 1789
1789 1007 1642
1642 1007 1789
2937 41 1851
1851 41 2937
41 1851 2937
1759 38 1749
1749 38 1759
38 1749 1759
2370 182 2213
182 2213 2370
2213 182 2370
2546 472 2433
472 2433 2546
2433 472 2546
396 634 2978
634 396 2978
2978 396 634
1670 1963 2734
1963 1670 2734
2734 1670 1963
1414 2600 2616
2616 1414 2600
2600 1414 2616
1245 811 1472
811 1245 1472
1472 811 1245
1663 1354 2505
1354 1663 2505
2505 1354 1663
399 1411 2416
1411 399 2416
2416 399 1411
602 31 1685
31 602 1685
1685 31 602
2440 2002 2615
2002 2440 2615
2615 2002 2440
393 849 2206
2206 393 849
849 393 2206
343 455 2319
2319 343 455
455 343 2319
131 1690 2987
1690 131 2987
2987 131 1690
940 180 1812
1812 180 940
180 940 1812
2228 293 2983
293 2228 2983
2983 293 2228
2578 313 968
313 968 2578
968 313 2578
1390 1902 2664
2664 1390 1902
1902 1390 2664
67 98 2240
98 67 2240
2240 67 98
919 91 2085
2085 91 919
91 919 2085
2020 94 2824
94 2020 2824
2824 94 2020
2848 996 2938
2938 996 2848
996 2848 2938
1479 574 1003
574 1003 1479
1003 574 1479
2832 210 1474
1474 210 2832
210 1474 2832
2060 463 1010
463 1010 2060
1010 463 2060
2455 2357 2706
2357 2455 2706
2706 2357 2455
1105 633 1601
1601 633 1105
633 1105 1601
499 1634 2862
2862 499 1634
1634 499 2862
149 1070 2576
2576 149 1070
1070 149 2576
1727 110 717
110 717 1727
717 110 1727
1831 2719 2893
2719 1831 2893
2893 1831 2719
420 40 321
321 40 420
40 321 420
2158 1733 2325
2325 1733 2158
1733 2158 2325
1709 74 1376
1376 74 1709
74 1376 1709
2608 614 1622
614 1622 2608
1622 614 2608
1654 434 2021
434 1654 2021
2021 434 1654
2769 1475 2692
2692 1475 2769
1475 2692 2769
298 578 2767
2767 298 578
578 298 2767
231 860 1861
1861 231 860
860 231 1861
1152 274 1355
1355 274 1152
274 1152 1355
1123 798 1377
1377 798 1123
798 1123 1377
1223 1202 2278
2278 1202 1223
1202 1223 2278
549 791 2465
791 549 2465
2465 549 791
1843 657 1509
657 1509 1843
1509 657 1843
1777 778 2492
778 1777 2492
2492 778 1777
2014 753 2217
2217 753 2014
753 2014 2217
1585 233 2006
233 1585 2006
2006 233 1585
1300 184 272
272 184 1300
184 272 1300
2232 2053 2939
2053 2232 2939
2939 2053 2232
1078 1307 2850
2850 1078 1307
1307 1078 2850
660 1444 2417
2417 660 1444
1444 660 2417
567 1553 2854
2854 567 1553
1553 567 2854
831 1412 2479
1412 831 2479
2479 831 1412
1824 530 1718
530 1718 1824
1718 530 1824
2830 673 1000
1000 673 2830
673 1000 2830
1210 477 1684
1684 477 1210
477 1210 1684
2326 999 2519
2519 999 2326
999 2326 2519
1782 1248 2861
1248 1782 2861
2861 1248 1782
2476 2049 2234
2049 2234 2476
2234 2049 2476
2174 1498 2559
2559 1498 2174
1498 2174 2559
45 316 649
316 45 649
649 45 316
856 1951 2080
2080 856 1951
1951 856 2080
665 431 629
431 629 665
629 431 665
1810 835 2758
835 1810 2758
2758 835 1810
2309 1603 2540
1603 2309 2540
2540 1603 2309
427 637 1920
637 427 1920
1920 427 637
266 724 2710
724 266 2710
2710 266 724
263 2735 2870
2735 263 2870
2870 263 2735
1639 790 795
795 790 1639
790 795 1639
944 1956 2304
1956 944 2304
2304 944 1956
1082 358 2954
358 1082 2954
2954 358 1082
2641 958 1828
1828 958 2641
958 1828 2641
2727 733 2382
733 2382 2727
2382 733 2727
1852 1562 2395
2395 1562 1852
1562 1852 2395
2292 115 1661
115 1661 2292
1661 115 2292
2442 1839 2567
1839 2442 2567
2567 1839 2442
1099 1641 1903
1903 1099 1641
1641 1099 1903
2860 1555 1572
1572 1555 2860
1555 1572 2860
1826 1359 2712
1359 1826 2712
2712 1359 1826
1077 713 1667
1667 713 1077
713 1077 1667
1311 1870 2656
2656 1311 1870
1870 1311 2656
2110 542 923
923 542 2110
542 923 2110
2099 1117 1578
1117 1578 2099
1578 1117 2099
2001 866 2673
866 2001 2673
2673 866 2001
995 2062 2355
2062 995 2355
2355 995 2062
2737 194 1113
194 1113 2737
1113 194 2737
2069 1274 1297
1274 1297 2069
1297 1274 2069
845 197 1595
1595 197 845
197 845 1595
1284 772 1792
772 1284 1792
1792 772 1284
1050 1048 2930
1048 1050 2930
2930 1048 1050
954 1781 2996
1781 954 2996
2996 954 1781
2796 1764 2091
1764 2091 2796
2091 1764 2796
1309 2273 2842
2273 1309 2842
2842 1309 2273
2135 2499 2644
2644 2135 2499
2499 2135 2644
1686 981 1766
1766 981 1686
981 1686 1766
890 2196 2574
2574 890 2196
2196 890 2574
1009 1710 2439
1710 1009 2439
2439 1009 1710
2602 73 2229
73 2229 2602
2229 73 2602
2418 1399 2079
2079 1399 2418
1399 2079 2418
1901 548 1535
548 1535 1901
1535 548 1901
828 544 2690
544 828 2690
2690 544 828
2565 367 579
367 579 2565
579 367 2565
2789 1329 1621
1329 1621 2789
1621 1329 2789
737 218 1085
1085 218 737
218 737 1085
2833 121 1785
1785 121 2833
121 1785 2833
1895 457 1308
457 1308 1895
1308 457 1895
2072 179 2976
179 2072 2976
2976 179 2072
1786 955 2368
2368 955 1786
955 1786 2368
2384 268 1819
268 1819 2384
1819 268 2384
1815 163 2975
2975 163 1815
163 1815 2975
2205 254 2032
254 2032 2205
2032 254 2205
1404 444 2696
444 1404 2696
2696 444 1404
2419 1304 2121
2121 1304 2419
1304 2121 2419
1751 613 2898
613 1751 2898
2898 613 1751
2427 1588 2208
1588 2208 2427
2208 1588 2427
1942 1658 2141
1658 1942 2141
2141 1658 1942
56 1617 1953
1617 56 1953
1953 56 1617
2070 97 446
446 97 2070
97 446 2070
331 762 2271
2271 331 762
762 331 2271
1098 1882 2886
1882 1098 2886
2886 1098 1882
1222 1126 1276
1126 1222 1276
1276 1126 1222
808 1520 2613
1520 808 2613
2613 808 1520
2997 745 1079
1079 745 2997
745 1079 2997
252 237 868
237 252 868
868 237 252
628 487 1528
487 628 1528
1528 487 628
1651 1314 1335
1314 1335 1651
1335 1314 1651
2263 443 1872
443 1872 2263
1872 443 2263
484 378 1625
1625 378 484
378 484 1625
24 450 2611
2611 24 450
450 24 2611
1295 747 1973
1973 747 1295
747 1295 1973
618 227 1607
1607 227 618
227 618 1607
2255 2660 2760
2660 2255 2760
2760 2255 2660
2496 684 1702
684 1702 2496
1702 684 2496
2249 551 2745
551 2249 2745
2745 551 2249
1865 819 2030
2030 819 1865
819 1865 2030
1624 1080 2071
1080 1624 2071
2071 1080 1624
1062 1146 2568
2568 1062 1146
1146 1062 2568
2508 413 2140
413 2140 2508
2140 413 2508
2254 2084 2715
2715 2084 2254
2084 2254 2715
300 606 1066
1066 300 606
606 300 1066
2106 1361 1371
1371 1361 2106
1361 1371 2106
1045 896 1889
1889 896 1045
896 1045 1889
532 1619 1649
1619 532 1649
1649 532 1619
1548 1247 2858
1247 1548 2858
2858 1247 1548
609 564 1485
564 609 1485
1485 564 609
1290 1757 2982
1757 1290 2982
2982 1290 1757
1344 1083 1796
1083 1344 1796
1796 1083 1344
432 1931 2082
2082 432 1931
1931 432 2082
297 1196 1960
1960 297 1196
1196 297 1960
1534 168 1364
1364 168 1534
168 1364 1534
756 1517 2308
2308 756 1517
1517 756 2308
403 132 1199
132 403 1199
1199 132 403
2464 951 2447
951 2447 2464
2447 951 2464
90 848 1992
1992 90 848
848 90 1992
520 1673 2178
2178 520 1673
1673 520 2178
642 573 1121
1121 573 642
573 642 1121
1184 392 1912
392 1184 1912
1912 392 1184
195 385 862
385 195 862
862 195 385
646 1962 2486
2486 646 1962
1962 646 2486
2670 491 2410
491 2410 2670
2410 491 2670
2005 407 1348
407 1348 2005
1348 407 2005
1226 2376 2828
2828 1226 2376
2376 1226 2828
2437 1191 2837
2837 1191 2437
1191 2437 2837
1422 838 2792
838 1422 2792
2792 838 1422
729 1255 1450
1450 729 1255
1255 729 1450
1042 1916 2270
2270 1042 1916
1916 1042 2270
2604 50 1876
50 1876 2604
1876 50 2604
2945 1561 2065
1561 2065 2945
2065 1561 2945
212 1495 1587
1587 212 1495
1495 212 1587
2318 2093 2955
2093 2318 2955
2955 2093 2318
60 466 1502
466 60 1502
1502 60 466
2705 1235 2231
2231 1235 2705
1235 2231 2705
1695 2351 2365
2365 1695 2351
2351 1695 2365
1189 854 2210
854 1189 2210
2210 854 1189
987 2039 2146
2146 987 2039
2039 987 2146
76 1837 2979
2979 76 1837
1837 76 2979
800 1242 1799
1799 800 1242
1242 800 1799
810 1976 2689
2689 810 1976
1976 810 2689
373 204 1692
1692 204 373
204 373 1692
243 1164 1788
1164 243 1788
1788 243 1164
43 608 1494
1494 43 608
608 43 1494
1035 690 1271
690 1035 1271
1271 690 1035
2895 916 2172
2172 916 2895
916 2172 2895
2 698 1635
1635 2 698
698 2 1635
144 1952 2716
1952 144 2716
2716 144 1952
1125 1180 1652
1652 1125 1180
1180 1125 1652
1722 1687 1998
1998 1687 1722
1687 1722 1998
1752 521 1492
521 1492 1752
1492 521 1752
2048 1024 2015
1024 2015 2048
2015 1024 2048
2645 436 1154
1154 436 2645
436 1154 2645
2817 167 1423
1423 167 2817
167 1423 2817
554 2182 2407
2407 554 2182
2182 554 2407
2470 317 512
512 317 2470
317 512 2470
171 2360 2921
2921 171 2360
2360 171 2921
2260 1671 2405
1671 2260 2405
2405 1671 2260
2063 341 1212
1212 341 2063
341 1212 2063
1088 156 2730
2730 156 1088
156 1088 2730
982 342 1743
342 982 1743
1743 342 982
2259 394 1132
1132 394 2259
394 1132 2259
2550 406 823
406 823 2550
823 406 2550
1178 1197 1280
1197 1178 1280
1280 1178 1197
2115 654 2034
2034 654 2115
654 2034 2115
2835 2331 2768
2768 2331 2835
2331 2768 2835
627 1545 2242
1545 627 2242
2242 627 1545
894 1954 2035
2035 894 1954
1954 894 2035
2648 1443 1487
1443 1487 2648
1487 1443 2648
2484 824 2314
824 2314 2484
2314 824 2484
709 541 1205
1205 541 709
541 709 1205
1187 1265 1288
1288 1187 1265
1265 1187 1288
1705 1608 2238
1608 1705 2238
2238 1608 1705
742 1818 2927
2927 742 1818
1818 742 2927
2176 601 662
662 601 2176
601 662 2176
312 1322 1341
1322 312 1341
1341 312 1322
87 46 2523
46 87 2523
2523 46 87
674 2031 2402
2031 674 2402
2402 674 2031
2169 216 841
216 841 2169
841 216 2169
2024 80 1429
80 1429 2024
1429 80 2024
1510 150 1612
150 1510 1612
1612 150 1510
1183 933 2167
933 1183 2167
2167 933 1183
1211 1797 2704
2704 1211 1797
1797 1211 2704
2225 2649 2813
2813 2225 2649
2649 2225 2813
1213 1446 2132
1446 1213 2132
2132 1213 1446
2431 299 1589
299 1589 2431
1589 299 2431
568 248 1063
1063 248 568
248 568 1063
2122 326 991
326 991 2122
991 326 2122
1175 715 2533
715 1175 2533
2533 715 1175
2812 2630 2639
2639 2630 2812
2630 2639 2812
185 925 1278
1278 185 925
925 185 1278
262 1628 2324
1628 262 2324
2324 262 1628
1740 203 1143
203 1143 1740
1143 203 1740
668 6 2077
6 668 2077
2077 6 668
2016 1074 2413
2413 1074 2016
1074 2016 2413
2974 363 2826
363 2826 2974
2826 363 2974
2397 569 2339
2339 569 2397
569 2339 2397
779 714 1620
714 779 1620
1620 714 779
458 1457 1850
1457 458 1850
1850 458 1457
2607 2264 2302
2264 2302 2607
2302 2264 2607
1964 1721 2627
1721 1964 2627
2627 1721 1964
547 719 2116
2116 547 719
719 547 2116
1776 346 1803
1803 346 1776
346 1776 1803
2668 22 324
22 324 2668
324 22 2668
2328 374 879
374 879 2328
879 374 2328
906 273 1148
273 906 1148
1148 273 906
42 103 2067
2067 42 103
103 42 2067
1993 1219 2882
1219 1993 2882
2882 1219 1993
806 438 2336
2336 438 806
438 806 2336
1731 111 1660
1660 111 1731
111 1660 1731
2380 652 2202
2202 652 2380
652 2202 2380
2697 1990 2150
2150 1990 2697
1990 2150 2697
2755 181 2788
2788 181 2755
181 2755 2788
2120 526 2889
2889 526 2120
526 2120 2889
1368 164 224
164 224 1368
224 164 1368
653 39 2597
2597 39 653
39 653 2597
2853 1204 2557
1204 2557 2853
2557 1204 2853
1064 1848 2856
1848 1064 2856
2856 1064 1848
1439 364 2594
2594 364 1439
364 1439 2594
2966 670 2216
670 2216 2966
2216 670 2966
506 972 1787
972 506 1787
1787 506 972
2092 28 1100
28 1100 2092
1100 28 2092
1900 160 707
707 160 1900
160 707 1900
2144 1675 2912
1675 2144 2912
2912 1675 2144
36 1194 1521
1194 36 1521
1521 36 1194
2250 349 1328
1328 349 2250
349 1328 2250
433 2409 2717
2717 433 2409
2409 433 2717
419 710 1949
1949 419 710
710 419 1949
2524 1342 1596
1596 1342 2524
1342 1596 2524
288 1236 2506
2506 288 1236
1236 288 2506
1459 251 1291
1291 251 1459
251 1291 1459
626 718 1834
718 626 1834
1834 626 718
228 260 2636
260 228 2636
2636 228 260
1598 12 1497
1497 12 1598
12 1497 1598
2637 1805 2949
1805 2637 2949
2949 1805 2637
2348 901 978
901 978 2348
978 901 2348
287 2925 2951
2951 287 2925
2925 287 2951
1650 1496 2027
2027 1496 1650
1496 1650 2027
1352 440 1353
440 1352 1353
1353 440 1352
2995 1552 1614
1614 1552 2995
1552 1614 2995
1653 141 1511
141 1511 1653
1511 141 1653
1919 1493 2089
1493 1919 2089
2089 1493 1919
830 2541 2859
2541 830 2859
2859 830 2541
2781 847 2000
847 2000 2781
2000 847 2781
64 786 1941
786 64 1941
1941 64 786
308 198 1547
198 308 1547
1547 198 308
2521 704 1638
1638 704 2521
704 1638 2521
511 1473 1929
1473 511 1929
1929 511 1473
1896 2321 2772
2321 1896 2772
2772 1896 2321
2992 1802 1856
1802 1856 2992
1856 1802 2992
765 528 1811
1811 528 765
528 765 1811
2571 1527 2587
1527 2571 2587
2587 1527 2571
1237 1476 2736
2736 1237 1476
1476 1237 2736
1488 490 2791
2791 490 1488
490 1488 2791
1575 355 961
961 355 1575
355 961 1575
281 802 1451
802 281 1451
1451 281 802
2570 754 1435
1435 754 2570
754 1435 2570
1130 2522 2874
2522 1130 2874
2874 1130 2522
2556 174 2659
2659 174 2556
174 2556 2659
1515 918 2391
918 1515 2391
2391 918 1515
658 1190 1558
1190 658 1558
1558 658 1190
20 873 2161
2161 20 873
873 20 2161
1524 2114 2761
2761 1524 2114
2114 1524 2761
2579 1933 2148
1933 2148 2579
2148 1933 2579
1971 610 2801
610 1971 2801
2801 610 1971
623 631 2124
2124 623 631
631 623 2124
2883 279 2917
2917 279 2883
279 2883 2917
205 2322 2472
2472 205 2322
2322 205 2472
127 108 2809
108 127 2809
2809 108 127
2723 345 1468
345 1468 2723
1468 345 2723
2147 1055 2267
1055 2147 2267
2267 1055 2147
1807 888 2235
2235 888 1807
888 1807 2235
2536 1611 2866
2866 1611 2536
1611 2536 2866
1004 2444 2502
2502 1004 2444
2444 1004 2502
29 1507 2787
1507 29 2787
2787 29 1507
721 560 1403
560 721 1403
1403 560 721
1566 1564 2317
1564 1566 2317
2317 1564 1566
1817 9 712
712 9 1817
9 712 1817
1305 1713 2474
1713 1305 2474
2474 1305 1713
494 1012 2390
1012 494 2390
2390 494 1012
635 93 1231
93 635 1231
1231 93 635
2525 119 442
442 119 2525
119 442 2525
354 1266 2739
1266 354 2739
2739 354 1266
1645 140 1252
1252 140 1645
140 1252 1645
1017 974 1648
1648 974 1017
974 1017 1648
2305 333 1965
1965 333 2305
333 1965 2305
2183 371 2177
2177 371 2183
371 2177 2183
1750 797 2628
2628 797 1750
797 1750 2628
2112 1262 1501
1262 1501 2112
1501 1262 2112
2265 1060 2096
1060 2096 2265
2096 1060 2265
1343 744 2344
744 1343 2344
2344 744 1343
2327 625 1038
1038 625 2327
625 1038 2327
2364 1940 2884
2884 1940 2364
1940 2364 2884
846 348 1897
1897 348 846
348 846 1897
872 397 1259
1259 397 872
397 872 1259
945 1445 2626
1445 945 2626
2626 945 1445
159 1453 1827
1827 159 1453
1453 159 1827
2286 2530 2957
2530 2286 2957
2957 2286 2530
738 206 2173
2173 206 738
206 738 2173
200 1539 2423
2423 200 1539
1539 200 2423
937 1244 2280
1244 937 2280
2280 937 1244
1431 699 827
699 827 1431
827 699 1431
1574 1677 2209
2209 1574 1677
1677 1574 2209
1924 1370 1384
1384 1370 1924
1370 1384 1924
189 186 992
186 189 992
992 186 189
1568 387 2332
387 1568 2332
2332 387 1568
1499 234 366
234 366 1499
366 234 1499
592 1044 2477
2477 592 1044
1044 592 2477
1693 1289 2553
1289 1693 2553
2553 1289 1693
2584 676 2398
2398 676 2584
676 2398 2584
2701 774 1523
1523 774 2701
774 1523 2701
604 2462 2657
2657 604 2462
2462 604 2657
913 2131 2359
2131 913 2359
2359 913 2131
1918 19 356
356 19 1918
19 356 1918
1849 922 1174
922 1174 1849
1174 922 1849
2633 1416 2517
2517 1416 2633
1416 2517 2633
799 1939 1948
1939 799 1948
1948 799 1939
2537 907 2330
907 2330 2537
2330 907 2537
993 301 1232
301 993 1232
1232 301 993
1110 1005 1898
1005 1110 1898
1898 1005 1110
1668 49 398
49 398 1668
398 49 1668
2311 663 2562
2562 663 2311
663 2311 2562
764 2443 2965
2965 764 2443
2443 764 2965
1927 679 2335
679 1927 2335
2335 679 1927
1120 2017 2894
2894 1120 2017
2017 1120 2894
2193 855 2741
855 2193 2741
2741 855 2193
105 1159 1240
1240 105 1159
1159 105 1240
1228 92 1544
1544 92 1228
92 1228 1544
44 2572 2731
2731 44 2572
2572 44 2731
37 435 2241
2241 37 435
435 37 2241
1173 736 970
736 970 1173
970 736 1173
62 644 2980
2980 62 644
644 62 2980
221 83 1930
83 221 1930
1930 83 221
812 114 701
701 114 812
114 701 812
1124 2163 2334
2334 1124 2163
2163 1124 2334
2371 2290 2802
2290 2371 2802
2802 2290 2371
2750 586 2236
2236 586 2750
586 2236 2750
1442 1682 2452
2452 1442 1682
1682 1442 2452
703 2468 2774
2774 703 2468
2468 703 2774
1765 2221 2892
2221 1765 2892
2892 1765 2221
1774 253 1914
253 1774 1914
1914 253 1774
761 295 571
571 295 761
295 571 761
750 350 507
350 507 750
507 350 750
2934 501 502
501 502 2934
502 501 2934
2990 2194 2748
2748 2194 2990
2194 2748 2990
101 524 1483
1483 101 524
524 101 1483
2687 390 2055
2055 390 2687
390 2055 2687
2821 395 858
395 858 2821
858 395 2821
2490 1041 1773
1773 1041 2490
1041 1773 2490
1156 1609 2103
2103 1156 1609
1609 1156 2103
220 408 2251
2251 220 408
408 220 2251
1490 226 2068
226 1490 2068
2068 226 1490
914 2105 2834
2834 914 2105
2105 914 2834
2401 1200 1286
1286 1200 2401
1200 1286 2401
576 1605 2585
2585 576 1605
1605 576 2585
696 1141 1170
1170 696 1141
1141 696 1170
1504 1855 2575
2575 1504 1855
1855 1504 2575
2650 1434 2563
1434 2563 2650
2563 1434 2650
1081 1251 2446
2446 1081 1251
1251 1081 2446
2844 743 1767
1767 743 2844
743 1767 2844
1150 1296 1944
1296 1150 1944
1944 1150 1296
323 2569 2778
2569 323 2778
2778 323 2569
1094 766 1389
766 1094 1389
1389 766 1094
296 2387 2827
2827 296 2387
2387 296 2827
2458 1772 2998
2998 1772 2458
1772 2458 2998
2679 402 1525
1525 402 2679
402 1525 2679
1840 275 1071
275 1071 1840
1071 275 1840
2466 456 1264
1264 456 2466
456 1264 2466
329 486 2909
2909 329 486
486 329 2909
814 388 946
388 814 946
946 388 814
2810 1701 1921
1921 1701 2810
1701 1921 2810
2406 166 2008
166 2008 2406
2008 166 2406
619 1167 2307
1167 619 2307
2307 619 1167
1999 129 1801
1801 129 1999
129 1801 1999
640 740 1272
740 640 1272
1272 640 740
2877 1140 2303
1140 2303 2877
2303 1140 2877
1302 483 659
483 659 1302
659 483 1302
391 2609 2783
2783 391 2609
2609 391 2783
239 2139 2564
2564 239 2139
2139 239 2564
2624 1934 2631
2631 1934 2624
1934 2624 2631
2279 533 1864
1864 533 2279
533 1864 2279
7 1680 1816
1680 7 1816
1816 7 1680
565 871 2301
2301 565 871
871 565 2301
2036 1549 1556
1556 1549 2036
1549 1556 2036
1367 462 805
805 462 1367
462 805 1367
1886 1021 2617
1021 1886 2617
2617 1021 1886
1360 88 134
88 134 1360
134 88 1360
2518 449 833
449 833 2518
833 449 2518
1287 1636 2494
2494 1287 1636
1636 1287 2494
2890 259 2971
259 2890 2971
2971 259 2890
1926 318 2566
318 1926 2566
2566 318 1926
1907 1436 2109
2109 1436 1907
1436 1907 2109
1054 900 1570
1570 900 1054
900 1054 1570
409 305 1554
1554 305 409
305 409 1554
249 332 1383
1383 249 332
332 249 1383
2283 880 2857
880 2283 2857
2857 880 2283
931 500 2511
500 931 2511
2511 500 931
2498 829 1470
1470 829 2498
829 1470 2498
1424 979 2189
979 1424 2189
2189 979 1424
2619 188 2218
2218 188 2619
188 2218 2619
192 1915 2378
1915 192 2378
2378 192 1915
334 79 2341
79 334 2341
2341 79 334
903 219 1092
1092 219 903
219 903 1092
1991 1227 1303
1227 1303 1991
1303 1227 1991
2414 587 2790
2790 587 2414
587 2414 2790
2186 941 1440
941 1440 2186
1440 941 2186
2373 2042 2460
2042 2373 2460
2460 2042 2373
2924 728 2473
728 2473 2924
2473 728 2924
1841 2454 2509
2454 1841 2509
2509 1841 2454
1606 1400 2694
1400 1606 2694
2694 1400 1606
789 683 2090
683 789 2090
2090 683 789
1372 2799 2948
2799 1372 2948
2948 1372 2799
430 597 2203
2203 430 597
597 430 2203
875 1107 1542
1107 875 1542
1542 875 1107
1053 1363 2551
2551 1053 1363
1363 1053 2551
2581 116 2851
116 2581 2851
2851 116 2581
964 1398 2195
1398 964 2195
2195 964 1398
1541 53 139
53 139 1541
139 53 1541
2887 1957 2599
2599 1957 2887
1957 2599 2887
2555 581 1576
581 1576 2555
1576 581 2555
582 1144 2903
2903 582 1144
1144 582 2903
588 1873 1880
1873 588 1880
1880 588 1873
230 1469 2019
2019 230 1469
1469 230 2019
784 1778 2629
2629 784 1778
1778 784 2629
479 474 1974
1974 474 479
474 479 1974
1533 328 2784
2784 328 1533
328 1533 2784
924 5 865
5 865 924
865 5 924
1139 2098 2222
2222 1139 2098
2098 1139 2222
2738 539 780
539 780 2738
780 539 2738
2503 1279 2794
2794 1279 2503
1279 2503 2794
1631 126 454
454 126 1631
126 454 1631
2669 284 2399
284 2399 2669
2399 284 2669
1195 874 895
874 895 1195
895 874 1195
2725 682 2165
2165 682 2725
682 2165 2725
2100 1863 2958
2958 1863 2100
1863 2100 2958
675 289 2520
289 675 2520
2520 289 675
277 1659 2143
2143 277 1659
1659 277 2143
112 510 2349
510 112 2349
2349 112 510
2875 2453 2770
2770 2453 2875
2453 2770 2875
2776 1538 2441
2441 1538 2776
1538 2441 2776
1830 1137 2526
2526 1137 1830
1137 1830 2526
1452 899 1610
899 1452 1610
1610 899 1452
338 489 732
732 338 489
489 338 732
755 1756 2389
2389 755 1756
1756 755 2389
1911 2806 2913
2913 1911 2806
2806 1911 2913
2539 360 739
739 360 2539
360 739 2539
130 95 1112
1112 95 130
95 130 1112
2671 1097 2291
2291 1097 2671
1097 2291 2671
1478 2253 2480
2480 1478 2253
2253 1478 2480
555 1031 1188
1188 555 1031
1031 555 1188
1111 1522 2819
1522 1111 2819
2819 1111 1522
2081 1432 2904
1432 2081 2904
2904 1432 2081
496 232 1708
232 496 1708
1708 232 496
1820 655 1928
655 1820 1928
1928 655 1820
492 1734 2275
2275 492 1734
1734 492 2275
1997 681 2289
2289 681 1997
681 1997 2289
113 1030 2157
1030 113 2157
2157 113 1030
2293 1340 2757
1340 2293 2757
2757 1340 2293
1243 1466 2793
1466 1243 2793
2793 1243 1466
1011 693 1925
693 1011 1925
1925 693 1011
2751 107 2149
107 2149 2751
2149 107 2751
723 1065 2491
2491 723 1065
1065 723 2491
2450 247 1198
1198 247 2450
247 1198 2450
2610 497 2981
2981 497 2610
497 2610 2981
857 2323 2408
2323 857 2408
2408 857 2323
2713 966 2104
966 2104 2713
2104 966 2713
661 1128 2429
2429 661 1128
1128 661 2429
1894 1172 1790
1790 1172 1894
1172 1790 1894
2977 648 2973
648 2973 2977
2973 648 2977
1592 983 1069
983 1069 1592
1069 983 1592
347 877 2500
877 347 2500
2500 347 877
382 123 2038
2038 123 382
123 382 2038
1748 1346 2764
2764 1346 1748
1346 1748 2764
172 2003 2899
2003 172 2899
2899 172 2003
1877 1075 1800
1800 1075 1877
1075 1800 1877
706 1214 2244
1214 706 2244
2244 706 1214
1201 335 2936
2936 335 1201
335 1201 2936
820 1068 2988
2988 820 1068
1068 820 2988
1229 2168 2749
2168 1229 2749
2749 1229 2168
2881 336 1093
1093 336 2881
336 1093 2881
2451 2041 2083
2083 2041 2451
2041 2083 2451
677 1151 2166
2166 677 1151
1151 677 2166
2033 558 2342
2342 558 2033
558 2033 2342
2595 412 1408
1408 412 2595
412 1408 2595
2573 1979 2353
2353 1979 2573
1979 2353 2573
1333 1239 1388
1388 1239 1333
1239 1333 1388
2722 135 748
748 135 2722
135 748 2722
926 1015 1169
1169 926 1015
1015 926 1169
1455 136 984
984 136 1455
136 984 1455
617 1145 2534
1145 617 2534
2534 617 1145
1961 1669 2780
2780 1669 1961
1669 1961 2780
1087 1358 1599
1358 1087 1599
1599 1087 1358
527 2162 2677
2677 527 2162
2162 527 2677
1783 536 1037
1037 536 1783
536 1037 1783
1707 425 2947
425 1707 2947
2947 425 1707
152 722 1401
1401 152 722
722 152 1401
647 2214 2666
2214 647 2666
2666 647 2214
2708 1025 2412
1025 2412 2708
2412 1025 2708
359 1407 1950
1407 359 1950
1950 359 1407
2117 686 2964
686 2117 2964
2964 686 2117
645 612 2424
612 645 2424
2424 612 645
1256 1260 2287
1260 1256 2287
2287 1256 1260
2543 680 1699
680 1699 2543
1699 680 2543
730 1779 2700
2700 730 1779
1779 730 2700
421 1532 2338
1532 421 2338
2338 421 1532
825 1994 2605
1994 825 2605
2605 825 1994
503 2137 2855
2137 503 2855
2855 503 2137
1655 1881 2428
1881 1655 2428
2428 1655 1881
776 973 2197
973 776 2197
2197 776 973
2900 423 2501
423 2501 2900
2501 423 2900
2672 146 1879
1879 146 2672
146 1879 2672
2946 869 1835
869 1835 2946
1835 869 2946
2969 616 2478
616 2478 2969
2478 616 2969
566 1579 2018
2018 566 1579
1579 566 2018
2950 594 1409
1409 594 2950
594 1409 2950
2022 1382 2531
1382 2022 2531
2531 1382 2022
322 563 1883
563 322 1883
1883 322 563
2941 763 1246
763 1246 2941
1246 763 2941
1013 801 1155
1155 801 1013
801 1013 1155
2347 842 1836
1836 842 2347
842 1836 2347
375 851 1029
851 375 1029
1029 375 851
1833 280 2836
280 1833 2836
2836 280 1833
2107 169 1157
1157 169 2107
169 1157 2107
2127 1678 2683
1678 2127 2683
2683 1678 2127
1319 1028 1313
1313 1028 1319
1028 1313 1319
1529 1275 2151
2151 1275 1529
1275 1529 2151
2375 1736 2967
2967 1736 2375
1736 2375 2967
1001 196 514
196 514 1001
514 196 1001
1700 943 2457
943 1700 2457
2457 943 1700
2164 165 411
165 411 2164
411 165 2164
2058 291 962
291 962 2058
962 291 2058
389 1253 2676
2676 389 1253
1253 389 2676
2839 990 1741
1741 990 2839
990 1741 2839
1481 137 1002
137 1002 1481
1002 137 1481
950 1334 2426
2426 950 1334
1334 950 2426
1417 379 508
379 508 1417
508 379 1417
2693 557 2159
2159 557 2693
557 2159 2693
2345 1193 2354
2354 1193 2345
1193 2345 2354
2840 99 538
99 538 2840
538 99 2840
315 145 796
796 145 315
145 315 796
920 1022 1536
1022 920 1536
1536 920 1022
418 1315 1744
1315 418 1744
1744 418 1315
2606 148 1339
1339 148 2606
148 1339 2606
448 1970 2261
1970 448 2261
2261 448 1970
1543 1480 2383
2383 1480 1543
1480 1543 2383
1935 106 157
106 157 1935
157 106 1935
1142 1018 1967
1967 1018 1142
1018 1142 1967
651 133 1809
1809 133 651
133 651 1809
1867 1138 1975
1138 1867 1975
1975 1138 1867
1182 1006 2343
2343 1006 1182
1006 1182 2343
2771 821 2918
821 2771 2918
2918 821 2771
705 622 2865
622 705 2865
2865 622 705
2489 1854 2625
2625 1854 2489
1854 2489 2625
319 935 2816
2816 319 935
935 319 2816
47 621 1238
621 47 1238
1238 47 621
1719 154 2922
2922 154 1719
154 1719 2922
667 522 746
522 667 746
746 522 667
1345 2126 2911
2126 1345 2911
2911 1345 2126
2528 1020 2013
2013 1020 2528
1020 2013 2528
1402 749 2011
749 1402 2011
2011 749 1402
461 2258 2411
2258 461 2411
2411 461 2258
1091 807 2879
807 1091 2879
2879 807 1091
734 1868 2795
2795 734 1868
1868 734 2795
1181 720 2818
2818 720 1181
720 1181 2818
2652 2108 2873
2108 2652 2873
2873 2108 2652
975 1986 2811
2811 975 1986
1986 975 2811
2192 1281 1330
1330 1281 2192
1281 1330 2192
2269 639 2885
639 2269 2885
2885 639 2269
2901 1505 2285
2285 1505 2901
1505 2285 2901
1691 54 2944
2944 54 1691
54 1691 2944
2718 1821 2056
2056 1821 2718
1821 2056 2718
241 286 410
286 241 410
410 241 286
63 884 2588
2588 63 884
884 63 2588
2392 1331 1712
1712 1331 2392
1331 1712 2392
2872 952 1728
1728 952 2872
952 1728 2872
837 1519 2134
1519 837 2134
2134 837 1519
666 357 2920
357 666 2920
2920 357 666
543 71 478
478 71 543
71 478 543
2400 1458 1869
1458 1869 2400
1869 1458 2400
1559 656 994
994 656 1559
656 994 1559
783 2125 2507
2125 783 2507
2507 783 2125
1891 473 2358
473 1891 2358
2358 473 1891
128 1637 2586
1637 128 2586
2586 128 1637
1115 1171 1426
1171 1115 1426
1426 1115 1171
386 643 1362
643 386 1362
1362 386 643
2155 1758 1761
1758 1761 2155
1761 1758 2155
2515 793 1216
793 1216 2515
1216 793 2515
585 759 2684
759 585 2684
2684 585 759
598 1026 1899
1899 598 1026
1026 598 1899
1299 255 1526
1526 255 1299
255 1299 1526
948 294 1769
1769 294 948
294 948 1769
2171 2591 2699
2591 2171 2699
2699 2171 2591
2765 269 453
453 269 2765
269 453 2765
2703 417 2686
2686 417 2703
417 2686 2703
969 892 939
939 892 969
892 939 969
217 327 1072
327 217 1072
1072 217 327
1387 852 2651
2651 852 1387
852 1387 2651
2156 861 1177
861 1177 2156
1177 861 2156
844 1425 1887
1425 844 1887
1887 844 1425
82 1922 2374
1922 82 2374
2374 82 1922
2044 1283 2272
1283 2044 2272
2272 1283 2044
1602 1629 2516
2516 1602 1629
1629 1602 2516
191 1768 2653
2653 191 1768
1768 191 2653
1233 1016 1597
1016 1233 1597
1597 1016 1233
816 151 1584
1584 151 816
151 816 1584
2064 48 590
48 590 2064
590 48 2064
2432 867 1471
1471 867 2432
867 1471 2432
2248 52 158
52 158 2248
158 52 2248
337 930 1102
1102 337 930
930 337 1102
240 257 2329
257 240 2329
2329 240 257
2245 546 1378
546 1378 2245
1378 546 2245
1613 2154 2185
2154 1613 2185
2185 1613 2154
2655 757 2425
2425 757 2655
757 2425 2655
2798 142 1122
142 1122 2798
1122 142 2798
2820 1356 2907
1356 2820 2907
2907 1356 2820
1972 339 1746
1746 339 1972
339 1746 1972
2747 1623 2029
1623 2029 2747
2029 1623 2747
989 1076 1936
1076 989 1936
1936 989 1076
2838 2367 2940
2940 2367 2838
2367 2838 2940
891 1 1791
1 891 1791
1791 1 891
2237 17 3000
17 2237 3000
3000 17 2237
376 2420 2910
2420 376 2910
2910 376 2420
1893 572 1580
572 1580 1893
1580 572 1893
138 1784 1866
1784 138 1866
1866 138 1784
1813 1395 1567
1395 1567 1813
1567 1395 1813
2113 1679 2483
1679 2113 2483
2483 1679 2113
2601 694 1735
694 1735 2601
1735 694 2601
2560 953 1666
1666 953 2560
953 1666 2560
2880 1033 2299
2299 1033 2880
1033 2299 2880
2933 607 1978
1978 607 2933
607 1978 2933
910 669 1420
669 910 1420
1420 669 910
1672 303 883
883 303 1672
303 883 1672
2102 2386 2640
2640 2102 2386
2386 2102 2640
2421 2296 2621
2621 2296 2421
2296 2421 2621
2929 1747 2086
2086 1747 2929
1747 2086 2929
75 2740 2905
2740 75 2905
2905 75 2740
2152 362 1982
362 1982 2152
1982 362 2152
16 1217 2075
1217 16 2075
2075 16 1217
2379 1720 2577
2577 1720 2379
1720 2379 2577
1163 2804 2931
2804 1163 2931
2931 1163 2804
1061 1862 1913
1913 1061 1862
1862 1061 1913
1503 2298 2642
2642 1503 2298
2298 1503 2642
2045 1220 2153
1220 2045 2153
2153 1220 2045
834 452 2145
2145 452 834
452 834 2145
2215 23 2961
23 2215 2961
2961 23 2215
302 1657 2180
2180 302 1657
1657 302 2180
630 1421 2230
1421 630 2230
2230 630 1421
271 908 2580
908 271 2580
2580 271 908
1698 1697 1847
1847 1697 1698
1697 1698 1847
1160 81 1513
1513 81 1160
81 1160 1513
1482 638 1754
638 1482 1754
1754 638 1482
921 372 603
372 603 921
603 372 921
2282 340 1282
1282 340 2282
340 1282 2282
1135 1318 2160
2160 1135 1318
1318 1135 2160
988 1633 2762
2762 988 1633
1633 988 2762
265 290 1600
290 265 1600
1600 265 290
2991 687 1427
687 1427 2991
1427 687 2991
2487 1109 1456
1109 1456 2487
1456 1109 2487
2088 405 1968
1968 405 2088
405 1968 2088
1857 1730 1832
1730 1832 1857
1832 1730 1857
1430 641 1186
1186 641 1430
641 1186 1430
1917 509 1798
509 1798 1917
1798 509 1917
1086 716 751
751 716 1086
716 751 1086
242 2262 2320
2262 242 2320
2320 242 2262
1147 2252 2685
2252 1147 2685
2685 1147 2252
985 2467 2682
2682 985 2467
2467 985 2682
1484 788 1285
788 1285 1484
1285 788 1484
2246 976 1806
976 1806 2246
1806 976 2246
2808 25 770
770 25 2808
25 770 2808
688 504 1008
1008 504 688
504 688 1008
1176 741 971
741 971 1176
971 741 1176
2129 1448 2752
1448 2129 2752
2752 1448 2129
2753 18 365
18 365 2753
365 18 2753
1715 223 2896
223 1715 2896
2896 223 1715
1365 320 2843
320 1365 2843
2843 320 1365
314 1224 2201
2201 314 1224
1224 314 2201
1955 1040 1349
1040 1349 1955
1349 1040 1955
596 1640 2777
1640 596 2777
2777 596 1640
244 956 1853
956 244 1853
1853 244 956
2136 967 1351
1351 967 2136
967 1351 2136
561 702 1046
702 561 1046
1046 561 702
1988 1845 2823
2823 1845 1988
1845 1988 2823
2721 1116 1396
1116 1396 2721
1396 1116 2721
2665 2076 2198
2198 2076 2665
2076 2198 2665
664 876 2438
2438 664 876
876 664 2438
1983 804 1207
804 1207 1983
1207 804 1983
2175 1985 2993
2993 1985 2175
1985 2175 2993
65 1447 2675
2675 65 1447
1447 65 2675
781 887 1119
887 781 1119
1119 781 887
447 531 758
758 447 531
531 447 758
2133 1604 1923
1923 1604 2133
1604 1923 2133
2404 162 2614
2614 162 2404
162 2404 2614
878 467 2733
2733 467 878
467 878 2733
2227 1301 2815
1301 2227 2815
2815 1301 2227
1630 1385 1557
1385 1557 1630
1557 1385 1630
986 309 2435
309 986 2435
2435 309 986
1726 1101 2004
2004 1101 1726
1101 1726 2004
2430 401 2814
401 2430 2814
2814 401 2430
960 2394 2891
2394 960 2891
2891 960 2394
104 229 415
229 104 415
415 104 229
1763 102 1643
102 1643 1763
1643 102 1763
1760 2800 2807
2807 1760 2800
2800 1760 2807
2385 917 1373
917 1373 2385
1373 917 2385
147 2316 2638
2316 147 2638
2638 147 2316
2902 818 2377
2377 818 2902
818 2377 2902
1165 100 464
464 100 1165
100 464 1165
2746 1270 2294
1270 2294 2746
2294 1270 2746
1463 283 815
815 283 1463
283 815 1463
270 207 1615
207 270 1615
1615 207 270
2985 1793 1908
1793 1908 2985
1908 1793 2985
1745 2239 2742
2239 1745 2742
2742 1745 2239
775 1871 1885
1871 775 1885
1885 775 1871
124 1665 2847
1665 124 2847
2847 124 1665
2052 1336 2463
2463 1336 2052
1336 2052 2463
1959 599 2654
599 1959 2654
2654 599 1959
936 859 2754
2754 859 936
859 936 2754
2962 1073 2908
2908 1073 2962
1073 2908 2962
424 611 2510
611 424 2510
2510 424 611
1321 1374 2403
