19321 4016 14315
4016 14315 19321
14315 4016 19321
13467 7091 16117
7091 13467 16117
16117 7091 13467
28033 5532 7555
5532 7555 28033
7555 5532 28033
1611 9888 29958
29958 1611 9888
9888 1611 29958
23166 1709 20166
1709 20166 23166
20166 1709 23166
14177 11884 21170
11884 14177 21170
21170 11884 14177
21433 15378 23072
23072 15378 21433
15378 21433 23072
29063 1574 12538
12538 1574 29063
1574 12538 29063
26381 22374 22982
22982 22374 26381
22374 22982 26381
15265 1341 27870
27870 1341 15265
1341 15265 27870
2625 10881 14643
10881 2625 14643
14643 2625 10881
18997 400 12102
400 12102 18997
12102 400 18997
28025 15221 17918
17918 15221 28025
15221 17918 28025
17270 17811 24808
24808 17270 17811
17811 17270 24808
1614 24084 27791
27791 1614 24084
24084 1614 27791
28026 7115 26221
26221 7115 28026
7115 26221 28026
22094 17886 22128
22128 17886 22094
17886 22094 22128
22840 8449 22929
8449 22840 22929
22929 8449 22840
16390 3607 10554
3607 10554 16390
10554 3607 16390
17587 14126 15792
14126 15792 17587
15792 14126 17587
2156 6870 8734
8734 2156 6870
6870 2156 8734
13414 12743 22207
22207 12743 13414
12743 13414 22207
19788 14593 16998
16998 14593 19788
14593 16998 19788
26917 1135 4017
4017 1135 26917
1135 4017 26917
22887 10109 27091
10109 22887 27091
27091 10109 22887
18585 620 20039
20039 620 18585
620 18585 20039
2681 1043 16420
1043 2681 16420
16420 1043 2681
27083 17844 27539
17844 27083 27539
27539 17844 27083
22232 1364 21831
21831 1364 22232
1364 21831 22232
3144 16592 18137
16592 3144 18137
18137 3144 16592
29448 21798 22916
22916 21798 29448
21798 22916 29448
22397 15705 20129
20129 15705 22397
15705 20129 22397
962 13018 17949
17949 962 13018
13018 962 17949
13982 5081 15147
15147 5081 13982
5081 13982 15147
16892 6606 17558
17558 6606 16892
6606 16892 17558
21945 25669 29777
29777 21945 25669
25669 21945 29777
14408 2529 22743
22743 2529 14408
2529 14408 22743
12035 15030 24133
24133 12035 15030
15030 12035 24133
15069 300 4244
300 4244 15069
4244 300 15069
24828 5157 23548
5157 23548 24828
23548 5157 24828
19472 24837 27837
24837 19472 27837
27837 19472 24837
2095 7137 20627
20627 2095 7137
7137 2095 20627
12997 4006 20814
20814 4006 12997
4006 12997 20814
10866 4640 29014
29014 4640 10866
4640 10866 29014
25670 7880 12779
12779 7880 25670
7880 12779 25670
18213 5902 29229
29229 5902 18213
5902 18213 29229
1893 2348 29306
29306 1893 2348
2348 1893 29306
12159 5112 10511
10511 5112 12159
5112 10511 12159
28596 7617 14081
7617 14081 28596
14081 7617 28596
13710 7324 8360
8360 7324 13710
7324 8360 13710
17415 14938 18776
14938 17415 18776
18776 14938 17415
2186 3907 25137
3907 2186 25137
25137 2186 3907
28356 768 17351
768 17351 28356
17351 768 28356
28601 3951 18590
3951 18590 28601
18590 3951 28601
7369 7243 8441
8441 7243 7369
7243 7369 8441
23841 7715 17233
7715 17233 23841
17233 7715 23841
22341 16688 25979
25979 16688 22341
16688 22341 25979
16139 5785 26506
26506 5785 16139
5785 16139 26506
12268 10893 25548
25548 10893 12268
10893 12268 25548
2202 19353 21159
21159 2202 19353
19353 2202 21159
13877 10166 12249
12249 10166 13877
10166 12249 13877
28085 11151 17674
11151 17674 28085
17674 11151 28085
14663 14065 19110
14065 14663 19110
19110 14065 14663
29114 27868 28764
27868 28764 29114
28764 27868 29114
56 5108 28514
5108 56 28514
28514 56 5108
7576 11715 15660
15660 7576 11715
11715 7576 15660
24590 8910 13193
8910 13193 24590
13193 8910 24590
14010 5550 18730
18730 5550 14010
5550 14010 18730
27898 8276 21625
8276 21625 27898
21625 8276 27898
16230 24078 26970
26970 16230 24078
24078 16230 26970
28098 12138 21480
12138 21480 28098
21480 12138 28098
11597 14154 16966
16966 11597 14154
14154 11597 16966
19758 4320 27755
4320 19758 27755
27755 4320 19758
9255 27554 29597
29597 9255 27554
27554 9255 29597
10760 4091 10298
10298 4091 10760
4091 10298 10760
27127 3545 25205
3545 25205 27127
25205 3545 27127
3964 9668 26993
26993 3964 9668
9668 3964 26993
3885 8219 16528
16528 3885 8219
8219 3885 16528
28363 14006 20971
14006 20971 28363
20971 14006 28363
25278 2061 13458
13458 2061 25278
2061 13458 25278
13099 9195 15945
9195 13099 15945
15945 9195 13099
23679 10176 18158
18158 10176 23679
10176 18158 23679
9996 33 12626
12626 33 9996
33 9996 12626
5600 13533 26845
26845 5600 13533
13533 5600 26845
24870 5791 12876
5791 12876 24870
12876 5791 24870
25494 7345 10909
10909 7345 25494
7345 10909 25494
6686 11429 27993
11429 6686 27993
27993 6686 11429
23515 20394 28053
28053 20394 23515
20394 23515 28053
24600 4005 28642
28642 4005 24600
4005 24600 28642
17727 23462 27339
27339 17727 23462
23462 17727 27339
16275 7872 29037
29037 7872 16275
7872 16275 29037
19505 3451 15652
3451 15652 19505
15652 3451 19505
3568 1110 8208
8208 1110 3568
1110 3568 8208
5548 1143 28359
28359 1143 5548
1143 5548 28359
21416 10858 20903
10858 20903 21416
20903 10858 21416
17494 693 24840
693 17494 24840
24840 693 17494
1543 15568 27635
27635 1543 15568
15568 1543 27635
23377 13743 26943
13743 23377 26943
26943 13743 23377
16546 5440 18024
18024 5440 16546
5440 16546 18024
11316 12416 27013
27013 11316 12416
12416 11316 27013
20739 1404 2168
1404 2168 20739
2168 1404 20739
16190 15521 19822
19822 15521 16190
15521 16190 19822
2488 17942 22835
22835 2488 17942
17942 2488 22835
26684 8846 28859
8846 26684 28859
28859 8846 26684
19238 13455 18234
13455 18234 19238
18234 13455 19238
13579 12392 15832
12392 13579 15832
15832 12392 13579
12952 7991 24934
24934 7991 12952
7991 12952 24934
18954 10698 27640
27640 10698 18954
10698 18954 27640
19764 5593 9124
5593 9124 19764
9124 5593 19764
20973 11357 18798
11357 18798 20973
18798 11357 20973
7674 16728 29663
16728 7674 29663
29663 7674 16728
22180 7866 11689
7866 11689 22180
11689 7866 22180
142 5231 19737
5231 142 19737
19737 142 5231
20419 12825 23946
23946 12825 20419
12825 20419 23946
21564 4840 4890
4840 4890 21564
4890 4840 21564
27374 3184 7166
7166 3184 27374
3184 7166 27374
28255 309 20987
20987 309 28255
309 20987 28255
12187 5884 21418
5884 12187 21418
21418 5884 12187
17033 23114 23150
23150 17033 23114
23114 17033 23150
25080 7660 19898
19898 7660 25080
7660 19898 25080
28663 9476 23091
23091 9476 28663
9476 23091 28663
13306 2077 4331
2077 4331 13306
4331 2077 13306
17230 2297 24432
2297 17230 24432
24432 2297 17230
19055 5523 26789
26789 5523 19055
5523 19055 26789
21102 7904 27861
27861 7904 21102
7904 21102 27861
17182 25716 27312
27312 17182 25716
25716 17182 27312
6025 22221 24029
22221 6025 24029
24029 6025 22221
211 6896 27639
6896 211 27639
27639 211 6896
4301 17843 20435
20435 4301 17843
17843 4301 20435
25451 49 26260
49 25451 26260
26260 49 25451
13402 11532 14273
14273 11532 13402
11532 13402 14273
15620 16144 19886
19886 15620 16144
16144 15620 19886
2040 4557 7616
4557 2040 7616
7616 2040 4557
28046 3975 24542
3975 24542 28046
24542 3975 28046
16744 1200 25557
25557 1200 16744
1200 16744 25557
19531 7683 12971
7683 12971 19531
12971 7683 19531
27474 2210 13828
13828 2210 27474
2210 13828 27474
23877 18100 23414
23414 18100 23877
18100 23414 23877
29539 12469 28018
28018 12469 29539
12469 28018 29539
5456 13716 16240
13716 5456 16240
16240 5456 13716
18212 10575 28953
10575 18212 28953
28953 10575 18212
7863 4605 28388
4605 7863 28388
28388 4605 7863
17389 11033 11855
11855 11033 17389
11033 11855 17389
13524 21297 26847
26847 13524 21297
21297 13524 26847
23246 8096 23942
8096 23246 23942
23942 8096 23246
11457 14787 20488
14787 11457 20488
20488 11457 14787
2955 7427 8066
7427 2955 8066
8066 2955 7427
6551 19487 23417
19487 6551 23417
23417 6551 19487
14471 2158 6724
6724 2158 14471
2158 6724 14471
6302 1021 2398
1021 2398 6302
2398 1021 6302
23691 13448 27303
27303 13448 23691
13448 23691 27303
16213 5223 15622
15622 5223 16213
5223 15622 16213
7935 922 14595
14595 922 7935
922 7935 14595
11441 459 2903
459 2903 11441
2903 459 11441
5403 6575 25510
6575 5403 25510
25510 5403 6575
43 2469 3333
3333 43 2469
2469 43 3333
10865 6334 27978
27978 6334 10865
6334 10865 27978
27968 15053 22932
15053 22932 27968
22932 15053 27968
10261 14792 19536
14792 10261 19536
19536 10261 14792
21200 13040 18149
13040 18149 21200
18149 13040 21200
2618 6082 21757
21757 2618 6082
6082 2618 21757
2814 9155 18687
18687 2814 9155
9155 2814 18687
18814 22636 22894
22894 18814 22636
22636 18814 22894
15035 4042 4572
4572 4042 15035
4042 4572 15035
17081 15416 21803
21803 15416 17081
15416 17081 21803
25660 25686 28813
25686 25660 28813
28813 25660 25686
21188 6775 17509
6775 17509 21188
17509 6775 21188
18909 295 2032
295 2032 18909
2032 295 18909
16712 14325 20830
20830 14325 16712
14325 16712 20830
5131 2072 19722
2072 5131 19722
19722 2072 5131
1126 7335 9794
9794 1126 7335
7335 1126 9794
494 11062 23254
11062 494 23254
23254 494 11062
16996 894 28032
28032 894 16996
894 16996 28032
1856 16129 20224
16129 1856 20224
20224 1856 16129
4407 14986 15570
15570 4407 14986
14986 4407 15570
762 11229 23385
11229 762 23385
23385 762 11229
17049 8979 15122
8979 15122 17049
15122 8979 17049
10248 6241 11343
6241 10248 11343
11343 6241 10248
3347 18449 20543
18449 3347 20543
20543 3347 18449
7619 596 9449
9449 596 7619
596 7619 9449
5061 8782 24909
8782 5061 24909
24909 5061 8782
17470 8941 26304
8941 17470 26304
26304 8941 17470
5543 7468 29613
7468 5543 29613
29613 5543 7468
29657 20284 22411
20284 22411 29657
22411 20284 29657
3993 1193 6360
6360 1193 3993
1193 3993 6360
11812 17704 29726
29726 11812 17704
17704 11812 29726
27759 19649 21974
21974 19649 27759
19649 21974 27759
19713 5507 29217
5507 19713 29217
29217 5507 19713
26574 2356 14120
14120 2356 26574
2356 14120 26574
22086 2472 11187
2472 11187 22086
11187 2472 22086
19231 14695 22540
14695 19231 22540
22540 14695 19231
10098 2018 5753
2018 5753 10098
5753 2018 10098
16591 13822 22974
22974 13822 16591
13822 16591 22974
19974 20643 27629
20643 19974 27629
27629 19974 20643
7098 10834 24641
24641 7098 10834
10834 7098 24641
8481 9095 24720
9095 8481 24720
24720 8481 9095
18899 5462 9730
9730 5462 18899
5462 9730 18899
29896 7390 13802
13802 7390 29896
7390 13802 29896
23909 1735 15519
1735 15519 23909
15519 1735 23909
22263 13054 20233
20233 13054 22263
13054 20233 22263
13002 17273 26929
26929 13002 17273
17273 13002 26929
21611 2774 13667
13667 2774 21611
2774 13667 21611
22283 19432 24710
24710 19432 22283
19432 22283 24710
4348 529 16450
529 4348 16450
16450 529 4348
26470 5641 27662
27662 5641 26470
5641 26470 27662
2385 18057 25005
25005 2385 18057
18057 2385 25005
12122 10333 20350
20350 10333 12122
10333 12122 20350
15036 21702 23683
23683 15036 21702
21702 15036 23683
3867 21001 24698
24698 3867 21001
21001 3867 24698
6134 4835 23034
4835 6134 23034
23034 4835 6134
2806 6231 23786
23786 2806 6231
6231 2806 23786
5556 5185 10187
5185 5556 10187
10187 5185 5556
6873 9670 18653
9670 6873 18653
18653 6873 9670
3825 7783 23728
23728 3825 7783
7783 3825 23728
26293 22699 26181
26181 22699 26293
22699 26181 26293
13516 19678 26761
19678 13516 26761
26761 13516 19678
17218 27555 28975
28975 17218 27555
27555 17218 28975
10208 1651 12205
12205 1651 10208
1651 10208 12205
17106 8952 29173
8952 17106 29173
29173 8952 17106
21843 6814 17282
6814 17282 21843
17282 6814 21843
6174 12765 17933
17933 6174 12765
12765 6174 17933
20241 2607 12752
2607 12752 20241
12752 2607 20241
19507 16837 22617
16837 19507 22617
22617 16837 19507
10638 6980 22390
6980 10638 22390
22390 6980 10638
12532 5095 5844
5844 5095 12532
5095 5844 12532
4595 4458 12038
4458 4595 12038
12038 4458 4595
16773 14959 18093
14959 16773 18093
18093 14959 16773
24981 15175 19875
19875 15175 24981
15175 19875 24981
7128 17046 24278
24278 7128 17046
17046 7128 24278
25807 6308 27665
6308 25807 27665
27665 6308 25807
29908 9104 17823
17823 9104 29908
9104 17823 29908
13009 18019 23324
23324 13009 18019
18019 13009 23324
22825 9901 25981
25981 9901 22825
9901 22825 25981
12252 13954 29020
29020 12252 13954
13954 12252 29020
23455 7120 20908
7120 20908 23455
20908 7120 23455
26600 4135 29265
4135 26600 29265
29265 4135 26600
22071 13150 14971
13150 14971 22071
14971 13150 22071
5464 7878 8469
7878 5464 8469
8469 5464 7878
4534 16421 17229
16421 4534 17229
17229 4534 16421
16781 22360 26133
22360 16781 26133
26133 16781 22360
24587 6248 13612
13612 6248 24587
6248 13612 24587
1849 4748 22935
22935 1849 4748
4748 1849 22935
2410 19402 24193
24193 2410 19402
19402 2410 24193
22023 1692 7846
1692 7846 22023
7846 1692 22023
22667 18691 20766
20766 18691 22667
18691 20766 22667
2571 4174 15895
4174 2571 15895
15895 2571 4174
11575 6806 23044
23044 6806 11575
6806 11575 23044
11090 2566 14689
2566 11090 14689
14689 2566 11090
29822 15498 19028
19028 15498 29822
15498 19028 29822
8084 10798 25216
25216 8084 10798
10798 8084 25216
9746 3770 15245
3770 9746 15245
15245 3770 9746
4259 8087 8101
8087 4259 8101
8101 4259 8087
12879 28576 29411
29411 12879 28576
28576 12879 29411
16325 7446 10028
7446 10028 16325
10028 7446 16325
19322 17228 17391
17391 17228 19322
17228 17391 19322
1727 21774 27567
21774 1727 27567
27567 1727 21774
16507 4617 19566
19566 4617 16507
4617 16507 19566
19100 3321 13415
13415 3321 19100
3321 13415 19100
29083 4360 10763
10763 4360 29083
4360 10763 29083
26182 20209 29031
29031 20209 26182
20209 26182 29031
2624 3327 28450
28450 2624 3327
3327 2624 28450
19101 2015 21006
21006 2015 19101
2015 19101 21006
6100 11377 17495
17495 6100 11377
11377 6100 17495
17956 599 19270
19270 599 17956
599 17956 19270
23972 3160 29248
3160 23972 29248
29248 3160 23972
24921 17037 17829
17037 17829 24921
17829 17037 24921
26723 9045 20029
9045 20029 26723
20029 9045 26723
363 19229 21203
21203 363 19229
19229 363 21203
13062 7347 16010
7347 13062 16010
16010 7347 13062
2922 1756 25168
25168 1756 2922
1756 2922 25168
11128 19548 28185
19548 11128 28185
28185 11128 19548
14879 6152 24065
24065 6152 14879
6152 14879 24065
17773 25972 29484
25972 17773 29484
29484 17773 25972
14628 1150 18760
18760 1150 14628
1150 14628 18760
13445 22457 27994
27994 13445 22457
22457 13445 27994
4399 17363 21073
17363 4399 21073
21073 4399 17363
5615 22642 29841
29841 5615 22642
22642 5615 29841
24887 4020 25016
4020 24887 25016
25016 4020 24887
23893 9467 14935
14935 9467 23893
9467 14935 23893
4875 21152 28367
28367 4875 21152
21152 4875 28367
2047 3660 11041
11041 2047 3660
3660 2047 11041
7835 965 5242
5242 965 7835
965 5242 7835
25351 14378 29714
14378 25351 29714
29714 14378 25351
28522 15680 28337
28337 15680 28522
15680 28337 28522
6718 3456 11658
11658 3456 6718
3456 6718 11658
24697 12778 25318
25318 12778 24697
12778 24697 25318
26975 419 20478
20478 419 26975
419 20478 26975
18825 5091 18584
5091 18584 18825
18584 5091 18825
601 7278 15201
15201 601 7278
7278 601 15201
16878 204 13561
13561 204 16878
204 13561 16878
4405 2915 20741
20741 2915 4405
2915 4405 20741
370 15525 24672
24672 370 15525
15525 370 24672
831 3052 23227
23227 831 3052
3052 831 23227
254 4690 16050
4690 254 16050
16050 254 4690
18598 5312 10997
5312 10997 18598
10997 5312 18598
8144 18223 25165
25165 8144 18223
18223 8144 25165
14294 11978 20258
11978 14294 20258
20258 11978 14294
13074 6609 27352
6609 13074 27352
27352 6609 13074
28115 15638 21998
15638 21998 28115
21998 15638 28115
12347 5397 21194
21194 5397 12347
5397 12347 21194
8578 10157 26338
26338 8578 10157
10157 8578 26338
12059 4288 14767
4288 12059 14767
14767 4288 12059
29453 4438 6992
6992 4438 29453
4438 6992 29453
1214 23047 27309
23047 1214 27309
27309 1214 23047
13259 794 1232
794 1232 13259
1232 794 13259
24167 4009 17510
4009 17510 24167
17510 4009 24167
3421 17755 23522
17755 3421 23522
23522 3421 17755
18802 11950 25450
25450 11950 18802
11950 18802 25450
12682 13313 24892
24892 12682 13313
13313 12682 24892
27596 11701 21198
11701 21198 27596
21198 11701 27596
17723 8670 16082
8670 16082 17723
16082 8670 17723
28406 18485 24859
18485 24859 28406
24859 18485 28406
21539 3259 13706
3259 13706 21539
13706 3259 21539
14638 157 12603
12603 157 14638
157 12603 14638
18140 667 18055
18055 667 18140
667 18055 18140
27199 24120 27533
27533 24120 27199
24120 27199 27533
26640 110 16432
16432 110 26640
110 16432 26640
1019 16009 20432
16009 1019 20432
20432 1019 16009
8912 14827 24447
14827 8912 24447
24447 8912 14827
4662 18434 29536
18434 4662 29536
29536 4662 18434
28101 18929 29718
29718 18929 28101
18929 28101 29718
12995 3118 10818
3118 10818 12995
10818 3118 12995
27063 9457 29274
29274 9457 27063
9457 27063 29274
28949 3474 11022
11022 3474 28949
3474 11022 28949
24361 11020 11706
11706 11020 24361
11020 11706 24361
28716 11503 14916
14916 11503 28716
11503 14916 28716
25515 14818 26859
14818 25515 26859
26859 14818 25515
28970 694 2537
2537 694 28970
694 2537 28970
5684 3977 20369
20369 3977 5684
3977 5684 20369
2171 11160 29957
11160 2171 29957
29957 2171 11160
6717 18701 23796
18701 6717 23796
23796 6717 18701
8138 17690 18851
17690 8138 18851
18851 8138 17690
21584 1107 10489
10489 1107 21584
1107 10489 21584
10221 16053 21263
16053 10221 21263
21263 10221 16053
23025 7594 20428
7594 20428 23025
20428 7594 23025
9926 20401 23170
20401 9926 23170
23170 9926 20401
25449 11931 23430
11931 23430 25449
23430 11931 25449
3689 980 11872
11872 980 3689
980 3689 11872
1374 6450 20936
6450 1374 20936
20936 1374 6450
10927 8767 26024
26024 8767 10927
8767 10927 26024
29828 966 7984
7984 966 29828
966 7984 29828
12019 14780 27412
14780 12019 27412
27412 12019 14780
13287 6533 6882
6882 6533 13287
6533 6882 13287
23058 2511 2797
2511 2797 23058
2797 2511 23058
3949 16646 27066
27066 3949 16646
16646 3949 27066
7711 1749 17202
17202 1749 7711
1749 7711 17202
4494 4524 14659
14659 4494 4524
4524 4494 14659
1152 20573 21714
20573 1152 21714
21714 1152 20573
13339 13303 17859
13303 13339 17859
17859 13303 13339
17073 18374 29809
29809 17073 18374
18374 17073 29809
26022 23670 28744
28744 23670 26022
23670 26022 28744
25735 1914 13463
13463 1914 25735
1914 13463 25735
17373 182 14596
14596 182 17373
182 14596 17373
22964 10835 11207
11207 10835 22964
10835 11207 22964
2805 9676 26798
26798 2805 9676
9676 2805 26798
15486 19708 23523
19708 15486 23523
23523 15486 19708
20347 2242 23856
2242 20347 23856
23856 2242 20347
2926 5729 26830
26830 2926 5729
5729 2926 26830
24763 3742 7013
7013 3742 24763
3742 7013 24763
20178 7118 17281
7118 17281 20178
17281 7118 20178
11586 14531 20614
14531 11586 20614
20614 11586 14531
3666 4563 5503
4563 3666 5503
5503 3666 4563
16703 6899 17094
6899 16703 17094
17094 6899 16703
7010 20950 21677
20950 7010 21677
21677 7010 20950
17185 7086 26014
26014 7086 17185
7086 17185 26014
24182 5407 13078
5407 13078 24182
13078 5407 24182
11230 1360 13832
1360 11230 13832
13832 1360 11230
13552 27827 28697
28697 13552 27827
27827 13552 28697
925 17790 20246
20246 925 17790
17790 925 20246
17710 18074 27356
18074 17710 27356
27356 17710 18074
8963 4732 15200
15200 4732 8963
4732 8963 15200
3533 11697 20901
11697 3533 20901
20901 3533 11697
3541 4415 27041
27041 3541 4415
4415 3541 27041
28117 2022 3899
2022 3899 28117
3899 2022 28117
17860 10418 23068
23068 10418 17860
10418 17860 23068
8352 9573 12562
12562 8352 9573
9573 8352 12562
22602 36 29251
36 22602 29251
29251 36 22602
874 3026 26274
26274 874 3026
3026 874 26274
4525 8494 9555
8494 4525 9555
9555 4525 8494
18453 8559 29348
29348 8559 18453
8559 18453 29348
27812 3716 26750
26750 3716 27812
3716 26750 27812
13178 12422 15002
12422 13178 15002
15002 12422 13178
11794 9186 24340
24340 9186 11794
9186 11794 24340
6585 12143 19813
12143 6585 19813
19813 6585 12143
2425 11858 26911
26911 2425 11858
11858 2425 26911
8729 9679 17047
9679 8729 17047
17047 8729 9679
18232 7514 12804
12804 7514 18232
7514 12804 18232
25321 12342 29444
29444 12342 25321
12342 25321 29444
24272 8231 25889
25889 8231 24272
8231 24272 25889
15418 16910 26861
16910 15418 26861
26861 15418 16910
5972 20112 29510
29510 5972 20112
20112 5972 29510
25152 8287 10121
8287 10121 25152
10121 8287 25152
4235 6586 17644
6586 4235 17644
17644 4235 6586
14274 20268 22377
20268 14274 22377
22377 14274 20268
25800 48 25594
48 25594 25800
25594 48 25800
27466 19424 20016
20016 19424 27466
19424 20016 27466
25906 2104 8990
8990 2104 25906
2104 8990 25906
11261 23702 27248
23702 11261 27248
27248 11261 23702
17625 26512 27280
27280 17625 26512
26512 17625 27280
26150 4243 14625
4243 14625 26150
14625 4243 26150
28827 11999 24104
11999 24104 28827
24104 11999 28827
28209 2211 10598
10598 2211 28209
2211 10598 28209
22015 22673 25602
22673 22015 25602
25602 22015 22673
17883 1105 28993
1105 17883 28993
28993 1105 17883
9869 10904 23392
10904 9869 23392
23392 9869 10904
25249 4184 5027
4184 5027 25249
5027 4184 25249
21863 4574 12521
12521 4574 21863
4574 12521 21863
23461 5287 16497
16497 5287 23461
5287 16497 23461
2003 9431 27634
27634 2003 9431
9431 2003 27634
18907 22965 27727
27727 18907 22965
22965 18907 27727
20066 9480 27353
9480 20066 27353
27353 9480 20066
9331 15625 18715
15625 9331 18715
18715 9331 15625
3163 5834 9054
9054 3163 5834
5834 3163 9054
9678 19479 29329
29329 9678 19479
19479 9678 29329
18720 12398 19307
12398 18720 19307
19307 12398 18720
8727 14097 16642
16642 8727 14097
14097 8727 16642
26353 1978 21923
1978 21923 26353
21923 1978 26353
11272 775 20581
775 11272 20581
20581 775 11272
8468 8347 25211
25211 8347 8468
8347 8468 25211
19161 443 20363
443 19161 20363
20363 443 19161
27271 9583 22557
9583 22557 27271
22557 9583 27271
10515 11520 21965
21965 10515 11520
11520 10515 21965
22260 5355 28828
5355 22260 28828
28828 5355 22260
22419 13749 22948
13749 22419 22948
22948 13749 22419
18865 11892 19497
11892 18865 19497
19497 11892 18865
12913 12057 17115
17115 12057 12913
12057 12913 17115
1456 21849 25869
25869 1456 21849
21849 1456 25869
14442 23811 29723
29723 14442 23811
23811 14442 29723
3986 26276 28246
26276 3986 28246
28246 3986 26276
3677 9975 28088
9975 3677 28088
28088 3677 9975
1525 5400 28699
28699 1525 5400
5400 1525 28699
22022 6408 26646
6408 22022 26646
26646 6408 22022
29171 22838 28622
22838 28622 29171
28622 22838 29171
4916 6793 15580
6793 4916 15580
15580 4916 6793
29169 2017 27308
2017 27308 29169
27308 2017 29169
26027 11000 25623
11000 25623 26027
25623 11000 26027
6932 17560 19107
17560 6932 19107
19107 6932 17560
26672 8433 15153
15153 8433 26672
8433 15153 26672
12260 4482 15751
15751 4482 12260
4482 12260 15751
9556 2612 11355
11355 2612 9556
2612 9556 11355
18469 17063 29105
29105 17063 18469
17063 18469 29105
3108 7346 28179
7346 3108 28179
28179 3108 7346
16658 13080 19545
13080 16658 19545
19545 13080 16658
19050 4342 22327
22327 4342 19050
4342 19050 22327
18719 12517 28986
28986 12517 18719
12517 18719 28986
6141 7836 28762
7836 6141 28762
28762 6141 7836
5830 10439 14026
14026 5830 10439
10439 5830 14026
14806 13280 23098
23098 13280 14806
13280 14806 23098
20008 6701 25434
6701 20008 25434
25434 6701 20008
864 1939 9831
9831 864 1939
1939 864 9831
11082 14227 27065
14227 11082 27065
27065 11082 14227
15864 3916 23195
3916 15864 23195
23195 3916 15864
2943 14132 24603
24603 2943 14132
14132 2943 24603
24561 19187 20700
20700 19187 24561
19187 20700 24561
3436 16525 21982
16525 3436 21982
21982 3436 16525
1003 1911 21567
1911 1003 21567
21567 1003 1911
507 7035 20085
7035 507 20085
20085 507 7035
26548 6415 10019
10019 6415 26548
6415 10019 26548
11219 1886 17100
1886 11219 17100
17100 1886 11219
4212 9079 11174
9079 4212 11174
11174 4212 9079
5506 301 23556
23556 301 5506
301 5506 23556
13771 12229 23820
12229 13771 23820
23820 12229 13771
9082 17126 22041
22041 9082 17126
17126 9082 22041
17176 4055 16690
16690 4055 17176
4055 16690 17176
2181 16088 27767
16088 2181 27767
27767 2181 16088
25764 5574 21448
5574 21448 25764
21448 5574 25764
15562 7410 15701
7410 15562 15701
15701 7410 15562
24401 3697 14301
3697 14301 24401
14301 3697 24401
29327 20793 27899
20793 27899 29327
27899 20793 29327
1174 18035 22623
22623 1174 18035
18035 1174 22623
16046 28847 28899
28847 16046 28899
28899 16046 28847
10284 9822 23875
23875 9822 10284
9822 10284 23875
4547 5390 15183
15183 4547 5390
5390 4547 15183
23240 17382 29319
29319 17382 23240
17382 23240 29319
12443 11193 15967
15967 11193 12443
11193 12443 15967
8453 14705 27595
27595 8453 14705
14705 8453 27595
22396 25082 28536
28536 22396 25082
25082 22396 28536
23217 18849 28757
28757 18849 23217
18849 23217 28757
13531 4122 24324
4122 13531 24324
24324 4122 13531
4829 13173 13198
13198 4829 13173
13173 4829 13198
6058 2776 21514
2776 6058 21514
21514 2776 6058
15898 1818 19771
1818 15898 19771
19771 1818 15898
28653 12836 18409
12836 18409 28653
18409 12836 28653
24958 7891 8330
7891 8330 24958
8330 7891 24958
18524 1211 5172
5172 1211 18524
1211 5172 18524
14685 2760 19510
2760 14685 19510
19510 2760 14685
8216 14517 16407
14517 8216 16407
16407 8216 14517
11135 219 15160
15160 219 11135
219 11135 15160
2678 12678 22525
22525 2678 12678
12678 2678 22525
23781 152 7301
7301 152 23781
152 7301 23781
6112 17988 25238
25238 6112 17988
17988 6112 25238
2777 10033 12257
12257 2777 10033
10033 2777 12257
12577 15990 21587
21587 12577 15990
15990 12577 21587
24465 17019 19524
19524 17019 24465
17019 19524 24465
695 14951 19849
19849 695 14951
14951 695 19849
20195 24569 28437
24569 20195 28437
28437 20195 24569
19896 19738 20616
19738 19896 20616
20616 19738 19896
28215 16731 27396
27396 16731 28215
16731 27396 28215
29218 14642 25248
14642 25248 29218
25248 14642 29218
24719 8536 17797
8536 17797 24719
17797 8536 24719
19522 4082 20163
20163 4082 19522
4082 19522 20163
28260 1640 7366
1640 7366 28260
7366 1640 28260
8638 15654 20756
15654 8638 20756
20756 8638 15654
16214 3881 21379
21379 3881 16214
3881 16214 21379
10566 14717 29500
14717 10566 29500
29500 10566 14717
11687 311 18861
311 11687 18861
18861 311 11687
21460 12662 18263
18263 12662 21460
12662 18263 21460
18363 3901 5227
3901 5227 18363
5227 3901 18363
11551 3923 28332
3923 11551 28332
28332 3923 11551
17232 89 6680
89 6680 17232
6680 89 17232
23328 647 28948
28948 647 23328
647 23328 28948
23411 26770 27014
26770 23411 27014
27014 23411 26770
13920 12796 15741
15741 12796 13920
12796 13920 15741
3325 25761 29642
29642 3325 25761
25761 3325 29642
17227 12277 14995
12277 14995 17227
14995 12277 17227
27359 8938 16466
8938 16466 27359
16466 8938 27359
16449 4435 27159
4435 16449 27159
27159 4435 16449
5472 4749 8953
8953 4749 5472
4749 5472 8953
5114 1940 24021
1940 5114 24021
24021 1940 5114
15516 13779 17700
13779 15516 17700
17700 13779 15516
25367 19870 29555
19870 25367 29555
29555 19870 25367
2009 7032 23975
23975 2009 7032
7032 2009 23975
15490 3522 13407
13407 3522 15490
3522 13407 15490
4460 4073 11721
11721 4073 4460
4073 4460 11721
21146 10992 21471
21471 10992 21146
10992 21146 21471
8931 10622 23361
23361 8931 10622
10622 8931 23361
12130 3217 27681
27681 3217 12130
3217 12130 27681
15499 5076 21031
5076 15499 21031
21031 5076 15499
2613 18892 19237
19237 2613 18892
18892 2613 19237
4971 7699 29736
29736 4971 7699
7699 4971 29736
9162 13548 18677
13548 9162 18677
18677 9162 13548
13140 1300 8738
1300 8738 13140
8738 1300 13140
23987 310 26102
310 23987 26102
26102 310 23987
12132 18061 20652
18061 12132 20652
20652 12132 18061
2815 8190 10444
10444 2815 8190
8190 2815 10444
16696 9663 28695
28695 9663 16696
9663 16696 28695
8379 2956 14007
2956 8379 14007
14007 2956 8379
7794 3693 9469
9469 3693 7794
3693 7794 9469
19828 12316 25224
25224 12316 19828
12316 19828 25224
5560 9163 12170
9163 5560 12170
12170 5560 9163
1969 22845 23989
22845 1969 23989
23989 1969 22845
9542 12918 21621
21621 9542 12918
12918 9542 21621
2751 3981 9928
3981 2751 9928
9928 2751 3981
22826 21866 26096
21866 22826 26096
26096 21866 22826
25839 2345 18189
18189 2345 25839
2345 18189 25839
24354 1958 17455
17455 1958 24354
1958 17455 24354
21292 20236 28679
28679 20236 21292
20236 21292 28679
25462 9146 10889
9146 10889 25462
10889 9146 25462
7810 15801 16188
15801 7810 16188
16188 7810 15801
7025 3132 13349
13349 3132 7025
3132 7025 13349
173 3587 13309
13309 173 3587
3587 173 13309
20431 66 10055
10055 66 20431
66 10055 20431
18972 6567 24033
6567 18972 24033
24033 6567 18972
26210 15482 27015
15482 26210 27015
27015 15482 26210
1066 9889 14607
14607 1066 9889
9889 1066 14607
4207 180 27081
180 4207 27081
27081 180 4207
12451 1254 18741
18741 1254 12451
1254 12451 18741
7518 397 5919
5919 397 7518
397 5919 7518
20684 23911 26919
23911 20684 26919
26919 20684 23911
17833 8334 16899
8334 16899 17833
16899 8334 17833
15448 484 14365
484 14365 15448
14365 484 15448
3071 23409 26856
26856 3071 23409
23409 3071 26856
3171 8958 12424
8958 3171 12424
12424 3171 8958
709 6105 10578
6105 709 10578
10578 709 6105
24027 2371 29048
29048 2371 24027
2371 24027 29048
10475 10404 29879
10404 10475 29879
29879 10404 10475
26238 15539 20089
15539 20089 26238
20089 15539 26238
5796 16648 20492
16648 5796 20492
20492 5796 16648
24243 13698 27930
27930 13698 24243
13698 24243 27930
28477 26751 29772
29772 26751 28477
26751 28477 29772
512 5396 5758
5396 512 5758
5758 512 5396
18308 18488 25516
18488 18308 25516
25516 18308 18488
16218 10537 10808
10808 10537 16218
10537 10808 16218
17213 24896 26775
24896 17213 26775
26775 17213 24896
27152 275 14552
275 14552 27152
14552 275 27152
16195 1560 16080
1560 16080 16195
16080 1560 16195
29210 10414 14849
14849 10414 29210
10414 14849 29210
17887 5082 18183
5082 17887 18183
18183 5082 17887
4996 10013 26412
26412 4996 10013
10013 4996 26412
18883 18259 18690
18690 18259 18883
18259 18690 18883
25665 9485 24008
9485 24008 25665
24008 9485 25665
10546 13751 18533
18533 10546 13751
13751 10546 18533
25262 2204 9226
2204 9226 25262
9226 2204 25262
19077 19810 20317
19810 19077 20317
20317 19077 19810
18631 19580 22734
19580 18631 22734
22734 18631 19580
11635 15288 28044
15288 11635 28044
28044 11635 15288
17620 18076 25983
18076 17620 25983
25983 17620 18076
5837 1790 29088
29088 1790 5837
1790 5837 29088
5767 23238 28844
28844 5767 23238
23238 5767 28844
28284 5723 25921
5723 25921 28284
25921 5723 28284
26480 5338 5699
5699 5338 26480
5338 5699 26480
8701 1899 8129
1899 8129 8701
8129 1899 8701
24617 3057 12583
3057 12583 24617
12583 3057 24617
8869 5386 21711
21711 5386 8869
5386 8869 21711
24937 27346 28616
28616 24937 27346
27346 24937 28616
1223 3560 10011
10011 1223 3560
3560 1223 10011
24884 12777 14848
12777 14848 24884
14848 12777 24884
24507 8297 29801
8297 24507 29801
29801 8297 24507
19734 24534 24664
24534 19734 24664
24664 19734 24534
26836 9479 26228
26228 9479 26836
9479 26228 26836
16297 4721 24367
24367 4721 16297
4721 16297 24367
27138 16333 17235
17235 16333 27138
16333 17235 27138
25624 2415 2847
2847 2415 25624
2415 2847 25624
5751 8235 28403
8235 5751 28403
28403 5751 8235
29540 22891 25064
25064 22891 29540
22891 25064 29540
16548 11315 20994
11315 16548 20994
20994 11315 16548
24877 3411 13797
3411 13797 24877
13797 3411 24877
7933 10936 11840
10936 7933 11840
11840 7933 10936
16007 5402 10205
5402 10205 16007
10205 5402 16007
14488 708 5655
708 5655 14488
5655 708 14488
23306 2588 24965
24965 2588 23306
2588 23306 24965
7177 13946 22429
22429 7177 13946
13946 7177 22429
4255 6574 6694
6574 4255 6694
6694 4255 6574
25762 5015 13318
13318 5015 25762
5015 13318 25762
13471 7719 28872
28872 7719 13471
7719 13471 28872
19287 2902 10460
2902 10460 19287
10460 2902 19287
18901 3614 14093
3614 14093 18901
14093 3614 18901
5382 3015 18746
18746 3015 5382
3015 5382 18746
26636 4390 12633
12633 4390 26636
4390 12633 26636
1720 4048 22714
4048 1720 22714
22714 1720 4048
24142 17807 22528
22528 17807 24142
17807 22528 24142
7985 11567 16492
16492 7985 11567
11567 7985 16492
6442 9548 21730
21730 6442 9548
9548 6442 21730
1838 5105 17181
17181 1838 5105
5105 1838 17181
5915 11941 29547
29547 5915 11941
11941 5915 29547
5104 18336 24491
24491 5104 18336
18336 5104 24491
18915 9905 17186
17186 9905 18915
9905 17186 18915
16443 6616 18505
18505 6616 16443
6616 16443 18505
5448 251 20056
251 5448 20056
20056 251 5448
11080 17309 21020
21020 11080 17309
17309 11080 21020
25700 3612 12590
3612 12590 25700
12590 3612 25700
4995 11392 14861
11392 4995 14861
14861 4995 11392
7300 21557 24789
24789 7300 21557
21557 7300 24789
25221 9951 29858
9951 25221 29858
29858 9951 25221
10476 2749 16309
16309 2749 10476
2749 10476 16309
22594 24064 25739
25739 22594 24064
24064 22594 25739
14774 3942 27428
27428 3942 14774
3942 14774 27428
3068 15397 16235
16235 3068 15397
15397 3068 16235
12931 4278 25786
25786 4278 12931
4278 12931 25786
13241 12746 20966
20966 12746 13241
12746 13241 20966
11628 28002 29490
29490 11628 28002
28002 11628 29490
16835 15408 24034
24034 15408 16835
15408 16835 24034
1387 8134 21042
8134 1387 21042
21042 1387 8134
13479 10146 10387
10146 10387 13479
10387 10146 13479
26852 25996 26549
25996 26549 26852
26549 25996 26852
15390 9462 13457
9462 13457 15390
13457 9462 15390
8376 21909 26952
26952 8376 21909
21909 8376 26952
14096 20941 23078
23078 14096 20941
20941 14096 23078
6552 12111 15434
15434 6552 12111
12111 6552 15434
6073 5779 13175
5779 6073 13175
13175 5779 6073
27184 4923 10864
4923 10864 27184
10864 4923 27184
508 21570 28999
28999 508 21570
21570 508 28999
26737 1901 7580
7580 1901 26737
1901 7580 26737
11787 509 5519
5519 509 11787
509 5519 11787
13567 3547 4347
3547 4347 13567
4347 3547 13567
24690 15180 27729
15180 24690 27729
27729 15180 24690
12758 4830 14757
4830 12758 14757
14757 4830 12758
9123 18784 21573
18784 9123 21573
21573 9123 18784
5101 6746 16274
6746 5101 16274
16274 5101 6746
14744 6883 28300
28300 6883 14744
6883 14744 28300
549 550 26732
26732 549 550
550 549 26732
12868 18642 26540
26540 12868 18642
18642 12868 26540
15957 15797 17130
17130 15797 15957
15797 15957 17130
24404 317 7768
317 7768 24404
7768 317 24404
17486 1985 11796
11796 1985 17486
1985 11796 17486
5486 3189 17313
17313 3189 5486
3189 5486 17313
11166 20288 23351
23351 11166 20288
20288 11166 23351
6783 14149 20608
20608 6783 14149
14149 6783 20608
19703 23734 27314
27314 19703 23734
23734 19703 27314
24221 7413 11083
7413 11083 24221
11083 7413 24221
24503 230 21112
230 21112 24503
21112 230 24503
7507 13481 25987
13481 7507 25987
25987 7507 13481
11789 4326 18450
18450 4326 11789
4326 11789 18450
17619 9966 26142
26142 9966 17619
9966 17619 26142
10983 10303 22028
22028 10303 10983
10303 10983 22028
17856 4599 11406
4599 11406 17856
11406 4599 17856
6556 18731 20453
18731 6556 20453
20453 6556 18731
24147 16415 28379
16415 24147 28379
28379 16415 24147
12089 19571 28666
28666 12089 19571
19571 12089 28666
21858 1618 19091
1618 19091 21858
19091 1618 21858
23441 11053 26718
26718 11053 23441
11053 23441 26718
8715 11591 12545
11591 8715 12545
12545 8715 11591
27575 6431 23092
6431 23092 27575
23092 6431 27575
26218 3852 10822
3852 10822 26218
10822 3852 26218
3514 2163 20752
20752 2163 3514
2163 3514 20752
25961 16100 27781
27781 16100 25961
16100 25961 27781
1309 4277 26706
4277 1309 26706
26706 1309 4277
26475 18752 25310
18752 25310 26475
25310 18752 26475
12000 20118 22896
22896 12000 20118
20118 12000 22896
25268 2451 22722
22722 2451 25268
2451 22722 25268
6863 767 26846
767 6863 26846
26846 767 6863
19065 2851 26286
2851 19065 26286
26286 2851 19065
27529 8007 20248
8007 20248 27529
20248 8007 27529
20060 15354 23772
23772 15354 20060
15354 20060 23772
16861 8016 23248
23248 8016 16861
8016 16861 23248
14191 1416 15902
15902 1416 14191
1416 14191 15902
15145 11661 11854
11661 11854 15145
11854 11661 15145
29425 15752 29880
15752 29425 29880
29880 15752 29425
16192 10046 11465
11465 10046 16192
10046 11465 16192
12362 3701 23690
23690 3701 12362
3701 12362 23690
17832 13641 25123
13641 17832 25123
25123 13641 17832
22236 501 10076
501 10076 22236
10076 501 22236
28480 21274 22474
21274 22474 28480
22474 21274 28480
10045 16246 26658
26658 10045 16246
16246 10045 26658
1642 12106 18239
12106 1642 18239
18239 1642 12106
14977 2954 23630
23630 2954 14977
2954 14977 23630
11838 15740 28550
15740 11838 28550
28550 11838 15740
19527 3642 26227
26227 3642 19527
3642 19527 26227
19211 3055 22890
3055 19211 22890
22890 3055 19211
18272 3643 23544
23544 3643 18272
3643 18272 23544
23199 23045 25725
25725 23045 23199
23045 23199 25725
8006 10634 18391
18391 8006 10634
10634 8006 18391
29895 8221 21703
21703 8221 29895
8221 21703 29895
16864 6713 21114
6713 16864 21114
21114 6713 16864
3445 17646 25833
17646 3445 25833
25833 3445 17646
29104 7046 24297
24297 7046 29104
7046 24297 29104
5865 3862 7460
3862 5865 7460
7460 3862 5865
16946 9193 12234
12234 9193 16946
9193 12234 16946
22252 2105 24702
2105 22252 24702
24702 2105 22252
22100 7400 29907
7400 22100 29907
29907 7400 22100
10375 17606 24705
17606 10375 24705
24705 10375 17606
19440 20721 22565
20721 19440 22565
22565 19440 20721
2825 1347 9497
9497 1347 2825
1347 2825 9497
579 7109 29098
7109 579 29098
29098 579 7109
25755 10502 27322
10502 25755 27322
27322 10502 25755
12311 5585 7800
7800 5585 12311
5585 7800 12311
4129 37 13941
13941 37 4129
37 4129 13941
5836 17398 24556
17398 5836 24556
24556 5836 17398
22119 12067 27782
12067 22119 27782
27782 12067 22119
20720 9228 23531
23531 9228 20720
9228 20720 23531
13055 3230 19940
19940 3230 13055
3230 13055 19940
23256 18109 25319
18109 23256 25319
25319 18109 23256
24154 14035 28219
14035 24154 28219
28219 14035 24154
28750 16329 23343
16329 23343 28750
23343 16329 28750
8923 13642 29680
29680 8923 13642
13642 8923 29680
20834 5256 17433
5256 17433 20834
17433 5256 20834
12029 20516 26757
26757 12029 20516
20516 12029 26757
18513 9043 14326
9043 14326 18513
14326 9043 18513
17300 16732 22060
22060 16732 17300
16732 17300 22060
11225 4464 15849
15849 4464 11225
4464 11225 15849
10739 11244 20491
11244 10739 20491
20491 10739 11244
7737 4192 13966
13966 4192 7737
4192 7737 13966
740 6514 18632
6514 740 18632
18632 740 6514
16533 16460 27585
16460 16533 27585
