1638 1490 2762
1490 1638 2762
2762 1490 1638
2232 463 1632
1632 463 2232
463 1632 2232
71 797 2672
797 71 2672
2672 71 797
205 2069 2367
2069 205 2367
2367 205 2069
707 489 2215
489 707 2215
2215 489 707
195 597 633
633 195 597
597 195 633
784 1454 1549
1549 784 1454
1454 784 1549
1969 1302 2570
1302 1969 2570
2570 1302 1969
1434 67 2698
67 1434 2698
2698 67 1434
2336 226 1043
1043 226 2336
226 1043 2336
2901 2251 2572
2572 2251 2901
2251 2572 2901
1624 916 1728
916 1624 1728
1728 916 1624
603 1252 2771
2771 603 1252
1252 603 2771
909 852 986
986 852 909
852 909 986
2636 1609 2996
1609 2636 2996
2996 1609 2636
1460 310 837
310 837 1460
837 310 1460
2862 214 2497
214 2497 2862
2497 214 2862
672 115 1094
115 672 1094
1094 115 672
2350 492 1898
1898 492 2350
492 1898 2350
237 2168 2720
2720 237 2168
2168 237 2720
2242 2002 2177
2002 2177 2242
2177 2002 2242
2280 2049 2488
2488 2049 2280
2049 2280 2488
716 823 2632
823 716 2632
2632 716 823
571 184 1517
1517 184 571
184 571 1517
1284 1182 2981
1182 1284 2981
2981 1182 1284
1391 2170 2893
2170 1391 2893
2893 1391 2170
689 17 1462
1462 17 689
17 689 1462
833 886 1214
886 833 1214
1214 833 886
1564 931 1411
931 1411 1564
1411 931 1564
1899 1471 1647
1471 1647 1899
1647 1471 1899
1299 929 944
944 929 1299
929 944 1299
2865 321 2706
321 2706 2865
2706 321 2865
2710 1448 2506
1448 2506 2710
2506 1448 2710
383 190 867
190 383 867
867 190 383
2529 60 102
60 102 2529
102 60 2529
2532 1902 1957
1902 1957 2532
1957 1902 2532
2747 1859 2387
2387 1859 2747
1859 2387 2747
739 1939 2748
2748 739 1939
1939 739 2748
2006 174 467
174 467 2006
467 174 2006
792 1643 2427
2427 792 1643
1643 792 2427
266 2343 2633
2343 266 2633
2633 266 2343
1495 602 2619
602 1495 2619
2619 602 1495
1586 531 645
645 531 1586
531 645 1586
621 2056 2746
2056 621 2746
2746 621 2056
2368 187 2520
2520 187 2368
187 2368 2520
1644 355 2773
355 1644 2773
2773 355 1644
80 862 1352
1352 80 862
862 80 1352
440 173 1573
173 440 1573
1573 173 440
2592 1419 1754
1754 1419 2592
1419 1754 2592
611 830 1237
830 611 1237
1237 611 830
222 1018 1716
1716 222 1018
1018 222 1716
152 61 1866
61 152 1866
1866 61 152
962 423 1852
423 962 1852
1852 423 962
1270 1879 2844
2844 1270 1879
1879 1270 2844
1379 1021 2687
1021 1379 2687
2687 1021 1379
2151 1959 1979
1959 1979 2151
1979 1959 2151
2696 504 2690
2690 504 2696
504 2690 2696
778 951 1455
1455 778 951
951 778 1455
2624 1059 1304
1304 1059 2624
1059 1304 2624
1198 65 1071
1071 65 1198
65 1071 1198
831 2022 2970
2970 831 2022
2022 831 2970
1287 999 1172
999 1172 1287
1172 999 1287
1538 255 1078
1078 255 1538
255 1078 1538
1863 643 1844
643 1844 1863
1844 643 1863
1610 1020 2913
2913 1020 1610
1020 1610 2913
418 50 1951
50 418 1951
1951 50 418
1575 433 2357
433 1575 2357
2357 433 1575
295 1240 2353
1240 295 2353
2353 295 1240
2048 989 1940
989 1940 2048
1940 989 2048
2793 120 210
210 120 2793
120 210 2793
750 396 405
405 396 750
396 405 750
1036 142 1470
1470 142 1036
142 1036 1470
2670 3 2445
2445 3 2670
3 2445 2670
1681 198 1511
198 1511 1681
1511 198 1681
2258 963 2842
2842 963 2258
963 2258 2842
1416 1158 2819
2819 1158 1416
1158 1416 2819
1977 230 2331
2331 230 1977
230 1977 2331
85 57 202
202 57 85
57 85 202
1856 416 1768
416 1768 1856
1768 416 1856
1568 2084 2923
2084 1568 2923
2923 1568 2084
2559 1170 2991
2991 1170 2559
1170 2559 2991
2972 1686 2798
2798 1686 2972
1686 2798 2972
664 577 973
973 577 664
577 664 973
1093 1177 2649
1177 1093 2649
2649 1093 1177
1799 371 2314
2314 371 1799
371 1799 2314
583 101 879
879 101 583
101 583 879
2745 119 2102
119 2102 2745
2102 119 2745
2929 126 1134
126 1134 2929
1134 126 2929
1187 2067 2760
2067 1187 2760
2760 1187 2067
227 742 2612
2612 227 742
742 227 2612
1563 1592 2480
2480 1563 1592
1592 1563 2480
2476 2352 2977
2977 2352 2476
2352 2476 2977
280 2790 2800
2790 280 2800
2800 280 2790
116 1111 1433
1111 116 1433
1433 116 1111
1804 450 2044
2044 450 1804
450 1804 2044
2482 209 2320
2320 209 2482
209 2320 2482
453 1794 1870
1794 453 1870
1870 453 1794
809 1297 1613
1297 809 1613
1613 809 1297
1502 8 2074
2074 8 1502
8 1502 2074
629 1319 2252
1319 629 2252
2252 629 1319
289 1258 1658
1658 289 1258
1258 289 1658
1196 354 544
544 354 1196
354 544 1196
1331 296 2845
2845 296 1331
296 1331 2845
1045 1918 2927
2927 1045 1918
1918 1045 2927
2313 170 2588
2588 170 2313
170 2313 2588
1533 1001 1773
1773 1001 1533
1001 1533 1773
166 1439 2784
1439 166 2784
2784 166 1439
2110 1619 2917
1619 2110 2917
2917 1619 2110
94 364 2809
2809 94 364
364 94 2809
1234 825 945
825 945 1234
945 825 1234
1929 415 2848
415 1929 2848
2848 415 1929
2414 11 357
11 357 2414
357 11 2414
2276 1803 1966
1966 1803 2276
1803 1966 2276
1964 911 2985
2985 911 1964
911 1964 2985
430 131 1764
131 430 1764
1764 131 430
2868 619 1077
1077 619 2868
619 1077 2868
605 2571 2961
2961 605 2571
2571 605 2961
1109 1123 2307
1123 1109 2307
2307 1109 1123
212 1107 1213
1213 212 1107
1107 212 1213
1115 1102 2744
1102 1115 2744
2744 1102 1115
1243 2128 2437
2437 1243 2128
2128 1243 2437
325 1165 2327
2327 325 1165
1165 325 2327
30 518 2772
2772 30 518
518 30 2772
2989 1358 1556
1556 1358 2989
1358 1556 2989
1923 940 1351
940 1351 1923
1351 940 1923
1605 981 1377
1377 981 1605
981 1377 1605
817 2340 2968
2340 817 2968
2968 817 2340
2634 808 2121
2121 808 2634
808 2121 2634
575 478 2866
2866 478 575
478 575 2866
2011 607 2564
607 2011 2564
2564 607 2011
1755 1272 2029
1272 1755 2029
2029 1272 1755
663 1536 2602
2602 663 1536
1536 663 2602
566 402 2548
402 566 2548
2548 402 566
1160 27 783
783 27 1160
27 783 1160
2930 581 2518
581 2518 2930
2518 581 2930
300 816 1265
1265 300 816
816 300 1265
199 1105 1343
1343 199 1105
1105 199 1343
1705 678 1342
678 1342 1705
1342 678 1705
860 315 1264
1264 315 860
315 860 1264
1884 54 858
858 54 1884
54 858 1884
1298 1295 1305
1305 1295 1298
1295 1298 1305
1114 1952 2025
1952 1114 2025
2025 1114 1952
2014 2318 2726
2318 2014 2726
2726 2014 2318
896 599 1876
599 896 1876
1876 599 896
1861 1442 2247
2247 1442 1861
1442 1861 2247
802 38 1811
38 802 1811
1811 38 802
2360 1776 2914
2914 1776 2360
1776 2360 2914
2008 1738 2493
1738 2008 2493
2493 1738 2008
2278 899 1296
899 1296 2278
1296 899 2278
1560 1974 2091
2091 1560 1974
1974 1560 2091
1404 1029 1834
1834 1029 1404
1029 1404 1834
2589 1022 1199
1199 1022 2589
1022 1199 2589
810 648 1251
1251 648 810
648 810 1251
2967 1778 1970
1970 1778 2967
1778 1970 2967
2003 1552 1810
1810 1552 2003
1552 1810 2003
379 32 711
711 32 379
32 379 711
1116 324 507
324 507 1116
507 324 1116
2021 1335 2714
2714 1335 2021
1335 2021 2714
572 1649 2062
2062 572 1649
1649 572 2062
1380 710 1635
1635 710 1380
710 1380 1635
1028 721 794
794 721 1028
721 794 1028
874 691 1363
691 874 1363
1363 691 874
1925 579 2309
579 1925 2309
2309 579 1925
2289 741 2911
741 2289 2911
2911 741 2289
304 1544 1816
1816 304 1544
1544 304 1816
1703 185 242
185 242 1703
242 185 1703
1135 2045 2580
2045 1135 2580
2580 1135 2045
634 549 1916
549 634 1916
1916 549 634
2416 840 1905
840 1905 2416
1905 840 2416
1976 1185 2330
2330 1185 1976
1185 1976 2330
2291 845 2712
845 2291 2712
2712 845 2291
2115 1339 2990
1339 2115 2990
2990 1339 2115
1854 1887 2781
1887 1854 2781
2781 1854 1887
2191 796 1387
1387 796 2191
796 1387 2191
1830 595 957
595 957 1830
957 595 1830
2814 384 1247
384 1247 2814
1247 384 2814
686 149 2228
2228 149 686
149 686 2228
1328 458 2172
458 1328 2172
2172 458 1328
194 836 1930
1930 194 836
836 194 1930
1604 1606 2460
2460 1604 1606
1606 1604 2460
1402 408 756
408 756 1402
756 408 1402
2294 1948 2068
2068 1948 2294
1948 2068 2294
143 472 1166
472 143 1166
1166 143 472
2517 1667 2169
2169 1667 2517
1667 2169 2517
622 934 1744
1744 622 934
934 622 1744
2681 2231 2659
2231 2659 2681
2659 2231 2681
2577 29 675
675 29 2577
29 675 2577
332 231 853
853 231 332
231 332 853
1653 667 1085
1085 667 1653
667 1085 1653
1103 287 288
288 287 1103
287 288 1103
1293 1864 2181
2181 1293 1864
1864 1293 2181
893 239 323
323 239 893
239 323 893
1117 1372 1400
1400 1117 1372
1372 1117 1400
121 97 1487
1487 97 121
97 121 1487
1048 451 2909
2909 451 1048
451 1048 2909
1321 748 2238
748 1321 2238
2238 748 1321
1683 914 955
955 914 1683
914 955 1683
1539 125 234
234 125 1539
125 234 1539
2372 28 1827
1827 28 2372
28 1827 2372
2607 1567 2766
2766 1567 2607
1567 2607 2766
1528 26 2705
2705 26 1528
26 1528 2705
1795 378 1486
1486 378 1795
378 1486 1795
1664 1156 2526
1156 1664 2526
2526 1156 1664
2448 169 765
765 169 2448
169 765 2448
928 1245 2956
1245 928 2956
2956 928 1245
429 406 522
522 406 429
406 429 522
9 1484 2654
2654 9 1484
1484 9 2654
457 2143 2915
2143 457 2915
2915 457 2143
800 263 2301
2301 263 800
263 800 2301
2426 156 1405
156 1405 2426
1405 156 2426
1046 2239 2839
2839 1046 2239
2239 1046 2839
2282 238 1410
1410 238 2282
238 1410 2282
2594 107 755
755 107 2594
107 755 2594
279 1338 2486
2486 279 1338
1338 279 2486
2090 983 2087
983 2087 2090
2087 983 2090
2211 1062 1942
1062 1942 2211
1942 1062 2211
2922 110 2439
110 2439 2922
2439 110 2922
1283 2481 2542
2481 1283 2542
2542 1283 2481
2791 585 2786
2786 585 2791
585 2786 2791
1928 1821 2260
2260 1821 1928
1821 1928 2260
2650 98 1657
98 1657 2650
1657 98 2650
55 312 1330
1330 55 312
312 55 1330
369 653 1202
653 369 1202
1202 369 653
2198 113 1529
113 1529 2198
1529 113 2198
1190 411 2465
411 1190 2465
2465 411 1190
2469 1991 2896
2896 1991 2469
1991 2469 2896
2267 526 1672
526 1672 2267
1672 526 2267
2884 655 838
655 838 2884
838 655 2884
557 1659 2562
2562 557 1659
1659 557 2562
773 1409 2296
1409 773 2296
2296 773 1409
2413 1931 2218
1931 2218 2413
2218 1931 2413
925 95 403
95 403 925
403 95 925
1831 45 1354
45 1354 1831
1354 45 1831
2715 1271 1944
1271 1944 2715
1944 1271 2715
1475 613 1625
613 1475 1625
1625 613 1475
1056 53 683
53 683 1056
683 53 1056
2651 297 2269
297 2269 2651
2269 297 2651
1309 380 1149
1149 380 1309
380 1149 1309
87 1216 2976
2976 87 1216
1216 87 2976
1050 1257 2380
1257 1050 2380
2380 1050 1257
1662 2031 2243
2243 1662 2031
2031 1662 2243
1722 660 1671
660 1671 1722
1671 660 1722
298 44 2271
2271 44 298
44 298 2271
2235 397 1345
1345 397 2235
397 1345 2235
1207 1312 2566
1312 1207 2566
2566 1207 1312
889 551 2998
551 889 2998
2998 551 889
1290 1582 2385
1582 1290 2385
2385 1290 1582
2879 23 1334
23 1334 2879
1334 23 2879
1224 1685 2965
1685 1224 2965
2965 1224 1685
1715 877 1154
1154 877 1715
877 1154 1715
1520 1446 2346
2346 1446 1520
1446 1520 2346
72 161 1838
161 72 1838
1838 72 161
2245 1346 2611
2611 1346 2245
1346 2245 2611
670 343 1051
343 670 1051
1051 343 670
217 863 1453
863 217 1453
1453 217 863
346 1478 2155
2155 346 1478
1478 346 2155
2 731 2806
731 2 2806
2806 2 731
1040 722 1654
722 1040 1654
1654 722 1040
505 1084 1261
1261 505 1084
1084 505 1261
2017 130 1598
1598 130 2017
130 1598 2017
1443 15 1903
15 1443 1903
1903 15 1443
2192 1666 2464
1666 2192 2464
2464 1666 2192
1717 1670 2475
1670 1717 2475
2475 1670 1717
1320 290 368
290 368 1320
368 290 1320
1212 216 223
216 223 1212
223 216 1212
882 208 521
208 521 882
521 208 882
258 2369 2485
2369 258 2485
2485 258 2369
2852 1009 1692
1009 1692 2852
1692 1009 2852
2131 542 2933
2933 542 2131
542 2131 2933
1924 14 353
353 14 1924
14 353 1924
334 568 2946
2946 334 568
568 334 2946
1155 293 2409
293 1155 2409
2409 293 1155
2433 1438 2780
1438 2433 2780
2780 1438 2433
1008 529 1250
1250 529 1008
529 1008 1250
2434 708 805
708 805 2434
805 708 2434
1990 1289 1985
1985 1289 1990
1289 1985 1990
256 91 1323
1323 91 256
91 256 1323
1751 1349 2019
2019 1349 1751
1349 1751 2019
2920 1820 2355
1820 2355 2920
2355 1820 2920
804 331 1878
331 804 1878
1878 331 804
461 2210 2629
2210 461 2629
2629 461 2210
959 261 1945
1945 261 959
261 959 1945
1002 608 2474
2474 608 1002
608 1002 2474
153 745 2227
745 153 2227
2227 153 745
1734 1176 1762
1176 1734 1762
1762 1176 1734
1163 1956 2565
1956 1163 2565
2565 1163 1956
92 1650 2873
1650 92 2873
2873 92 1650
2921 1483 2264
2264 1483 2921
1483 2264 2921
2935 880 2569
2569 880 2935
880 2569 2935
2030 1222 1364
1364 1222 2030
1222 1364 2030
1171 246 1622
246 1171 1622
1622 246 1171
114 665 982
982 114 665
665 114 982
2992 813 1661
813 1661 2992
1661 813 2992
1450 2147 2489
2489 1450 2147
2147 1450 2489
776 1378 2149
2149 776 1378
1378 776 2149
2657 1524 1665
1665 1524 2657
1524 1665 2657
20 2159 2161
2161 20 2159
2159 20 2161
2982 1005 2537
1005 2537 2982
2537 1005 2982
2673 1074 2015
2015 1074 2673
1074 2015 2673
81 400 1843
1843 81 400
400 81 1843
21 515 1912
515 21 1912
1912 21 515
2478 2889 2907
2889 2478 2907
2907 2478 2889
2757 366 1122
1122 366 2757
366 1122 2757
1150 1595 1847
1847 1150 1595
1595 1150 1847
2281 623 2666
2666 623 2281
623 2281 2666
1157 1620 2466
2466 1157 1620
1620 1157 2466
2213 1807 2918
1807 2213 2918
2918 1807 2213
2185 213 947
947 213 2185
213 947 2185
269 624 1745
1745 269 624
624 269 1745
2178 73 2718
2718 73 2178
73 2178 2718
1521 1131 2674
2674 1131 1521
1131 1521 2674
2963 1013 1949
1013 1949 2963
1949 1013 2963
1793 1057 1986
1057 1793 1986
1986 1057 1793
426 500 2171
500 426 2171
2171 426 500
2655 2058 2495
2058 2495 2655
2495 2058 2655
824 1318 1796
1318 824 1796
1796 824 1318
252 1488 1913
1913 252 1488
1488 252 1913
1546 988 1246
988 1246 1546
1246 988 1546
2723 517 1203
517 1203 2723
1203 517 2723
2139 68 1848
1848 68 2139
68 1848 2139
264 183 1477
1477 183 264
183 264 1477
2891 714 1076
714 1076 2891
1076 714 2891
398 718 1413
1413 398 718
718 398 1413
1901 1406 1783
1406 1783 1901
1783 1406 1901
1932 1464 2795
2795 1464 1932
1464 1932 2795
1217 1162 2797
1162 1217 2797
2797 1162 1217
1178 2531 2679
2531 1178 2679
2679 1178 2531
669 1375 2500
2500 669 1375
1375 669 2500
921 275 2859
275 921 2859
2859 275 921
410 795 2010
2010 410 795
795 410 2010
2939 1972 2449
2449 1972 2939
1972 2449 2939
2552 1791 2686
1791 2552 2686
2686 1791 2552
2333 1390 1537
1537 1390 2333
1390 1537 2333
2458 539 2838
539 2458 2838
2838 539 2458
1353 306 2312
2312 306 1353
306 1353 2312
1842 876 2348
876 1842 2348
2348 876 1842
848 1917 2942
1917 848 2942
2942 848 1917
846 1527 2663
1527 846 2663
2663 846 1527
1398 2680 2957
2957 1398 2680
2680 1398 2957
2530 1201 1357
1357 1201 2530
1201 1357 2530
2828 1395 1513
1395 1513 2828
1513 1395 2828
2912 1543 2435
2435 1543 2912
1543 2435 2912
294 211 2273
2273 211 294
211 294 2273
1276 1702 2591
2591 1276 1702
1702 1276 2591
699 163 2598
2598 163 699
163 699 2598
803 1098 1466
1466 803 1098
1098 803 1466
330 560 2609
2609 330 560
560 330 2609
2637 413 1881
1881 413 2637
413 1881 2637
2200 2095 2688
2095 2200 2688
2688 2095 2200
2461 1239 2843
2843 1239 2461
1239 2461 2843
2810 1906 2940
2940 1906 2810
1906 2810 2940
2122 569 1655
569 1655 2122
1655 569 2122
564 1024 2230
1024 564 2230
2230 564 1024
1515 733 1408
733 1408 1515
1408 733 1515
1756 875 2114
2114 875 1756
875 1756 2114
1436 498 786
786 498 1436
498 786 1436
1108 136 1034
136 1034 1108
1034 136 1108
1880 582 1361
1361 582 1880
582 1361 1880
2708 109 2886
109 2708 2886
2886 109 2708
511 1138 2804
2804 511 1138
1138 511 2804
2608 1322 2398
2398 1322 2608
1322 2398 2608
2732 1761 2206
1761 2206 2732
2206 1761 2732
487 141 1965
1965 141 487
141 487 1965
527 1152 1590
1152 527 1590
1590 527 1152
2075 443 1891
1891 443 2075
443 1891 2075
1787 1015 2109
2109 1015 1787
1015 1787 2109
2894 1148 2522
1148 2522 2894
2522 1148 2894
2704 1099 2802
1099 2704 2802
2802 1099 2704
134 1869 2083
1869 134 2083
2083 134 1869
1996 546 857
857 546 1996
546 857 1996
1444 51 2905
2905 51 1444
51 1444 2905
617 2498 2623
2623 617 2498
2498 617 2623
253 2295 2759
2295 253 2759
2759 253 2295
247 1465 1616
1616 247 1465
1465 247 1616
2997 2013 2899
2013 2899 2997
2899 2013 2997
2395 987 2878
2878 987 2395
987 2395 2878
2120 703 2764
703 2120 2764
2764 703 2120
1445 377 1740
1740 377 1445
377 1445 1740
2188 1497 2733
2733 1497 2188
1497 2188 2733
1313 311 2039
2039 311 1313
311 1313 2039
2953 41 1437
1437 41 2953
41 1437 2953
892 1674 2221
2221 892 1674
1674 892 2221
2073 278 2863
278 2073 2863
2863 278 2073
1106 1065 2952
1065 1106 2952
2952 1065 1106
2567 1557 2941
2941 1557 2567
1557 2567 2941
923 927 2393
927 923 2393
2393 923 927
1423 307 998
998 307 1423
307 998 1423
2916 700 1451
1451 700 2916
700 1451 2916
2089 1255 2166
2166 1255 2089
1255 2089 2166
1999 4 1010
1010 4 1999
4 1010 1999
1790 1292 1578
1292 1578 1790
1578 1292 1790
285 1921 2519
1921 285 2519
2519 285 1921
2785 186 466
466 186 2785
186 466 2785
2779 933 1729
933 1729 2779
1729 933 2779
815 2358 2815
2815 815 2358
2358 815 2815
798 861 2999
2999 798 861
861 798 2999
439 1146 2524
1146 439 2524
2524 439 1146
1420 1047 2558
2558 1047 1420
1047 1420 2558
347 133 1035
1035 133 347
133 347 1035
2630 534 1798
1798 534 2630
534 1798 2630
446 1873 2034
1873 446 2034
2034 446 1873
1468 2441 2830
2441 1468 2830
2830 1468 2441
535 509 2187
2187 509 535
509 535 2187
52 839 1344
839 52 1344
1344 52 839
559 434 2162
434 559 2162
2162 434 559
2631 576 1678
576 1678 2631
1678 576 2631
2444 42 2183
42 2183 2444
2183 42 2444
1534 1577 2118
2118 1534 1577
1577 1534 2118
2484 1885 2753
2753 1885 2484
1885 2484 2753
1719 719 2604
2604 719 1719
719 1719 2604
1055 774 2038
2038 774 1055
774 1055 2038
654 997 2442
2442 654 997
997 654 2442
533 563 1118
563 533 1118
1118 533 563
2290 834 2457
2457 834 2290
834 2290 2457
1849 1792 2871
2871 1792 1849
1792 1849 2871
537 725 2150
725 537 2150
2150 537 725
2229 83 2676
83 2229 2676
2676 83 2229
2801 2032 2653
2653 2032 2801
2032 2653 2801
175 2097 2248
2097 175 2248
2248 175 2097
2831 493 2363
2363 493 2831
493 2363 2831
2544 1041 2900
2900 1041 2544
1041 2544 2900
746 1752 1875
1752 746 1875
1875 746 1752
1718 1461 2423
1461 1718 2423
2423 1461 1718
2007 284 2538
2538 284 2007
284 2007 2538
1541 1235 2263
2263 1235 1541
1235 1541 2263
2621 612 2789
2789 612 2621
612 2621 2789
1833 58 1894
1894 58 1833
58 1833 1894
362 2546 2671
2546 362 2671
2671 362 2546
35 2536 2586
2586 35 2536
2536 35 2586
503 935 2023
935 503 2023
2023 503 935
1225 570 1806
1806 570 1225
570 1225 1806
543 2359 2711
2711 543 2359
2359 543 2711
601 1725 1960
1960 601 1725
1725 601 1960
2835 1184 2315
1184 2315 2835
2315 1184 2835
1037 970 1145
970 1037 1145
1145 970 1037
2106 437 2702
2702 437 2106
437 2106 2702
2788 159 964
964 159 2788
159 964 2788
438 814 1853
814 438 1853
1853 438 814
1943 188 827
827 188 1943
188 827 1943
2418 692 2853
692 2418 2853
2853 692 2418
912 1425 1469
1469 912 1425
1425 912 1469
2432 1360 1550
1360 1550 2432
1550 1360 2432
2950 292 2065
2065 292 2950
292 2065 2950
132 282 1998
1998 132 282
282 132 1998
2405 1523 1747
1523 1747 2405
1747 1523 2405
2133 903 1611
903 1611 2133
1611 903 2133
2060 913 1570
1570 913 2060
913 1570 2060
2299 2123 2597
2597 2123 2299
2123 2299 2597
1350 462 2429
462 1350 2429
2429 462 1350
2081 1510 2451
2451 1510 2081
1510 2081 2451
2379 732 1888
732 1888 2379
1888 732 2379
1785 821 906
821 906 1785
906 821 1785
1459 985 1935
1935 985 1459
985 1459 1935
387 1802 2684
2684 387 1802
1802 387 2684
2212 1253 2695
1253 2212 2695
2695 1253 2212
447 2472 2724
2472 447 2724
2724 447 2472
1489 1503 2728
2728 1489 1503
1503 1489 2728
1626 1090 2694
2694 1090 1626
1090 1626 2694
2841 2293 2955
2955 2293 2841
2293 2841 2955
2543 1589 2364
2364 1589 2543
1589 2364 2543
2507 2078 2656
2656 2078 2507
2078 2507 2656
1327 181 2699
2699 181 1327
181 1327 2699
2105 1194 1422
1194 1422 2105
1422 1194 2105
2275 2016 2870
2870 2016 2275
2016 2275 2870
524 1648 2322
2322 524 1648
1648 524 2322
1063 34 2642
2642 34 1063
34 1063 2642
888 1673 2297
2297 888 1673
1673 888 2297
1819 1562 2713
1562 1819 2713
2713 1562 1819
744 1303 1347
1347 744 1303
1303 744 1347
1837 690 1231
690 1231 1837
1231 690 1837
2876 162 2812
2812 162 2876
162 2812 2876
394 1209 1699
1699 394 1209
1209 394 1699
626 407 787
787 407 626
407 626 787
2647 1601 2292
2292 1601 2647
1601 2292 2647
2042 1333 1893
1333 1893 2042
1893 1333 2042
1933 740 1228
740 1228 1933
1228 740 1933
1954 684 2727
684 1954 2727
2727 684 1954
658 1143 2605
2605 658 1143
1143 658 2605
2824 652 1736
1736 652 2824
652 1736 2824
1883 2220 2285
2285 1883 2220
2220 1883 2285
154 709 1950
709 154 1950
1950 154 709
2389 2277 2774
2774 2277 2389
2277 2389 2774
698 930 1132
1132 698 930
930 698 1132
1934 749 1714
1714 749 1934
749 1714 1934
2246 869 1388
1388 869 2246
869 1388 2246
1238 128 1329
1329 128 1238
128 1238 1329
2094 392 762
762 392 2094
392 762 2094
2730 1179 2560
1179 2560 2730
2560 1179 2730
1989 596 2001
2001 596 1989
596 1989 2001
1316 1173 2857
2857 1173 1316
1173 1316 2857
2071 1017 1147
1017 1147 2071
1147 1017 2071
2503 866 1095
1095 866 2503
866 1095 2503
1027 938 2735
938 1027 2735
2735 938 1027
2035 856 2794
856 2035 2794
2794 856 2035
2783 1967 2603
1967 2603 2783
2603 1967 2783
363 1482 1781
1482 363 1781
1781 363 1482
2993 525 1780
525 1780 2993
1780 525 2993
771 1104 1126
1126 771 1104
1104 771 1126
966 474 806
474 806 966
806 474 966
2931 386 2936
2936 386 2931
386 2931 2936
2473 240 1709
240 1709 2473
1709 240 2473
735 1300 1506
1300 735 1506
1506 735 1300
704 680 1472
1472 680 704
680 704 1472
2581 1641 2184
2184 1641 2581
1641 2184 2581
2463 2582 2883
2883 2463 2582
2582 2463 2883
1427 1877 2563
1877 1427 2563
2563 1427 1877
2949 160 2610
160 2610 2949
2610 160 2949
2257 1984 2511
1984 2257 2511
2511 1984 2257
1191 1839 1865
1865 1191 1839
1839 1191 1865
1518 2261 2888
2261 1518 2888
2888 1518 2261
89 1269 2370
1269 89 2370
2370 89 1269
1731 2154 2508
2154 1731 2508
2508 1731 2154
182 1623 2576
1623 182 2576
2576 182 1623
165 350 2487
350 165 2487
2487 165 350
303 1072 1392
1072 303 1392
1392 303 1072
399 1033 1288
1288 399 1033
1033 399 1288
1895 941 1441
941 1441 1895
1441 941 1895
259 395 2596
395 259 2596
2596 259 395
1509 1294 1407
1294 1407 1509
1407 1294 1509
1181 779 2677
2677 779 1181
779 1181 2677
2043 123 337
123 337 2043
337 123 2043
1832 286 1075
286 1075 1832
1075 286 1832
2284 1599 2782
1599 2284 2782
2782 1599 2284
1836 235 751
235 751 1836
751 235 1836
485 1038 1850
1850 485 1038
1038 485 1850
2384 1707 2179
2179 1707 2384
1707 2179 2384
249 1474 2846
1474 249 2846
2846 249 1474
996 1399 1684
1684 996 1399
1399 996 1684
470 47 512
47 470 512
512 47 470
1026 2241 2741
2741 1026 2241
2241 1026 2741
1007 1435 2160
1435 1007 2160
2160 1007 1435
900 63 1720
1720 63 900
63 900 1720
1663 197 1774
197 1663 1774
1774 197 1663
425 228 2406
2406 228 425
228 425 2406
1700 1766 2975
1766 1700 2975
2975 1700 1766
1417 508 1758
508 1417 1758
1758 508 1417
2754 1473 2627
2627 1473 2754
1473 2627 2754
494 578 2983
2983 494 578
578 494 2983
677 1777 1813
1813 677 1777
1777 677 1813
105 1574 1594
1594 105 1574
1574 105 1594
1204 1197 2412
1197 1204 2412
2412 1197 1204
1801 320 2306
2306 320 1801
320 1801 2306
77 1614 2253
2253 77 1614
1614 77 2253
2376 424 2101
2101 424 2376
424 2101 2376
468 46 2050
46 468 2050
2050 46 468
356 2072 2541
2541 356 2072
2072 356 2541
891 1128 1341
1128 891 1341
1341 891 1128
1675 2381 2980
2381 1675 2980
2980 1675 2381
2303 918 2063
2063 918 2303
918 2063 2303
2515 124 890
890 124 2515
124 890 2515
277 974 1121
974 277 1121
1121 277 974
1835 1031 1775
1031 1775 1835
1775 1031 1835
1082 859 2551
859 1082 2551
2551 859 1082
2456 969 2199
2199 969 2456
969 2199 2456
781 2304 2575
2304 781 2575
2575 781 2304
2144 978 2904
978 2144 2904
2904 978 2144
650 788 2513
2513 650 788
788 650 2513
2881 1371 1749
1749 1371 2881
1371 1749 2881
1713 657 2892
657 1713 2892
2892 657 1713
1818 604 1628
1628 604 1818
604 1628 1818
2595 1229 1936
1229 1936 2595
1936 1229 2595
950 627 1359
627 950 1359
1359 627 950
2736 215 2693
215 2693 2736
2693 215 2736
1280 870 2539
870 1280 2539
2539 870 1280
1412 743 1415
1415 743 1412
743 1412 1415
898 1389 1890
1389 898 1890
1890 898 1389
1680 428 695
428 695 1680
695 428 1680
584 541 2613
2613 541 584
541 584 2613
1308 637 674
637 674 1308
674 637 1308
283 6 1988
1988 6 283
6 283 1988
2337 316 2117
2117 316 2337
316 2117 2337
1268 818 2958
2958 818 1268
818 1268 2958
2549 953 2349
2349 953 2549
953 2349 2549
2317 233 2040
2040 233 2317
233 2040 2317
391 1677 2467
2467 391 1677
1677 391 2467
381 1540 2408
2408 381 1540
1540 381 2408
593 1326 1507
1507 593 1326
1326 593 1507
112 2000 2064
2000 112 2064
2064 112 2000
1982 1188 2207
1188 1982 2207
2207 1188 1982
1070 341 2822
2822 341 1070
341 1070 2822
1324 135 2555
2555 135 1324
135 1324 2555
2286 2697 2932
2932 2286 2697
2697 2286 2932
1175 1004 1555
1555 1004 1175
1004 1175 1555
1206 420 2341
420 1206 2341
2341 420 1206
2994 871 1914
1914 871 2994
871 1914 2994
1248 936 1044
936 1044 1248
1044 936 1248
1995 79 1058
1058 79 1995
79 1058 1995
348 565 580
580 348 565
565 348 580
2523 319 641
641 319 2523
319 641 2523
151 100 2492
100 151 2492
2492 100 151
2867 865 2826
2826 865 2867
865 2826 2867
448 1376 1545
1545 448 1376
1376 448 1545
1393 651 1629
1629 651 1393
651 1393 1629
1581 1640 2041
1640 1581 2041
2041 1581 1640
2112 31 2662
2662 31 2112
31 2112 2662
484 937 2098
937 484 2098
2098 484 937
2234 475 2288
2288 475 2234
475 2234 2288
1723 638 922
638 922 1723
922 638 1723
469 1066 2203
1066 469 2203
2203 469 1066
1256 2471 2833
2471 1256 2833
2833 1256 2471
191 782 1530
1530 191 782
782 191 1530
260 2459 2494
2459 260 2494
2494 260 2459
2924 250 2054
250 2054 2924
2054 250 2924
1656 513 2947
2947 513 1656
513 1656 2947
2861 1069 2516
1069 2516 2861
2516 1069 2861
501 1193 2954
1193 501 2954
2954 501 1193
2849 13 2342
13 2342 2849
2342 13 2849
1784 715 2222
715 1784 2222
2222 715 1784
496 864 2709
2709 496 864
864 496 2709
2311 5 2163
2163 5 2311
5 2163 2311
1748 2051 2119
2051 1748 2119
2119 1748 2051
421 968 1584
968 421 1584
1584 421 968
2934 1636 2499
2499 1636 2934
1636 2499 2934
2823 618 2765
2765 618 2823
618 2765 2823
2978 640 1494
1494 640 2978
640 1494 2978
2194 1682 2240
1682 2194 2240
2240 1682 2194
1868 419 2100
2100 419 1868
419 1868 2100
167 554 1014
554 167 1014
1014 167 554
1569 1788 2223
1788 1569 2223
2223 1569 1788
772 2204 2734
2204 772 2734
2734 772 2204
939 265 1904
265 939 1904
1904 265 939
954 685 2803
2803 685 954
685 954 2803
2962 915 1947
1947 915 2962
915 1947 2962
706 717 1750
1750 706 717
717 706 1750
1501 329 2383
329 1501 2383
2383 329 1501
1053 1301 2365
1301 1053 2365
2365 1053 1301
2584 374 1525
1525 374 2584
374 1525 2584
477 327 548
327 477 548
548 327 477
2037 39 1073
1073 39 2037
39 1073 2037
179 1310 1739
1739 179 1310
1310 179 1739
979 1006 2645
2645 979 1006
1006 979 2645
308 662 1180
1180 308 662
662 308 1180
895 1800 2374
1800 895 2374
2374 895 1800
1314 676 2707
676 1314 2707
2707 676 1314
1064 359 1127
359 1064 1127
1127 359 1064
99 2468 2556
2468 99 2556
2556 99 2468
920 1531 2430
2430 920 1531
1531 920 2430
642 908 2224
2224 642 908
908 642 2224
257 1200 2024
1200 257 2024
2024 257 1200
2111 1452 2554
2554 1452 2111
1452 2111 2554
1554 104 2092
2092 104 1554
104 1554 2092
2512 1457 2752
2752 1457 2512
1457 2512 2752
2214 268 2587
2587 268 2214
268 2214 2587
1823 2483 2729
2729 1823 2483
2483 1823 2729
454 245 2108
245 454 2108
2108 245 454
819 221 1112
1112 221 819
221 819 1112
146 2027 2373
2027 146 2373
2373 146 2027
1307 811 820
820 811 1307
811 820 1307
1828 591 763
591 763 1828
763 591 1828
2338 338 723
338 723 2338
723 338 2338
905 1366 2969
2969 905 1366
1366 905 2969
1463 456 1277
1277 456 1463
456 1277 1463
984 780 2356
2356 780 984
780 984 2356
2455 2316 2490
2490 2316 2455
2316 2455 2490
588 339 2910
2910 339 588
339 588 2910
1374 1559 2925
2925 1374 1559
1559 1374 2925
1100 1282 1583
1282 1100 1583
1583 1100 1282
1274 1962 1981
1981 1274 1962
1962 1274 1981
482 441 2279
441 482 2279
2279 441 482
538 273 724
273 538 724
724 273 538
2550 2140 2820
2820 2140 2550
2140 2550 2820
615 1254 2321
2321 615 1254
1254 615 2321
2397 1042 2082
1042 2082 2397
2082 1042 2397
2399 789 2086
789 2086 2399
2086 789 2399
1600 1743 2440
1743 1600 2440
2440 1600 1743
1694 977 1386
977 1386 1694
1386 977 1694
499 139 946
139 499 946
946 139 499
2768 1896 2125
1896 2125 2768
2125 1896 2768
1704 766 2574
2574 766 1704
766 1704 2574
2175 1504 2959
1504 2175 2959
2959 1504 2175
2354 1493 2255
2255 1493 2354
1493 2255 2354
1281 444 2960
2960 444 1281
444 1281 2960
1817 2428 2622
2622 1817 2428
2428 1817 2622
1963 1211 1479
1479 1211 1963
1211 1479 1963
204 1733 2938
2938 204 1733
1733 204 2938
702 2856 2872
2856 702 2872
2872 702 2856
2104 1829 2362
2362 1829 2104
1829 2104 2362
506 540 2751
2751 506 540
540 506 2751
990 668 1735
1735 668 990
668 990 1735
1266 1516 2152
1516 1266 2152
2152 1266 1516
1481 189 2928
189 1481 2928
2928 189 1481
180 2535 2808
2535 180 2808
2808 180 2535
2885 2145 2505
2505 2145 2885
2145 2505 2885
317 1137 1892
1892 317 1137
1137 317 1892
2391 248 2329
248 2329 2391
2329 248 2391
302 218 1627
1627 218 302
218 302 1627
2616 993 1770
993 1770 2616
1770 993 2616
754 1110 2643
1110 754 2643
2643 754 1110
2396 1227 2626
2626 1227 2396
1227 2396 2626
2052 2085 2807
2085 2052 2807
2807 2052 2085
2527 314 1215
314 1215 2527
1215 314 2527
1822 2061 2270
2270 1822 2061
2061 1822 2270
1130 1551 2703
2703 1130 1551
1551 1130 2703
2880 1025 2216
1025 2216 2880
2216 1025 2880
661 2070 2156
2156 661 2070
2070 661 2156
262 1548 1634
1548 262 1634
1634 262 1548
1608 1476 2404
1476 1608 2404
2404 1476 1608
373 106 2775
2775 106 373
106 373 2775
2302 2077 2088
2088 2077 2302
2077 2088 2302
2136 760 1532
760 1532 2136
1532 760 2136
1164 427 636
636 427 1164
427 636 1164
481 309 759
309 481 759
759 309 481
2107 587 631
631 587 2107
587 631 2107
340 523 2126
523 340 2126
2126 340 523
1019 697 747
697 747 1019
747 697 1019
1032 220 2895
220 1032 2895
2895 220 1032
2116 1279 2599
1279 2116 2599
2599 1279 2116
960 471 2129
471 960 2129
2129 471 960
1426 75 1779
1779 75 1426
75 1426 1779
2755 1096 2869
2869 1096 2755
1096 2755 2869
687 630 1767
630 687 1767
1767 630 687
2557 1124 2502
1124 2502 2557
2502 1124 2557
145 1585 1980
1585 145 1980
1980 145 1585
1840 108 2394
2394 108 1840
108 1840 2394
1987 473 761
473 761 1987
761 473 1987
1273 82 2254
2254 82 1273
82 1273 2254
449 884 2825
884 449 2825
2825 449 884
764 791 1421
791 764 1421
1421 764 791
2906 679 3000
679 2906 3000
3000 679 2906
1097 276 2919
276 1097 2919
2919 276 1097
1919 479 671
671 479 1919
479 671 1919
1362 88 1805
88 1362 1805
1805 88 1362
2882 333 649
333 649 2882
649 333 2882
2740 1315 1370
1370 1315 2740
1315 1370 2740
1871 176 401
176 401 1871
401 176 1871
1920 1514 2667
1514 1920 2667
2667 1514 1920
224 254 344
344 224 254
254 224 344
2725 656 1456
1456 656 2725
656 1456 2725
2847 2158 2874
2874 2158 2847
2158 2847 2874
2018 1814 2377
2377 1814 2018
1814 2018 2377
390 681 1782
1782 390 681
681 390 1782
1911 1263 2908
2908 1263 1911
1263 1911 2908
693 956 1726
1726 693 956
956 693 1726
36 1772 2470
2470 36 1772
1772 36 2470
1992 647 1119
1119 647 1992
647 1119 1992
1210 673 727
727 673 1210
673 727 1210
1233 56 598
56 598 1233
598 56 1233
995 12 2646
2646 12 995
12 995 2646
1730 361 553
553 361 1730
361 553 1730
144 313 1994
1994 144 313
313 144 1994
592 536 1588
536 592 1588
1588 536 592
2756 370 1414
370 1414 2756
1414 370 2756
2165 712 2407
712 2165 2407
2407 712 2165
2274 375 412
412 375 2274
375 412 2274
1571 770 1915
770 1571 1915
1915 770 1571
2767 358 2743
358 2743 2767
2743 358 2767
431 826 2421
2421 431 826
826 431 2421
168 2664 2948
2948 168 2664
2664 168 2948
910 851 1141
1141 851 910
851 910 1141
841 1491 1732
1732 841 1491
1491 841 1732
1226 1101 1394
1101 1226 1394
1394 1101 1226
2818 1492 2422
1492 2422 2818
2422 1492 2818
832 1244 2326
1244 832 2326
2326 832 1244
2821 902 1591
902 1591 2821
1591 902 2821
1973 1500 2138
2138 1500 1973
1500 1973 2138
769 961 1841
1841 769 961
961 769 1841
1724 127 558
127 558 1724
558 127 1724
628 586 1900
1900 586 628
586 628 1900
459 1249 1383
1383 459 1249
1249 459 1383
801 342 868
868 342 801
342 801 868
2583 1757 2593
2593 1757 2583
1757 2583 2593
2816 1485 1697
1697 1485 2816
1485 1697 2816
1431 1845 2036
1845 1431 2036
2036 1431 1845
1907 328 1397
328 1397 1907
1397 328 1907
70 272 2971
272 70 2971
2971 70 272
2701 111 561
561 111 2701
111 561 2701
1332 620 822
620 822 1332
822 620 1332
326 562 2620
2620 326 562
562 326 2620
2454 414 976
414 976 2454
976 414 2454
251 894 2568
894 251 2568
2568 251 894
720 2716 2890
2716 720 2890
2890 720 2716
2190 872 2897
2897 872 2190
872 2190 2897
2683 594 2678
2678 594 2683
594 2678 2683
1136 688 2400
2400 688 1136
688 1136 2400
1522 2287 2979
2979 1522 2287
2287 1522 2979
225 1698 2419
1698 225 2419
2419 225 1698
2528 1049 1983
1049 1983 2528
1983 1049 2528
270 2005 2837
2837 270 2005
2005 270 2837
2324 336 488
488 336 2324
336 488 2324
164 520 1505
520 164 1505
1505 164 520
2196 1286 2447
1286 2196 2447
2447 1286 2196
1151 942 2625
2625 942 1151
942 1151 2625
2366 2332 2722
2332 2366 2722
2722 2332 2366
2386 1113 2787
1113 2386 2787
2787 1113 2386
1910 78 738
78 738 1910
738 78 1910
1676 177 550
550 177 1676
177 550 1676
2443 799 1553
799 1553 2443
1553 799 2443
2855 1480 1937
1937 1480 2855
1480 1937 2855
1961 1603 2208
1603 1961 2208
2208 1603 1961
2076 244 2944
2944 244 2076
244 2076 2944
1695 1711 2943
1711 1695 2943
2943 1695 1711
975 1429 2479
1429 975 2479
2479 975 1429
1023 200 1639
200 1023 1639
1639 200 1023
1403 1285 1565
1565 1285 1403
1285 1403 1565
713 2521 2937
2521 713 2937
2937 713 2521
2964 1153 1572
1572 1153 2964
1153 1572 2964
1232 1208 2749
2749 1208 1232
1208 1232 2749
1267 19 726
19 726 1267
726 19 1267
609 59 2453
59 609 2453
2453 59 609
2323 1786 2658
2658 1786 2323
1786 2323 2658
514 232 2533
232 514 2533
2533 232 514
219 610 2462
2462 219 610
610 219 2462
1737 1133 1706
1133 1706 1737
1706 1133 1737
943 455 1872
1872 455 943
455 943 1872
2431 793 992
992 793 2431
793 992 2431
2832 2283 2689
2283 2689 2832
2689 2283 2832
2669 18 2638
2638 18 2669
18 2638 2669
1889 646 2770
2770 646 1889
646 1889 2770
887 2450 2988
2988 887 2450
2450 887 2988
2700 2644 2675
2675 2644 2700
2644 2675 2700
1447 1652 1858
1858 1447 1652
1652 1447 1858
1275 1192 2298
1192 1275 2298
2298 1192 1275
556 1219 2424
2424 556 1219
1219 556 2424
2148 767 1797
1797 767 2148
767 1797 2148
2180 2137 2811
2811 2137 2180
2137 2180 2811
532 385 2719
385 532 2719
2719 385 532
1631 775 2903
2903 775 1631
775 1631 2903
435 1440 2514
1440 435 2514
2514 435 1440
2146 69 847
847 69 2146
69 847 2146
2827 1651 2639
1651 2639 2827
2639 1651 2827
1220 528 614
528 614 1220
614 528 1220
2887 2652 2898
2652 2887 2898
2898 2652 2887
2731 1195 2402
2402 1195 2731
1195 2402 2731
1079 196 1526
196 1079 1526
1526 196 1079
1760 404 1630
404 1630 1760
1630 404 1760
1142 1769 2388
1769 1142 2388
2388 1142 1769
1855 932 1580
1580 932 1855
932 1580 1855
1030 2504 2792
2504 1030 2792
2792 1030 2504
1381 1430 1941
1941 1381 1430
1430 1381 1941
1498 1558 2236
2236 1498 1558
1558 1498 2236
2974 854 2272
854 2272 2974
2272 854 2974
1367 2182 2510
2510 1367 2182
2182 1367 2510
729 1060 2217
1060 729 2217
2217 729 1060
573 1236 1241
1241 573 1236
1236 573 1241
1449 949 991
949 991 1449
991 949 1449
2836 40 2995
40 2836 2995
2995 40 2836
2195 1771 1953
1771 1953 2195
1953 1771 2195
2026 1 1593
1593 1 2026
1 1593 2026
1812 666 2382
666 1812 2382
2382 666 1812
203 393 2547
393 203 2547
2547 203 393
2682 1679 2009
1679 2009 2682
2009 1679 2682
1519 147 2193
147 1519 2193
2193 147 1519
958 644 2055
644 958 2055
2055 644 958
490 352 897
352 490 897
897 352 490
1169 2132 2813
2813 1169 2132
2132 1169 2813
530 2134 2403
2403 530 2134
2134 530 2403
2339 1336 1997
1997 1336 2339
1336 1997 2339
971 873 1633
1633 873 971
873 971 1633
1259 1660 2926
1660 1259 2926
2926 1259 1660
1882 480 2525
480 1882 2525
2525 480 1882
2351 812 917
812 917 2351
917 812 2351
388 178 1860
178 388 1860
1860 178 388
1317 76 1727
1727 76 1317
76 1317 1727
1815 66 2945
2945 66 1815
66 1815 2945
2265 1396 1958
1958 1396 2265
1396 1958 2265
1688 639 2739
2739 639 1688
639 1688 2739
2226 924 2614
2614 924 2226
924 2226 2614
2096 1418 2066
1418 2066 2096
2066 1418 2096
62 625 2796
625 62 2796
2796 62 625
236 281 1851
1851 236 281
281 236 1851
1432 1189 2328
1189 1432 2328
2328 1189 1432
464 1542 1710
1710 464 1542
1542 464 1710
1125 22 2157
22 1125 2157
2157 22 1125
2540 291 948
948 291 2540
291 948 2540
2319 138 351
351 138 2319
138 351 2319
1129 734 1183
1183 734 1129
734 1129 1183
1993 158 1689
158 1689 1993
1689 158 1993
2153 318 2268
2268 318 2153
318 2153 2268
1365 491 878
491 878 1365
878 491 1365
1011 1975 2411
1975 1011 2411
2411 1011 1975
2142 1186 2805
1186 2142 2805
2805 1186 2142
64 2103 2854
2103 64 2854
2854 64 2103
1617 301 1579
1579 301 1617
301 1579 1617
2951 360 1862
1862 360 2951
360 1862 2951
2601 150 2860
150 2601 2860
2860 150 2601
452 844 2750
2750 452 844
844 452 2750
432 382 2717
2717 382 432
382 432 2717
1003 1765 2186
2186 1003 1765
1765 1003 2186
1086 919 1159
919 1086 1159
1159 919 1086
2334 2375 2858
2858 2334 2375
2375 2334 2858
2202 476 516
516 476 2202
476 516 2202
497 1646 1721
1721 497 1646
1646 497 1721
1089 2046 2606
2606 1089 2046
2046 1089 2606
2361 1373 2057
1373 2057 2361
2057 1373 2361
33 2127 2648
2127 33 2648
2648 33 2127
2099 904 1808
1808 904 2099
904 1808 2099
117 1348 2201
1348 117 2201
2201 117 1348
2033 1067 1621
1621 1067 2033
1067 1621 2033
2984 495 1091
1091 495 2984
495 1091 2984
2347 828 1168
828 1168 2347
1168 828 2347
192 140 574
574 140 192
140 192 574
243 367 790
367 243 790
790 243 367
93 349 2685
349 93 2685
2685 93 349
1687 365 1242
1242 365 1687
365 1242 1687
7 1401 2390
2390 7 1401
1401 7 2390
590 907 2047
