25057 15554 26316
15554 25057 26316
26316 15554 25057
13685 11334 22658
22658 11334 13685
11334 13685 22658
6850 9552 18560
18560 6850 9552
9552 6850 18560
27449 7405 13754
13754 7405 27449
7405 13754 27449
27225 362 4195
362 4195 27225
4195 362 27225
22957 716 10546
716 10546 22957
10546 716 22957
14485 2728 14009
2728 14009 14485
14009 2728 14485
6050 8437 15558
15558 6050 8437
8437 6050 15558
26490 27819 29526
27819 26490 29526
29526 26490 27819
22255 3121 16778
16778 3121 22255
3121 16778 22255
2884 13308 19345
13308 2884 19345
19345 2884 13308
4377 5353 14764
5353 4377 14764
14764 4377 5353
13197 3554 5012
5012 3554 13197
3554 5012 13197
15614 19072 25358
25358 15614 19072
19072 15614 25358
19307 6794 14634
14634 6794 19307
6794 14634 19307
18082 16684 26108
26108 16684 18082
16684 18082 26108
21164 22492 26942
26942 21164 22492
22492 21164 26942
3767 599 5112
599 3767 5112
5112 599 3767
28747 1596 26795
26795 1596 28747
1596 26795 28747
17474 14005 15023
15023 14005 17474
14005 15023 17474
5912 600 6545
600 5912 6545
6545 600 5912
19647 4889 25111
4889 19647 25111
25111 4889 19647
24253 4049 19747
19747 4049 24253
4049 19747 24253
9653 6626 27728
27728 6626 9653
6626 9653 27728
10677 4886 27649
4886 10677 27649
27649 4886 10677
12503 2254 10126
2254 10126 12503
10126 2254 12503
26384 9640 14270
14270 9640 26384
9640 14270 26384
24042 15032 28419
15032 24042 28419
28419 15032 24042
5613 6537 9290
6537 5613 9290
9290 5613 6537
18428 7169 27669
7169 18428 27669
27669 7169 18428
26829 1622 17921
17921 1622 26829
1622 17921 26829
9319 12403 14522
12403 9319 14522
14522 9319 12403
10819 19360 26084
26084 10819 19360
19360 10819 26084
10570 21956 23916
21956 10570 23916
23916 10570 21956
14170 24318 25538
24318 14170 25538
25538 14170 24318
282 5289 13159
13159 282 5289
5289 282 13159
28698 6373 20264
20264 6373 28698
6373 20264 28698
24161 21407 24561
21407 24161 24561
24561 21407 24161
4129 25964 26768
26768 4129 25964
25964 4129 26768
6350 6771 15283
15283 6350 6771
6771 6350 15283
12557 1988 9567
9567 1988 12557
1988 9567 12557
3950 21957 27087
27087 3950 21957
21957 3950 27087
2552 2461 18007
18007 2461 2552
2461 2552 18007
17854 3953 21963
3953 17854 21963
21963 3953 17854
16794 4723 29083
4723 16794 29083
29083 4723 16794
8958 8386 12039
12039 8386 8958
8386 8958 12039
16425 14309 20703
14309 16425 20703
20703 14309 16425
26193 10462 20853
20853 10462 26193
10462 20853 26193
18987 10704 14025
14025 10704 18987
10704 14025 18987
12644 7364 12187
12187 7364 12644
7364 12187 12644
21522 7965 8989
7965 8989 21522
8989 7965 21522
29546 21530 22030
21530 22030 29546
22030 21530 29546
3715 5056 12240
5056 3715 12240
12240 3715 5056
7055 20723 28100
28100 7055 20723
20723 7055 28100
2875 12830 12887
12830 2875 12887
12887 2875 12830
17828 28775 29339
29339 17828 28775
28775 17828 29339
23892 5141 15504
5141 15504 23892
15504 5141 23892
11434 7371 18110
18110 7371 11434
7371 11434 18110
4824 4844 29674
29674 4824 4844
4844 4824 29674
8615 16379 19249
19249 8615 16379
16379 8615 19249
15085 6271 12762
6271 12762 15085
12762 6271 15085
28004 15006 18703
18703 15006 28004
15006 18703 28004
15494 8463 28128
28128 8463 15494
8463 15494 28128
8469 173 20979
20979 173 8469
173 8469 20979
18994 7255 13562
13562 7255 18994
7255 13562 18994
14292 13192 14473
14473 13192 14292
13192 14292 14473
27324 5310 5589
5310 5589 27324
5589 5310 27324
26324 5272 13230
5272 13230 26324
13230 5272 26324
21361 8338 13678
8338 13678 21361
13678 8338 21361
13382 19190 27729
19190 13382 27729
27729 13382 19190
12441 2620 14138
2620 12441 14138
14138 2620 12441
20350 801 7312
801 7312 20350
7312 801 20350
11751 2380 12898
12898 2380 11751
2380 11751 12898
3519 1811 23929
23929 1811 3519
1811 3519 23929
28670 2339 22982
2339 22982 28670
22982 2339 28670
11226 25113 25770
25770 11226 25113
25113 11226 25770
4904 15698 23852
15698 4904 23852
23852 4904 15698
16505 9500 28658
9500 16505 28658
28658 9500 16505
19468 1520 6690
6690 1520 19468
1520 6690 19468
22545 24176 29409
29409 22545 24176
24176 22545 29409
16048 9820 21070
9820 16048 21070
21070 9820 16048
2309 20941 24312
24312 2309 20941
20941 2309 24312
23592 102 15163
15163 102 23592
102 15163 23592
28937 5508 19788
5508 19788 28937
19788 5508 28937
15661 6275 7209
7209 6275 15661
6275 7209 15661
4 3116 21172
3116 4 21172
21172 4 3116
19870 22076 26320
26320 19870 22076
22076 19870 26320
4431 5301 25506
5301 4431 25506
25506 4431 5301
8335 8939 17053
17053 8335 8939
8939 8335 17053
26980 12197 17192
17192 12197 26980
12197 17192 26980
16628 2732 9809
2732 9809 16628
9809 2732 16628
18056 5857 15269
15269 5857 18056
5857 15269 18056
3782 10820 21489
21489 3782 10820
10820 3782 21489
2934 17530 21969
17530 2934 21969
21969 2934 17530
13201 20282 22994
20282 13201 22994
22994 13201 20282
12690 359 20237
20237 359 12690
359 12690 20237
17336 6541 19160
6541 17336 19160
19160 6541 17336
19379 16942 23819
16942 19379 23819
23819 16942 19379
29193 5428 6242
6242 5428 29193
5428 6242 29193
5796 9555 21368
21368 5796 9555
9555 5796 21368
27086 1504 25496
1504 25496 27086
25496 1504 27086
6401 7778 22300
22300 6401 7778
7778 6401 22300
19284 2005 8716
2005 8716 19284
8716 2005 19284
24053 9301 27627
9301 24053 27627
27627 9301 24053
8729 17689 23007
17689 8729 23007
23007 8729 17689
23834 10163 24324
10163 23834 24324
24324 10163 23834
10124 29537 29822
29537 10124 29822
29822 10124 29537
10703 1806 5273
1806 5273 10703
5273 1806 10703
100 17586 21753
17586 100 21753
21753 100 17586
20182 11619 14946
14946 11619 20182
11619 14946 20182
7034 215 24187
215 7034 24187
24187 215 7034
24029 3255 19074
19074 3255 24029
3255 19074 24029
29903 9017 17525
17525 9017 29903
9017 17525 29903
4262 1829 2738
2738 1829 4262
1829 2738 4262
20025 346 22594
22594 346 20025
346 20025 22594
28700 20441 25814
25814 20441 28700
20441 25814 28700
20987 15722 22049
22049 15722 20987
15722 20987 22049
22822 8270 16953
16953 8270 22822
8270 16953 22822
8726 3172 9057
3172 8726 9057
9057 3172 8726
4043 13888 20082
13888 4043 20082
20082 4043 13888
28086 1752 7346
1752 7346 28086
7346 1752 28086
7179 23135 28054
28054 7179 23135
23135 7179 28054
27570 23620 25416
25416 23620 27570
23620 25416 27570
23217 24095 30000
30000 23217 24095
24095 23217 30000
4730 6431 16608
6431 4730 16608
16608 4730 6431
1532 1449 13694
13694 1449 1532
1449 1532 13694
22239 8986 19023
19023 8986 22239
8986 19023 22239
26709 6016 23947
6016 23947 26709
23947 6016 26709
27239 5998 28653
5998 27239 28653
28653 5998 27239
9983 8125 11297
8125 9983 11297
11297 8125 9983
22376 7524 23047
23047 7524 22376
7524 22376 23047
639 16521 17314
16521 639 17314
17314 639 16521
9106 5038 5771
5038 5771 9106
5771 5038 9106
26561 10338 28165
10338 26561 28165
28165 10338 26561
17936 5380 24713
5380 17936 24713
24713 5380 17936
20798 8766 13151
13151 8766 20798
8766 13151 20798
20143 2776 20073
20073 2776 20143
2776 20073 20143
29655 12099 26760
26760 12099 29655
12099 26760 29655
13595 10341 26838
26838 10341 13595
10341 13595 26838
16420 4781 14456
4781 14456 16420
14456 4781 16420
18048 20548 25174
25174 18048 20548
20548 18048 25174
27232 8624 20001
20001 8624 27232
8624 20001 27232
25905 7686 26761
7686 25905 26761
26761 7686 25905
14661 15257 25017
25017 14661 15257
15257 14661 25017
5994 10238 10857
10238 5994 10857
10857 5994 10238
10219 21092 24105
24105 10219 21092
21092 10219 24105
8622 5233 8772
8772 5233 8622
5233 8622 8772
27777 817 24192
817 24192 27777
24192 817 27777
21474 10162 20379
20379 10162 21474
10162 20379 21474
18666 1749 25259
1749 18666 25259
25259 1749 18666
12783 14521 23471
14521 12783 23471
23471 12783 14521
8972 13568 21286
13568 8972 21286
21286 8972 13568
25151 3474 20625
20625 3474 25151
3474 20625 25151
29175 6843 23476
23476 6843 29175
6843 23476 29175
23994 19385 29053
19385 23994 29053
29053 19385 23994
971 338 3292
338 971 3292
3292 338 971
26801 4779 25681
25681 4779 26801
4779 25681 26801
23978 18968 20956
18968 20956 23978
20956 18968 23978
23610 9681 11178
11178 9681 23610
9681 11178 23610
7530 3718 26300
26300 3718 7530
3718 7530 26300
16674 17345 18506
17345 16674 18506
18506 16674 17345
4013 7536 15346
15346 4013 7536
7536 4013 15346
6963 5773 6951
6951 5773 6963
5773 6951 6963
11893 10289 24686
10289 11893 24686
24686 10289 11893
14841 3194 6157
3194 6157 14841
6157 3194 14841
5902 17751 21485
21485 5902 17751
17751 5902 21485
7404 14073 22100
14073 7404 22100
22100 7404 14073
4243 5346 7676
7676 4243 5346
5346 4243 7676
20658 3061 19483
3061 19483 20658
19483 3061 20658
13895 2019 9476
9476 2019 13895
2019 9476 13895
1089 2845 26424
2845 1089 26424
26424 1089 2845
19421 18213 26675
18213 19421 26675
26675 18213 19421
13697 9583 27665
27665 9583 13697
9583 13697 27665
3547 11823 18821
18821 3547 11823
11823 3547 18821
5509 3756 7294
3756 5509 7294
7294 3756 5509
26983 527 27840
27840 527 26983
527 26983 27840
10105 1603 19977
1603 10105 19977
19977 1603 10105
9449 11666 25946
25946 9449 11666
11666 9449 25946
20859 2830 28444
2830 20859 28444
28444 2830 20859
28758 17996 20606
17996 20606 28758
20606 17996 28758
28985 6608 8080
6608 8080 28985
8080 6608 28985
23984 21805 24659
24659 21805 23984
21805 23984 24659
16354 26966 27858
27858 16354 26966
26966 16354 27858
28029 984 20630
984 20630 28029
20630 984 28029
22510 12945 26818
12945 22510 26818
26818 12945 22510
29888 3599 17118
3599 17118 29888
17118 3599 29888
18356 11461 22785
11461 18356 22785
22785 11461 18356
21466 7362 21922
7362 21466 21922
21922 7362 21466
13914 21998 25342
25342 13914 21998
21998 13914 25342
27688 31 2736
31 2736 27688
2736 31 27688
22508 25713 27381
25713 22508 27381
27381 22508 25713
12191 2923 19293
2923 12191 19293
19293 2923 12191
27210 1800 9705
9705 1800 27210
1800 9705 27210
22291 9346 17432
17432 9346 22291
9346 17432 22291
23884 8502 9893
9893 8502 23884
8502 9893 23884
5687 10132 26565
10132 5687 26565
26565 5687 10132
13195 7813 16603
7813 13195 16603
16603 7813 13195
26378 8256 10817
10817 8256 26378
8256 10817 26378
26403 20670 21976
21976 20670 26403
20670 21976 26403
27671 8752 28679
8752 27671 28679
28679 8752 27671
18344 8503 19699
8503 18344 19699
19699 8503 18344
21547 19684 28032
19684 21547 28032
28032 19684 21547
14211 675 21257
21257 675 14211
675 14211 21257
3862 16284 22246
16284 3862 22246
22246 3862 16284
9300 16320 22148
16320 9300 22148
22148 9300 16320
14113 15154 26292
15154 14113 26292
26292 14113 15154
23902 14033 17529
14033 17529 23902
17529 14033 23902
12772 693 20749
693 12772 20749
20749 693 12772
29906 15642 28182
15642 28182 29906
28182 15642 29906
18068 16792 18518
16792 18068 18518
18518 16792 18068
16520 14568 16433
16433 14568 16520
14568 16433 16520
1383 8060 24620
8060 1383 24620
24620 1383 8060
4471 7909 26372
26372 4471 7909
7909 4471 26372
24525 13459 17658
17658 13459 24525
13459 17658 24525
2998 12627 13781
12627 2998 13781
13781 2998 12627
1632 24498 28987
24498 1632 28987
28987 1632 24498
20459 7916 23840
23840 7916 20459
7916 20459 23840
7821 17240 22808
22808 7821 17240
17240 7821 22808
8362 13847 29979
29979 8362 13847
13847 8362 29979
11664 6264 21790
21790 6264 11664
6264 11664 21790
11628 7609 8109
7609 8109 11628
8109 7609 11628
11340 8431 16970
16970 8431 11340
8431 11340 16970
19627 170 7743
170 7743 19627
7743 170 19627
23926 8309 18727
8309 18727 23926
18727 8309 23926
8765 2760 25787
2760 8765 25787
25787 2760 8765
14279 9006 27014
27014 9006 14279
9006 14279 27014
1194 12473 28332
12473 1194 28332
28332 1194 12473
26173 14214 24046
24046 14214 26173
14214 24046 26173
16819 7974 29163
29163 7974 16819
7974 16819 29163
25949 2220 17518
17518 2220 25949
2220 17518 25949
5044 8907 20449
8907 5044 20449
20449 5044 8907
23202 16218 24528
24528 16218 23202
16218 23202 24528
22720 3409 25956
25956 3409 22720
3409 22720 25956
22147 11052 12164
12164 11052 22147
11052 12164 22147
14325 13107 22180
22180 13107 14325
13107 14325 22180
3029 12730 18755
12730 3029 18755
18755 3029 12730
25176 10716 21846
21846 10716 25176
10716 21846 25176
3098 1369 18415
18415 1369 3098
1369 3098 18415
5363 3212 9931
3212 5363 9931
9931 3212 5363
26377 1789 3355
1789 3355 26377
3355 1789 26377
9441 8308 18283
18283 8308 9441
8308 9441 18283
27490 13177 25245
13177 25245 27490
25245 13177 27490
25184 15474 18827
15474 18827 25184
18827 15474 25184
20017 1300 27491
1300 20017 27491
27491 1300 20017
12448 5134 27344
27344 5134 12448
5134 12448 27344
23701 985 3924
985 3924 23701
3924 985 23701
4686 5863 9643
9643 4686 5863
5863 4686 9643
1163 18844 21179
21179 1163 18844
18844 1163 21179
15800 26599 28236
28236 15800 26599
26599 15800 28236
29734 218 14970
218 14970 29734
14970 218 29734
10064 5883 21193
5883 10064 21193
21193 5883 10064
15998 6842 7157
6842 7157 15998
7157 6842 15998
14494 7262 9596
7262 9596 14494
9596 7262 14494
12293 14632 19950
19950 12293 14632
14632 12293 19950
28359 1005 18142
1005 18142 28359
18142 1005 28359
27647 17195 22118
22118 17195 27647
17195 22118 27647
238 4031 11376
4031 238 11376
11376 238 4031
15207 7888 15184
15184 7888 15207
7888 15184 15207
16851 14595 15594
15594 14595 16851
14595 15594 16851
29451 9646 22313
9646 22313 29451
22313 9646 29451
10326 3429 18750
3429 10326 18750
18750 3429 10326
10682 4636 24364
24364 4636 10682
4636 10682 24364
11244 136 6549
136 6549 11244
6549 136 11244
19758 2626 13059
13059 2626 19758
2626 13059 19758
19776 745 3033
745 3033 19776
3033 745 19776
25504 23277 24497
23277 24497 25504
24497 23277 25504
6522 11162 28286
11162 6522 28286
28286 6522 11162
19919 6204 29037
6204 19919 29037
29037 6204 19919
15941 18661 26013
18661 15941 26013
26013 15941 18661
16966 4585 15388
4585 15388 16966
15388 4585 16966
19271 19154 27005
27005 19154 19271
19154 19271 27005
464 9102 12000
12000 464 9102
9102 464 12000
1568 1848 7947
7947 1568 1848
1848 1568 7947
4128 9706 19789
19789 4128 9706
9706 4128 19789
14700 6520 13452
6520 13452 14700
13452 6520 14700
13071 1872 22843
22843 1872 13071
1872 13071 22843
26882 11627 18743
11627 18743 26882
18743 11627 26882
25978 8047 12871
12871 8047 25978
8047 12871 25978
11000 6397 17304
17304 6397 11000
6397 11000 17304
14801 4232 21230
21230 4232 14801
4232 14801 21230
28938 15392 22286
15392 22286 28938
22286 15392 28938
22092 11689 27788
27788 11689 22092
11689 22092 27788
11232 2790 27017
2790 11232 27017
27017 2790 11232
27827 11229 19212
11229 19212 27827
19212 11229 27827
25100 8853 12361
8853 12361 25100
12361 8853 25100
4719 928 15285
928 4719 15285
15285 928 4719
19829 15278 15757
15278 15757 19829
15757 15278 19829
16028 21142 29815
29815 16028 21142
21142 16028 29815
2072 7562 20780
20780 2072 7562
7562 2072 20780
3215 11364 15746
15746 3215 11364
11364 3215 15746
1627 692 3585
692 1627 3585
3585 692 1627
8489 8341 13570
8341 8489 13570
13570 8341 8489
21958 2933 7816
2933 7816 21958
7816 2933 21958
24417 7463 24339
7463 24339 24417
24339 7463 24417
12732 11727 27334
27334 11727 12732
11727 12732 27334
3428 7915 12610
12610 3428 7915
7915 3428 12610
25280 9016 11686
9016 11686 25280
11686 9016 25280
25310 24039 25177
25177 24039 25310
24039 25177 25310
22437 9538 25947
9538 22437 25947
25947 9538 22437
16710 25926 27693
25926 16710 27693
27693 16710 25926
20977 20529 26949
20529 20977 26949
26949 20529 20977
23652 4514 24507
24507 4514 23652
4514 23652 24507
21321 12701 14185
12701 14185 21321
14185 12701 21321
25593 4917 22444
4917 22444 25593
22444 4917 25593
15540 17799 22295
17799 15540 22295
22295 15540 17799
4344 25329 29014
29014 4344 25329
25329 4344 29014
6500 14918 20384
14918 6500 20384
20384 6500 14918
3770 9442 29031
29031 3770 9442
9442 3770 29031
24321 8880 16165
16165 8880 24321
8880 16165 24321
9317 1197 9803
9803 1197 9317
1197 9317 9803
29120 3996 4927
4927 3996 29120
3996 4927 29120
18759 19364 20049
20049 18759 19364
19364 18759 20049
7849 1728 27400
1728 7849 27400
27400 1728 7849
22469 5163 8786
8786 5163 22469
5163 8786 22469
2123 14597 27878
27878 2123 14597
14597 2123 27878
4891 11059 22392
11059 4891 22392
22392 4891 11059
17178 14560 16086
14560 16086 17178
16086 14560 17178
27500 5793 23150
5793 23150 27500
23150 5793 27500
29683 14729 21119
21119 14729 29683
14729 21119 29683
4493 18487 26575
18487 4493 26575
26575 4493 18487
26205 21002 29317
29317 21002 26205
21002 26205 29317
474 6476 25328
25328 474 6476
6476 474 25328
18194 9531 27633
27633 9531 18194
9531 18194 27633
29541 15463 29956
15463 29541 29956
29956 15463 29541
1781 27521 28611
27521 1781 28611
28611 1781 27521
2656 2184 4753
2184 2656 4753
4753 2184 2656
11265 8706 22494
22494 8706 11265
8706 11265 22494
9533 5000 7763
5000 7763 9533
7763 5000 9533
27153 9178 10211
9178 10211 27153
10211 9178 27153
12242 29266 29415
29266 12242 29415
29415 12242 29266
25766 24950 25786
24950 25766 25786
25786 24950 25766
19690 4793 29378
4793 19690 29378
29378 4793 19690
1106 3399 6346
6346 1106 3399
3399 1106 6346
4788 10183 12756
12756 4788 10183
10183 4788 12756
27648 5658 6061
6061 5658 27648
5658 6061 27648
18430 12788 17031
12788 17031 18430
17031 12788 18430
24400 11630 22863
11630 22863 24400
22863 11630 24400
13390 9275 15043
15043 9275 13390
9275 13390 15043
1996 3730 16226
16226 1996 3730
3730 1996 16226
4412 9243 28643
9243 4412 28643
28643 4412 9243
13292 11718 15779
11718 13292 15779
15779 11718 13292
22497 3672 15702
15702 3672 22497
3672 15702 22497
21551 5828 24784
24784 5828 21551
5828 21551 24784
22081 18368 24475
18368 22081 24475
24475 18368 22081
17507 3458 25292
3458 17507 25292
25292 3458 17507
6703 12510 20226
20226 6703 12510
12510 6703 20226
11339 16753 28852
28852 11339 16753
16753 11339 28852
15835 5918 25445
5918 15835 25445
25445 5918 15835
20488 4921 26718
26718 4921 20488
4921 20488 26718
25460 5725 28351
5725 25460 28351
28351 5725 25460
23048 1195 8675
8675 1195 23048
1195 8675 23048
10045 7558 20716
20716 7558 10045
7558 10045 20716
13945 1028 14984
1028 13945 14984
14984 1028 13945
3799 10700 22053
10700 3799 22053
22053 3799 10700
7563 3334 18809
18809 3334 7563
3334 7563 18809
24083 20420 25853
20420 24083 25853
25853 20420 24083
11838 18637 21515
18637 11838 21515
21515 11838 18637
13563 12833 26637
12833 13563 26637
26637 12833 13563
4447 2847 3187
2847 3187 4447
3187 2847 4447
11942 3936 9889
3936 9889 11942
9889 3936 11942
14842 11022 12836
11022 12836 14842
12836 11022 14842
28834 1874 21940
21940 1874 28834
1874 21940 28834
5456 14953 25699
25699 5456 14953
14953 5456 25699
4350 3205 10589
3205 4350 10589
10589 3205 4350
889 12672 17054
12672 889 17054
17054 889 12672
26748 1141 2535
1141 2535 26748
2535 1141 26748
15621 6965 20220
6965 15621 20220
20220 6965 15621
15596 22087 25477
22087 15596 25477
25477 15596 22087
16636 9030 9568
9030 9568 16636
9568 9030 16636
444 8416 14962
8416 444 14962
14962 444 8416
2086 8619 14225
8619 2086 14225
14225 2086 8619
28999 2350 12604
12604 2350 28999
2350 12604 28999
24446 20802 26869
20802 24446 26869
26869 20802 24446
19405 1921 11012
1921 11012 19405
11012 1921 19405
29121 26481 29320
29320 26481 29121
26481 29121 29320
10935 3498 14345
14345 3498 10935
3498 10935 14345
6740 6590 10933
6590 6740 10933
10933 6590 6740
3703 13152 25641
25641 3703 13152
13152 3703 25641
2345 19143 21471
19143 2345 21471
21471 2345 19143
20258 18262 24375
18262 20258 24375
24375 18262 20258
14006 7011 19784
7011 14006 19784
19784 7011 14006
2134 9680 14749
9680 2134 14749
14749 2134 9680
18715 9703 10916
9703 10916 18715
10916 9703 18715
1535 20341 26427
26427 1535 20341
20341 1535 26427
18841 13364 20248
20248 13364 18841
13364 18841 20248
17362 9191 16701
9191 16701 17362
16701 9191 17362
2077 6534 17613
6534 2077 17613
17613 2077 6534
5655 16708 20613
16708 5655 20613
20613 5655 16708
14252 7282 26425
7282 14252 26425
26425 7282 14252
18842 11857 25547
11857 18842 25547
25547 11857 18842
15687 6840 18669
18669 6840 15687
6840 15687 18669
2018 14720 19110
19110 2018 14720
14720 2018 19110
12165 1757 17340
17340 1757 12165
1757 12165 17340
14625 13524 25152
13524 14625 25152
25152 13524 14625
17305 13086 23584
23584 13086 17305
13086 17305 23584
744 11206 12749
12749 744 11206
11206 744 12749
29174 15497 19010
15497 19010 29174
19010 15497 29174
17099 3477 5929
3477 5929 17099
5929 3477 17099
10630 2578 7324
7324 2578 10630
2578 7324 10630
24658 4270 22930
4270 22930 24658
22930 4270 24658
23449 1725 9033
1725 9033 23449
9033 1725 23449
2654 3536 8099
3536 2654 8099
8099 2654 3536
13101 10678 20228
10678 13101 20228
20228 10678 13101
18687 1578 5427
5427 1578 18687
1578 5427 18687
27415 15773 26085
26085 15773 27415
15773 26085 27415
21431 2758 17056
17056 2758 21431
2758 17056 21431
2173 21745 29548
21745 2173 29548
29548 2173 21745
8962 9324 13815
13815 8962 9324
9324 8962 13815
27309 20863 28095
20863 27309 28095
28095 20863 27309
2866 18489 24801
24801 2866 18489
18489 2866 24801
28065 1136 2304
1136 2304 28065
2304 1136 28065
19903 7772 18784
7772 18784 19903
18784 7772 19903
11943 21094 29316
29316 11943 21094
21094 11943 29316
21285 24567 28280
28280 21285 24567
24567 21285 28280
3954 9345 10668
9345 3954 10668
10668 3954 9345
784 562 15499
15499 562 784
562 784 15499
17967 12346 22897
22897 12346 17967
12346 17967 22897
24455 1687 26351
26351 1687 24455
1687 24455 26351
29356 1962 11409
1962 11409 29356
11409 1962 29356
2796 4511 5010
4511 2796 5010
5010 2796 4511
24043 24720 29348
29348 24043 24720
24720 24043 29348
24006 2990 22586
22586 2990 24006
2990 22586 24006
2081 729 14215
729 2081 14215
14215 729 2081
25226 12518 24341
12518 24341 25226
24341 12518 25226
17366 5402 11876
11876 5402 17366
5402 11876 17366
11187 12102 28425
28425 11187 12102
12102 11187 28425
14786 7474 12693
12693 7474 14786
7474 12693 14786
7132 27597 29798
27597 7132 29798
29798 7132 27597
7894 1086 18277
18277 1086 7894
1086 7894 18277
29578 6977 23365
6977 23365 29578
23365 6977 29578
17531 24443 27767
27767 17531 24443
24443 17531 27767
19689 51 2352
51 2352 19689
2352 51 19689
25315 3375 28119
3375 25315 28119
28119 3375 25315
20806 11752 16431
11752 16431 20806
16431 11752 20806
14692 5389 22555
5389 14692 22555
22555 5389 14692
15942 15009 24967
24967 15009 15942
15009 15942 24967
28091 2510 3546
2510 3546 28091
3546 2510 28091
6777 15053 18976
15053 6777 18976
18976 6777 15053
1203 5551 27550
5551 1203 27550
27550 1203 5551
19757 11148 29763
29763 11148 19757
11148 19757 29763
11111 4539 5351
4539 5351 11111
5351 4539 11111
2045 15568 28551
15568 2045 28551
28551 2045 15568
18541 5804 16467
16467 5804 18541
5804 16467 18541
12843 6187 17653
17653 6187 12843
6187 12843 17653
13326 1714 6891
6891 1714 13326
1714 6891 13326
23957 13260 18530
18530 13260 23957
13260 18530 23957
21083 7944 20848
7944 20848 21083
20848 7944 21083
26395 4473 14368
4473 14368 26395
14368 4473 26395
18234 10690 14080
10690 14080 18234
14080 10690 18234
14665 11755 26501
26501 11755 14665
11755 14665 26501
28963 13370 24820
13370 24820 28963
24820 13370 28963
12172 7241 26802
26802 7241 12172
7241 12172 26802
3654 2169 23695
2169 3654 23695
23695 2169 3654
28903 9063 29282
9063 28903 29282
29282 9063 28903
25458 606 13179
606 13179 25458
13179 606 25458
25524 2522 19076
19076 2522 25524
2522 19076 25524
3642 3010 14555
14555 3010 3642
3010 3642 14555
19856 17875 20614
17875 19856 20614
20614 17875 19856
10031 780 9490
9490 780 10031
780 9490 10031
13540 8249 29994
29994 8249 13540
8249 13540 29994
29040 9064 18115
9064 18115 29040
18115 9064 29040
26612 4009 16903
16903 4009 26612
4009 16903 26612
18598 16182 28865
28865 16182 18598
16182 18598 28865
12192 11955 21117
11955 12192 21117
21117 11955 12192
24601 13491 18018
18018 13491 24601
13491 18018 24601
16177 5962 12506
5962 12506 16177
12506 5962 16177
22131 4095 17322
4095 17322 22131
17322 4095 22131
1689 6724 14204
6724 1689 14204
14204 1689 6724
17496 8713 17106
8713 17106 17496
17106 8713 17496
8656 4040 29180
29180 4040 8656
4040 8656 29180
697 11025 11585
11025 697 11585
11585 697 11025
8877 24503 26009
26009 8877 24503
24503 8877 26009
10380 20624 25897
20624 10380 25897
25897 10380 20624
24005 19852 28765
19852 24005 28765
28765 19852 24005
4279 13937 17315
13937 4279 17315
17315 4279 13937
22129 1920 18961
18961 1920 22129
1920 18961 22129
1404 319 16305
16305 319 1404
319 1404 16305
29381 92 24533
24533 92 29381
92 24533 29381
25000 9762 23504
23504 9762 25000
9762 23504 25000
6967 16067 23831
16067 6967 23831
23831 6967 16067
28995 15239 15341
15239 15341 28995
15341 15239 28995
15665 27678 29880
29880 15665 27678
27678 15665 29880
4131 6832 26816
6832 4131 26816
26816 4131 6832
7804 6316 13710
6316 7804 13710
13710 6316 7804
26322 550 15051
15051 550 26322
550 15051 26322
5738 1544 28696
1544 5738 28696
28696 1544 5738
13658 12068 20153
12068 13658 20153
20153 12068 13658
463 2133 17893
2133 463 17893
17893 463 2133
5934 2883 8974
8974 2883 5934
2883 5934 8974
25719 15431 29842
29842 15431 25719
15431 25719 29842
14239 4205 27187
4205 14239 27187
27187 4205 14239
17970 6641 29795
6641 17970 29795
29795 6641 17970
14463 3861 29390
3861 14463 29390
29390 3861 14463
29119 13290 19185
13290 19185 29119
19185 13290 29119
797 17139 25798
25798 797 17139
17139 797 25798
17547 15543 27975
27975 15543 17547
15543 17547 27975
7061 3541 25420
3541 7061 25420
25420 3541 7061
8863 5609 20088
20088 5609 8863
5609 8863 20088
25971 5709 24283
5709 24283 25971
24283 5709 25971
12908 8625 28526
8625 12908 28526
28526 8625 12908
16800 15214 22615
22615 15214 16800
15214 16800 22615
25763 9190 24263
9190 24263 25763
24263 9190 25763
2479 779 26306
26306 779 2479
779 2479 26306
2100 21781 22758
22758 2100 21781
21781 2100 22758
23035 4399 8914
4399 8914 23035
8914 4399 23035
14773 2337 12641
2337 12641 14773
12641 2337 14773
15506 11740 28123
28123 11740 15506
11740 15506 28123
17561 22649 29337
29337 17561 22649
22649 17561 29337
8432 1661 19525
19525 1661 8432
1661 8432 19525
8504 3327 18352
18352 3327 8504
3327 8504 18352
1149 21990 24407
21990 1149 24407
24407 1149 21990
16335 11270 12799
11270 12799 16335
12799 11270 16335
21852 3160 28233
28233 3160 21852
3160 21852 28233
28421 25865 26585
25865 26585 28421
26585 25865 28421
5834 2910 6886
2910 5834 6886
6886 2910 5834
5727 233 27624
233 5727 27624
27624 233 5727
13692 13969 20735
13969 13692 20735
20735 13692 13969
7638 16563 25032
16563 7638 25032
25032 7638 16563
2848 25249 27739
25249 2848 27739
27739 2848 25249
21695 19631 29965
29965 19631 21695
19631 21695 29965
17416 18471 29949
29949 17416 18471
18471 17416 29949
5750 11530 17081
17081 5750 11530
11530 5750 17081
6610 942 5071
5071 942 6610
942 5071 6610
24474 862 16446
16446 862 24474
862 16446 24474
514 7155 8184
7155 514 8184
8184 514 7155
7972 2843 11860
2843 7972 11860
11860 2843 7972
20626 6125 25807
6125 20626 25807
25807 6125 20626
16282 22069 28966
28966 16282 22069
22069 16282 28966
21001 22587 29800
22587 21001 29800
29800 21001 22587
6240 8151 15274
15274 6240 8151
8151 6240 15274
6663 5567 25497
25497 5567 6663
5567 6663 25497
19712 10192 17220
10192 17220 19712
17220 10192 19712
18658 7885 20855
20855 7885 18658
7885 18658 20855
9881 27504 27913
27913 9881 27504
27504 9881 27913
12100 15081 24565
15081 12100 24565
24565 12100 15081
9636 2391 15310
2391 9636 15310
15310 2391 9636
22466 7870 28305
28305 7870 22466
7870 22466 28305
24229 11566 20539
20539 11566 24229
11566 20539 24229
21019 19530 23572
19530 21019 23572
23572 19530 21019
29562 16506 29375
16506 29375 29562
29375 16506 29562
20893 18051 19200
19200 18051 20893
18051 19200 20893
10128 1407 18765
18765 1407 10128
1407 10128 18765
27295 7158 23013
23013 7158 27295
7158 23013 27295
26846 3469 8390
8390 3469 26846
3469 8390 26846
11058 1606 5116
1606 5116 11058
5116 1606 11058
23713 17357 18146
18146 17357 23713
17357 18146 23713
24329 14358 18967
14358 18967 24329
18967 14358 24329
15603 5392 15345
5392 15345 15603
15345 5392 15603
26601 3831 27642
27642 3831 26601
3831 26601 27642
1555 15971 28737
15971 1555 28737
28737 1555 15971
7679 5053 21027
21027 5053 7679
5053 7679 21027
28569 6968 22646
6968 22646 28569
22646 6968 28569
2279 3659 22931
22931 2279 3659
3659 2279 22931
7902 2065 12280
2065 7902 12280
12280 2065 7902
12485 9368 29254
9368 12485 29254
29254 9368 12485
20447 5325 21058
21058 5325 20447
5325 20447 21058
22564 622 6321
6321 622 22564
622 6321 22564
11285 6918 8260
6918 8260 11285
8260 6918 11285
26210 19987 28664
19987 26210 28664
28664 19987 26210
19778 14598 27211
14598 19778 27211
27211 14598 19778
48 6607 26647
6607 48 26647
26647 48 6607
10981 6643 13013
6643 10981 13013
13013 6643 10981
13534 10285 26534
10285 13534 26534
26534 10285 13534
21962 18092 29787
18092 21962 29787
29787 18092 21962
10442 2549 10020
2549 10020 10442
10020 2549 10442
8756 12426 16313
16313 8756 12426
12426 8756 16313
23423 8202 26953
26953 8202 23423
8202 23423 26953
8944 1659 23613
1659 8944 23613
23613 1659 8944
21758 1224 17094
17094 1224 21758
1224 17094 21758
4576 1750 27912
27912 1750 4576
1750 4576 27912
16055 7654 9196
7654 9196 16055
9196 7654 16055
24165 12279 29182
12279 24165 29182
29182 12279 24165
13873 9374 16501
9374 13873 16501
16501 9374 13873
23918 4536 23808
4536 23808 23918
23808 4536 23918
28557 3007 25942
25942 3007 28557
3007 25942 28557
4955 15852 22440
15852 4955 22440
22440 4955 15852
22585 14126 20299
20299 14126 22585
14126 20299 22585
11281 1595 10366
1595 10366 11281
10366 1595 11281
1584 1984 12652
1984 1584 12652
12652 1584 1984
95 3025 9723
3025 95 9723
9723 95 3025
14903 226 9338
226 9338 14903
9338 226 14903
27145 9831 24607
24607 9831 27145
9831 24607 27145
29739 2269 18376
2269 18376 29739
18376 2269 29739
7716 7661 10445
7661 7716 10445
10445 7661 7716
10144 23337 27253
23337 10144 27253
27253 10144 23337
22997 1496 12038
1496 12038 22997
12038 1496 22997
24905 17680 25272
25272 17680 24905
17680 24905 25272
3196 1220 20778
1220 3196 20778
20778 1220 3196
26482 17885 29599
29599 17885 26482
17885 26482 29599
2603 16106 27451
16106 2603 27451
27451 2603 16106
7091 15796 28181
15796 7091 28181
28181 7091 15796
29649 21292 22150
21292 22150 29649
22150 21292 29649
26545 17222 25112
25112 17222 26545
17222 25112 26545
28779 17520 24195
24195 17520 28779
17520 24195 28779
24892 15334 26433
26433 15334 24892
15334 24892 26433
9713 7620 19337
19337 7620 9713
7620 9713 19337
26285 15462 21709
21709 15462 26285
15462 21709 26285
5251 5726 26622
26622 5251 5726
5726 5251 26622
17329 15625 19806
15625 17329 19806
19806 15625 17329
3711 271 11559
271 3711 11559
11559 271 3711
19937 16012 21477
16012 19937 21477
21477 16012 19937
25146 3038 17062
17062 3038 25146
3038 17062 25146
25282 25425 29027
29027 25282 25425
25425 25282 29027
10146 13962 23784
23784 10146 13962
13962 10146 23784
17324 608 1643
1643 608 17324
608 1643 17324
15495 2289 12687
2289 12687 15495
12687 2289 15495
9287 1731 26344
26344 1731 9287
1731 9287 26344
16219 11155 19826
19826 11155 16219
11155 16219 19826
8584 9915 13476
13476 8584 9915
9915 8584 13476
26087 6292 11176
6292 11176 26087
11176 6292 26087
12631 4654 15865
4654 12631 15865
15865 4654 12631
13933 8568 28422
8568 13933 28422
28422 8568 13933
18494 11020 18826
18826 11020 18494
11020 18494 18826
7726 21132 29881
29881 7726 21132
21132 7726 29881
28990 14618 21718
14618 21718 28990
21718 14618 28990
29961 699 9240
9240 699 29961
699 9240 29961
5601 23417 24170
24170 5601 23417
23417 5601 24170
2663 3763 11743
3763 2663 11743
11743 2663 3763
16745 1226 28615
1226 16745 28615
28615 1226 16745
13702 20097 20363
20363 13702 20097
20097 13702 20363
21597 1586 9207
1586 9207 21597
9207 1586 21597
5616 20741 27576
20741 5616 27576
27576 5616 20741
5837 10877 14132
14132 5837 10877
10877 5837 14132
27574 8537 17225
8537 17225 27574
17225 8537 27574
4145 1850 3620
3620 1850 4145
1850 3620 4145
22288 2616 11149
11149 2616 22288
2616 11149 22288
13199 17910 27520
17910 13199 27520
27520 13199 17910
1433 15774 24126
15774 1433 24126
24126 1433 15774
15972 19836 20138
20138 15972 19836
19836 15972 20138
12036 15337 20911
20911 12036 15337
15337 12036 20911
10225 26141 29029
26141 10225 29029
29029 10225 26141
28261 17161 19615
19615 17161 28261
17161 19615 28261
7521 13189 18304
18304 7521 13189
13189 7521 18304
27435 7806 29164
7806 27435 29164
29164 7806 27435
24646 12505 29715
12505 24646 29715
29715 12505 24646
9373 7182 7739
7182 7739 9373
7739 7182 9373
22366 6329 29020
6329 22366 29020
29020 6329 22366
28719 8824 15610
8824 15610 28719
15610 8824 28719
9715 12902 22604
22604 9715 12902
12902 9715 22604
14383 9539 21687
21687 9539 14383
9539 14383 21687
13771 764 18811
18811 764 13771
764 13771 18811
10699 15771 17620
17620 10699 15771
15771 10699 17620
8407 21074 28777
21074 8407 28777
28777 8407 21074
29608 7997 13537
7997 13537 29608
13537 7997 29608
15981 8688 12251
12251 8688 15981
8688 12251 15981
26098 19940 25287
19940 25287 26098
25287 19940 26098
19152 1903 3538
3538 1903 19152
1903 3538 19152
12805 4018 13130
13130 4018 12805
4018 12805 13130
27231 1672 24048
24048 1672 27231
1672 24048 27231
4853 5939 19480
19480 4853 5939
5939 4853 19480
6343 10117 28652
10117 6343 28652
28652 6343 10117
25119 16365 24344
24344 16365 25119
16365 24344 25119
15316 6938 7903
6938 7903 15316
7903 6938 15316
2073 18435 18894
18894 2073 18435
18435 2073 18894
28722 12477 15176
15176 12477 28722
12477 15176 28722
20292 28819 28919
28919 20292 28819
28819 20292 28919
1492 11618 27426
11618 1492 27426
27426 1492 11618
15856 3754 25340
3754 15856 25340
25340 3754 15856
2996 1200 3791
3791 1200 2996
1200 2996 3791
16362 4962 23888
23888 4962 16362
4962 16362 23888
4264 22614 26308
22614 4264 26308
26308 4264 22614
2107 17058 25776
17058 2107 25776
25776 2107 17058
18992 10871 15816
10871 15816 18992
15816 10871 18992
29440 11243 19841
19841 11243 29440
11243 19841 29440
8071 17012 29432
29432 8071 17012
17012 8071 29432
15653 6872 24457
24457 6872 15653
6872 15653 24457
6356 9753 19130
9753 6356 19130
19130 6356 9753
6498 26130 27341
26130 6498 27341
27341 6498 26130
10627 24168 29081
24168 10627 29081
29081 10627 24168
23726 317 14436
317 14436 23726
14436 317 23726
18398 22047 25273
22047 18398 25273
25273 18398 22047
27337 16090 26411
26411 16090 27337
16090 26411 27337
3788 15249 15342
15249 3788 15342
15342 3788 15249
27792 12186 28393
28393 12186 27792
12186 27792 28393
4362 4373 21557
21557 4362 4373
4373 4362 21557
25090 25414 27221
25414 25090 27221
27221 25090 25414
7702 19762 22953
22953 7702 19762
19762 7702 22953
6645 470 25079
470 6645 25079
25079 470 6645
11653 5320 14600
14600 5320 11653
5320 11653 14600
15211 12760 27146
27146 12760 15211
12760 15211 27146
8655 19675 28543
28543 8655 19675
19675 8655 28543
2665 1623 23125
23125 1623 2665
1623 2665 23125
7352 4605 26228
26228 4605 7352
4605 7352 26228
5723 1495 27847
27847 1495 5723
1495 5723 27847
17215 605 1677
1677 605 17215
605 1677 17215
27134 7438 18270
18270 7438 27134
7438 18270 27134
19573 3234 18674
3234 18674 19573
18674 3234 19573
13469 13415 19442
13415 13469 19442
19442 13415 13469
26340 8521 17160
17160 8521 26340
8521 17160 26340
16755 17197 19894
19894 16755 17197
17197 16755 19894
10165 10637 27812
10637 10165 27812
27812 10165 10637
18769 1151 16493
16493 1151 18769
1151 16493 18769
26733 10498 14544
10498 14544 26733
14544 10498 26733
29543 25153 25919
25919 25153 29543
25153 25919 29543
28089 11251 27873
27873 11251 28089
11251 27873 28089
25354 9617 27791
27791 9617 25354
9617 25354 27791
5234 1274 10385
1274 5234 10385
10385 1274 5234
28152 20645 27969
20645 27969 28152
27969 20645 28152
421 2835 27277
2835 421 27277
27277 421 2835
29545 7606 11971
7606 11971 29545
11971 7606 29545
26220 16152 26133
16152 26133 26220
26133 16152 26220
10506 3549 23605
23605 3549 10506
3549 10506 23605
25346 13502 15683
13502 15683 25346
15683 13502 25346
19819 22113 23548
22113 19819 23548
23548 19819 22113
25149 24360 25395
24360 25149 25395
25395 24360 25149
6712 13278 24448
13278 6712 24448
24448 6712 13278
4290 5764 16611
5764 4290 16611
16611 4290 5764
18672 7473 22571
22571 7473 18672
7473 18672 22571
28205 1598 5143
5143 1598 28205
1598 5143 28205
10614 21653 24581
24581 10614 21653
21653 10614 24581
8520 13748 19680
19680 8520 13748
13748 8520 19680
22737 2211 27733
2211 22737 27733
27733 2211 22737
9335 21740 27889
21740 9335 27889
27889 9335 21740
24348 28180 28994
28180 24348 28994
28994 24348 28180
25844 22321 27262
27262 22321 25844
22321 25844 27262
29303 187 415
415 187 29303
187 415 29303
23445 2944 16403
16403 2944 23445
2944 16403 23445
10503 11248 15909
11248 10503 15909
15909 10503 11248
24007 4839 20837
4839 20837 24007
20837 4839 24007
309 14917 15810
15810 309 14917
14917 309 15810
4980 1736 10377
10377 1736 4980
1736 4980 10377
23924 2504 17535
17535 2504 23924
2504 17535 23924
11726 952 27124
952 11726 27124
27124 952 11726
5231 1350 7634
7634 1350 5231
1350 5231 7634
14510 6430 28340
6430 14510 28340
28340 6430 14510
13255 7032 23569
23569 7032 13255
7032 13255 23569
26613 3562 27738
3562 26613 27738
27738 3562 26613
11117 2767 14187
2767 11117 14187
14187 2767 11117
9922 2007 5539
2007 5539 9922
5539 2007 9922
24785 9059 22799
22799 9059 24785
9059 22799 24785
2888 25232 28349
28349 2888 25232
25232 2888 28349
6761 12438 14988
14988 6761 12438
12438 6761 14988
27582 7409 24277
7409 24277 27582
24277 7409 27582
20438 1618 29627
29627 1618 20438
1618 20438 29627
20040 9612 27034
9612 20040 27034
27034 9612 20040
29315 8743 29556
29556 8743 29315
8743 29315 29556
16448 8876 11318
8876 11318 16448
11318 8876 16448
17434 22355 24356
24356 17434 22355
22355 17434 24356
2560 27091 27675
27091 2560 27675
27675 2560 27091
22084 19546 21157
21157 19546 22084
19546 21157 22084
29395 22181 29818
22181 29395 29818
29818 22181 29395
24542 12278 13638
12278 13638 24542
13638 12278 24542
9526 14891 24857
14891 9526 24857
24857 9526 14891
16227 1001 11813
11813 1001 16227
1001 11813 16227
23496 4989 29223
29223 4989 23496
4989 23496 29223
