33 36 192
192 33 36
36 33 192
127 54 67
54 67 127
67 54 127
137 114 283
283 114 137
114 137 283
191 18 100
18 100 191
100 18 191
58 48 117
48 58 117
117 48 58
141 38 72
72 38 141
38 72 141
118 89 265
265 89 118
89 118 265
161 185 250
250 161 185
185 161 250
17 174 298
174 17 298
298 17 174
112 37 186
186 37 112
37 112 186
98 23 52
23 52 98
52 23 98
268 82 130
82 130 268
130 82 268
162 176 245
245 162 176
176 162 245
234 101 223
223 101 234
101 223 234
153 3 152
152 3 153
3 152 153
217 86 257
257 86 217
86 217 257
39 145 149
149 39 145
145 39 149
69 19 143
143 19 69
19 69 143
134 76 205
76 134 205
205 76 134
264 135 281
281 135 264
135 264 281
293 64 208
208 64 293
64 208 293
214 175 254
175 214 254
254 175 214
182 68 260
68 182 260
260 68 182
294 11 139
11 139 294
139 11 294
51 9 136
9 51 136
136 9 51
124 96 150
96 124 150
150 96 124
43 126 164
164 43 126
126 43 164
25 197 300
300 25 197
197 25 300
147 50 259
50 147 259
259 50 147
276 94 209
94 209 276
209 94 276
90 106 165
106 90 165
165 90 106
73 189 256
256 73 189
189 73 256
297 107 178
107 178 297
178 107 297
62 140 219
219 62 140
140 62 219
30 80 228
80 30 228
228 30 80
87 6 295
6 87 295
295 6 87
263 121 211
121 211 263
211 121 263
194 41 202
202 41 194
41 194 202
243 10 49
10 49 243
49 10 243
204 113 187
113 187 204
187 113 204
120 1 169
1 120 169
169 1 120
59 5 83
83 5 59
5 59 83
299 115 207
115 207 299
207 115 299
280 31 108
108 31 280
31 108 280
77 196 201
201 77 196
196 77 201
85 151 163
163 85 151
151 85 163
287 131 237
237 131 287
131 237 287
103 56 199
56 103 199
199 56 103
15 184 272
184 15 272
272 15 184
26 35 63
63 26 35
35 26 63
296 14 242
242 14 296
14 242 296
81 2 238
2 81 238
238 2 81
248 4 95
95 4 248
4 95 248
180 44 170
170 44 180
44 170 180
177 132 226
226 132 177
132 177 226
61 270 278
278 61 270
270 61 278
53 42 60
42 53 60
60 42 53
235 8 236
8 235 236
236 8 235
168 188 286
286 168 188
188 168 286
91 102 261
261 91 102
102 91 261
220 244 247
244 220 247
247 220 244
252 110 231
110 231 252
231 110 252
167 45 289
289 45 167
45 167 289
279 47 203
203 47 279
47 203 279
206 57 198
57 198 206
198 57 206
222 78 160
160 78 222
78 160 222
123 166 230
166 123 230
230 123 166
221 20 181
181 20 221
20 181 221
12 75 159
75 12 159
159 12 75
273 24 65
65 24 273
24 65 273
241 88 240
240 88 241
88 240 241
232 216 269
269 216 232
216 232 269
119 7 46
7 46 119
46 7 119
79 55 227
227 55 79
55 79 227
16 229 246
229 16 246
246 16 229
267 97 212
212 97 267
97 212 267
183 239 292
239 183 292
292 183 239
109 93 179
93 109 179
179 93 109
290 28 133
28 133 290
133 28 290
105 27 277
277 27 105
27 105 277
156 125 262
125 156 262
262 125 156
195 92 128
92 128 195
128 92 195
29 215 275
275 29 215
215 29 275
144 148 218
218 144 148
148 144 218
255 146 225
225 146 255
146 225 255
171 21 129
129 21 171
21 129 171
266 251 284
284 251 266
251 266 284
13 157 258
258 13 157
157 13 258
291 66 111
66 111 291
111 66 291
99 172 274
172 99 274
274 99 172
288 122 193
193 122 288
122 193 288
173 249 271
249 173 271
271 173 249
285 142 155
155 142 285
142 155 285
40 70 116
70 40 116
116 40 70
74 200 213
200 74 213
213 74 200
32 138 210
210 32 138
138 32 210
224 71 158
158 71 224
71 158 224
154 22 104
104 22 154
22 104 154
84 34 190
34 84 190
190 34 84
253 233 282
282 233 253
233 253 282
