26523 12706 20580
20580 12706 26523
12706 20580 26523
19733 8068 23198
8068 19733 23198
23198 8068 19733
23681 4722 22506
4722 22506 23681
22506 4722 23681
16337 552 20468
552 16337 20468
20468 552 16337
24714 233 22850
233 22850 24714
22850 233 24714
24640 3935 24323
3935 24323 24640
24323 3935 24640
18236 4400 8779
4400 8779 18236
8779 4400 18236
19053 1201 9319
1201 9319 19053
9319 1201 19053
22181 8235 21319
8235 21319 22181
21319 8235 22181
4048 13620 17976
13620 4048 17976
17976 4048 13620
6521 340 1258
1258 340 6521
340 1258 6521
5136 1602 17227
17227 1602 5136
1602 5136 17227
29787 14061 21361
14061 21361 29787
21361 14061 29787
6030 11712 12896
11712 6030 12896
12896 6030 11712
7913 16421 18903
18903 7913 16421
16421 7913 18903
8006 6963 23678
23678 6963 8006
6963 8006 23678
26534 6495 8087
6495 8087 26534
8087 6495 26534
22757 1350 18431
18431 1350 22757
1350 18431 22757
26039 3622 24250
24250 3622 26039
3622 24250 26039
28772 2970 14512
14512 2970 28772
2970 14512 28772
3773 8793 9831
8793 3773 9831
9831 3773 8793
10292 8251 20846
8251 10292 20846
20846 8251 10292
1321 2620 3761
3761 1321 2620
2620 1321 3761
27378 10719 10917
10917 10719 27378
10719 10917 27378
5933 18997 23435
18997 5933 23435
23435 5933 18997
27464 7671 10429
7671 10429 27464
10429 7671 27464
22326 997 8718
997 8718 22326
8718 997 22326
6696 19360 24906
24906 6696 19360
19360 6696 24906
19666 2463 7763
7763 2463 19666
2463 7763 19666
14375 6882 16224
16224 6882 14375
6882 14375 16224
21588 16469 21906
16469 21588 21906
21906 16469 21588
18894 12749 19125
12749 18894 19125
19125 12749 18894
7959 15572 23269
15572 7959 23269
23269 7959 15572
3150 9603 24456
9603 3150 24456
24456 3150 9603
7030 14951 26897
14951 7030 26897
26897 7030 14951
22677 10505 21073
21073 10505 22677
10505 21073 22677
18831 8663 17724
17724 8663 18831
8663 17724 18831
24096 6978 13368
13368 6978 24096
6978 13368 24096
19746 5736 27028
5736 19746 27028
27028 5736 19746
21474 10457 24798
10457 21474 24798
24798 10457 21474
15161 6995 27314
27314 6995 15161
6995 15161 27314
7752 17823 26540
26540 7752 17823
17823 7752 26540
9190 20220 24694
24694 9190 20220
20220 9190 24694
16825 583 26744
26744 583 16825
583 16825 26744
24912 10425 14804
14804 10425 24912
10425 14804 24912
9990 3217 4014
3217 4014 9990
4014 3217 9990
9002 6282 7704
7704 6282 9002
6282 7704 9002
5600 5597 24056
5597 5600 24056
24056 5597 5600
26866 8453 10266
8453 10266 26866
10266 8453 26866
935 13057 26606
26606 935 13057
13057 935 26606
4440 11525 29005
11525 4440 29005
29005 4440 11525
21738 9555 26932
26932 9555 21738
9555 21738 26932
10043 7498 19651
19651 7498 10043
7498 10043 19651
23860 1816 4956
1816 4956 23860
4956 1816 23860
6196 12506 20842
20842 6196 12506
12506 6196 20842
349 15508 24956
15508 349 24956
24956 349 15508
28183 3899 19858
19858 3899 28183
3899 19858 28183
24811 14751 17815
17815 14751 24811
14751 17815 24811
4383 1248 27530
27530 1248 4383
1248 4383 27530
29043 9274 23975
23975 9274 29043
9274 23975 29043
21982 5343 8811
5343 8811 21982
8811 5343 21982
8734 12066 19334
19334 8734 12066
12066 8734 19334
3547 15793 16103
15793 3547 16103
16103 3547 15793
29522 1851 26219
26219 1851 29522
1851 26219 29522
23005 1522 2345
1522 2345 23005
2345 1522 23005
2116 13261 17340
13261 2116 17340
17340 2116 13261
20372 18480 20137
20137 18480 20372
18480 20137 20372
16990 20822 28471
20822 16990 28471
28471 16990 20822
19117 19493 25863
25863 19117 19493
19493 19117 25863
10781 12509 27203
12509 10781 27203
27203 10781 12509
3469 1954 7653
1954 3469 7653
7653 1954 3469
17531 8120 22192
8120 17531 22192
22192 8120 17531
22310 16807 20686
20686 16807 22310
16807 20686 22310
8200 16886 19554
16886 8200 19554
19554 8200 16886
6625 12488 12555
12488 6625 12555
12555 6625 12488
12017 10140 28629
10140 12017 28629
28629 10140 12017
3597 860 19930
19930 860 3597
860 3597 19930
15868 347 24765
347 15868 24765
24765 347 15868
18132 18758 23922
18758 18132 23922
23922 18132 18758
19824 7463 28155
28155 7463 19824
7463 19824 28155
9299 1333 17352
17352 1333 9299
1333 9299 17352
23886 4239 10858
4239 10858 23886
10858 4239 23886
15806 500 1886
1886 500 15806
500 1886 15806
5892 7166 8854
8854 5892 7166
7166 5892 8854
784 5854 12119
5854 784 12119
12119 784 5854
10988 6508 10016
6508 10016 10988
10016 6508 10988
11484 13393 29606
13393 11484 29606
29606 11484 13393
8648 1070 21987
21987 1070 8648
1070 8648 21987
21294 4741 15615
4741 15615 21294
15615 4741 21294
29284 7282 10035
7282 10035 29284
10035 7282 29284
28536 26946 29958
26946 28536 29958
29958 26946 28536
6451 3312 18899
3312 6451 18899
18899 3312 6451
5939 24189 29874
24189 5939 29874
29874 5939 24189
24700 17396 27793
27793 17396 24700
17396 24700 27793
18262 1143 16276
1143 16276 18262
16276 1143 18262
18090 5117 27708
27708 5117 18090
5117 18090 27708
16821 5318 7395
5318 7395 16821
7395 5318 16821
1428 507 29476
507 1428 29476
29476 507 1428
11179 8724 27002
8724 11179 27002
27002 8724 11179
2354 14195 19221
19221 2354 14195
14195 2354 19221
9364 7465 24748
7465 9364 24748
24748 7465 9364
21175 4512 20879
4512 20879 21175
20879 4512 21175
9766 569 20339
569 9766 20339
20339 569 9766
27197 11353 18642
11353 18642 27197
18642 11353 27197
7254 1974 18393
1974 7254 18393
18393 1974 7254
5338 1896 11804
1896 5338 11804
11804 1896 5338
12656 2773 4002
2773 4002 12656
4002 2773 12656
23138 6172 28884
6172 23138 28884
28884 6172 23138
14246 4099 6729
6729 4099 14246
4099 6729 14246
2480 116 3784
3784 116 2480
116 2480 3784
26031 12253 19998
12253 19998 26031
19998 12253 26031
20927 16687 27679
27679 16687 20927
16687 20927 27679
23813 3175 21752
21752 3175 23813
3175 21752 23813
9224 6334 20757
20757 6334 9224
6334 9224 20757
19199 7725 14446
14446 7725 19199
7725 14446 19199
22187 19040 26424
19040 22187 26424
26424 19040 22187
26376 9907 29960
29960 9907 26376
9907 26376 29960
1183 20694 21067
21067 1183 20694
20694 1183 21067
27950 2910 24705
24705 2910 27950
2910 24705 27950
20734 16613 21448
21448 16613 20734
16613 20734 21448
11421 10142 20517
20517 10142 11421
10142 11421 20517
17663 6595 28055
28055 6595 17663
6595 17663 28055
14917 25911 26510
25911 14917 26510
26510 14917 25911
22015 9860 21941
21941 9860 22015
9860 21941 22015
24263 3831 27368
27368 3831 24263
3831 24263 27368
21994 3667 28101
3667 21994 28101
28101 3667 21994
28306 7536 24066
7536 24066 28306
24066 7536 28306
13988 11174 12909
12909 11174 13988
11174 12909 13988
20688 16453 22038
16453 20688 22038
22038 16453 20688
14286 7129 22669
7129 14286 22669
22669 7129 14286
23474 3587 6992
3587 6992 23474
6992 3587 23474
4724 12275 16800
12275 4724 16800
16800 4724 12275
9134 4333 20595
4333 9134 20595
20595 4333 9134
10635 3202 7520
7520 3202 10635
3202 7520 10635
18631 10446 28766
28766 10446 18631
10446 18631 28766
15543 19661 21806
21806 15543 19661
19661 15543 21806
24817 10795 20012
10795 20012 24817
20012 10795 24817
7528 2771 21924
2771 7528 21924
21924 2771 7528
27972 17442 28736
28736 17442 27972
17442 27972 28736
12240 5119 9724
5119 9724 12240
9724 5119 12240
16225 7074 19464
7074 16225 19464
19464 7074 16225
3189 13698 14088
14088 3189 13698
13698 3189 14088
1410 12360 16653
12360 1410 16653
16653 1410 12360
25651 23749 23959
23749 23959 25651
23959 23749 25651
20269 1430 20297
1430 20269 20297
20297 1430 20269
29833 8952 24579
24579 8952 29833
8952 24579 29833
17495 12496 14202
12496 14202 17495
14202 12496 17495
26922 13652 29656
29656 13652 26922
13652 26922 29656
6716 2634 21585
2634 6716 21585
21585 2634 6716
27431 8645 18506
18506 8645 27431
8645 18506 27431
25189 2702 10138
2702 10138 25189
10138 2702 25189
25432 6631 16844
16844 6631 25432
6631 16844 25432
29664 2204 14062
14062 2204 29664
2204 14062 29664
25311 21207 27256
27256 21207 25311
21207 25311 27256
14046 3959 13468
3959 13468 14046
13468 3959 14046
24374 20679 25639
25639 20679 24374
20679 24374 25639
24727 16981 19544
16981 19544 24727
19544 16981 24727
2644 11568 17673
11568 2644 17673
17673 2644 11568
17754 13061 25373
25373 13061 17754
13061 17754 25373
4555 16125 26000
26000 4555 16125
16125 4555 26000
19862 13731 26044
26044 13731 19862
13731 19862 26044
3197 23440 25569
25569 3197 23440
23440 3197 25569
71 991 18245
991 71 18245
18245 71 991
13934 24016 25543
24016 13934 25543
25543 13934 24016
12286 5395 11784
5395 11784 12286
11784 5395 12286
16622 4205 27333
27333 4205 16622
4205 16622 27333
7177 21613 26159
21613 7177 26159
26159 7177 21613
13932 6416 23908
23908 6416 13932
6416 13932 23908
14052 354 4275
354 4275 14052
4275 354 14052
14817 8096 14590
14590 8096 14817
8096 14590 14817
9874 5644 17792
5644 9874 17792
17792 5644 9874
9 5200 20187
20187 9 5200
5200 9 20187
17085 7565 14693
7565 14693 17085
14693 7565 17085
26422 10931 20086
20086 10931 26422
10931 20086 26422
28041 3690 28385
3690 28041 28385
28385 3690 28041
21444 8416 17509
17509 8416 21444
8416 17509 21444
25796 7841 22805
22805 7841 25796
7841 22805 25796
23633 20193 27969
27969 20193 23633
20193 23633 27969
12312 5037 11899
11899 5037 12312
5037 11899 12312
7836 8274 12740
8274 7836 12740
12740 7836 8274
4540 5062 5129
5062 4540 5129
5129 4540 5062
17603 24467 27535
27535 17603 24467
24467 17603 27535
12569 801 2255
2255 801 12569
801 2255 12569
1001 20160 27610
27610 1001 20160
20160 1001 27610
11120 17556 18602
18602 11120 17556
17556 11120 18602
11711 8824 21168
21168 8824 11711
8824 11711 21168
19790 2524 29856
29856 2524 19790
2524 19790 29856
29325 19521 21856
19521 21856 29325
21856 19521 29325
19859 19373 25505
25505 19373 19859
19373 19859 25505
23607 7242 22977
22977 7242 23607
7242 22977 23607
21152 6027 22205
22205 6027 21152
6027 21152 22205
16926 3367 11498
11498 3367 16926
3367 11498 16926
24620 13105 14421
13105 14421 24620
14421 13105 24620
24658 82 24897
24897 82 24658
82 24658 24897
96 18921 20588
20588 96 18921
18921 96 20588
18247 6256 23507
23507 6256 18247
6256 18247 23507
27966 6975 27934
27934 6975 27966
6975 27934 27966
9616 5488 23426
5488 9616 23426
23426 5488 9616
12021 8314 10651
8314 10651 12021
10651 8314 12021
9759 10684 29535
10684 9759 29535
29535 9759 10684
12461 27213 29102
29102 12461 27213
27213 12461 29102
29329 10890 15482
15482 10890 29329
10890 15482 29329
29291 14280 22937
14280 22937 29291
22937 14280 29291
26268 22132 28176
22132 26268 28176
28176 22132 26268
4353 5886 27424
5886 4353 27424
27424 4353 5886
10841 1747 5845
1747 5845 10841
5845 1747 10841
24953 6113 29621
29621 6113 24953
6113 24953 29621
7430 1000 23730
23730 1000 7430
1000 7430 23730
28798 15905 26072
26072 15905 28798
15905 26072 28798
22475 8258 25052
25052 8258 22475
8258 22475 25052
23858 4541 14876
4541 14876 23858
14876 4541 23858
22759 2679 24845
24845 2679 22759
2679 22759 24845
6404 3929 24032
24032 3929 6404
3929 6404 24032
743 4685 11668
4685 743 11668
11668 743 4685
22320 16951 20527
20527 16951 22320
16951 20527 22320
14872 6840 9858
6840 9858 14872
9858 6840 14872
14487 13325 14847
14847 13325 14487
13325 14487 14847
20440 17188 20143
20143 17188 20440
17188 20143 20440
9908 1062 16786
16786 1062 9908
1062 9908 16786
20342 10334 13767
10334 13767 20342
13767 10334 20342
26115 2830 3646
2830 3646 26115
3646 2830 26115
6644 4824 12169
4824 6644 12169
12169 4824 6644
12576 1520 22159
1520 12576 22159
22159 1520 12576
29416 2697 21598
2697 21598 29416
21598 2697 29416
12797 11429 17236
17236 11429 12797
11429 12797 17236
15126 15198 19017
15198 15126 19017
19017 15126 15198
2852 948 7686
7686 948 2852
948 2852 7686
18457 15367 26343
26343 15367 18457
15367 18457 26343
16765 1323 19238
1323 16765 19238
19238 1323 16765
4050 7615 26185
7615 4050 26185
26185 4050 7615
7104 6135 29347
6135 7104 29347
29347 6135 7104
24679 12691 25803
25803 12691 24679
12691 24679 25803
3930 21527 24836
21527 3930 24836
24836 3930 21527
19650 3156 9651
3156 9651 19650
9651 3156 19650
21727 2576 14521
14521 2576 21727
2576 14521 21727
5325 7727 28464
28464 5325 7727
7727 5325 28464
9334 14071 19311
14071 9334 19311
19311 9334 14071
14269 1408 21710
21710 1408 14269
1408 14269 21710
12552 6346 8458
6346 8458 12552
8458 6346 12552
12955 6702 29952
29952 6702 12955
6702 12955 29952
28058 6531 22828
6531 22828 28058
22828 6531 28058
15321 16230 21654
21654 15321 16230
16230 15321 21654
29077 1595 25698
1595 25698 29077
25698 1595 29077
2888 6062 7930
6062 2888 7930
7930 2888 6062
13005 19435 24657
19435 13005 24657
24657 13005 19435
9924 2812 8904
2812 8904 9924
8904 2812 9924
29456 1322 15551
15551 1322 29456
1322 15551 29456
24358 21932 26492
21932 24358 26492
26492 21932 24358
5315 3141 16451
3141 5315 16451
16451 3141 5315
4327 1054 8999
8999 1054 4327
1054 4327 8999
22778 26388 29638
29638 22778 26388
26388 22778 29638
15357 17844 20266
20266 15357 17844
17844 15357 20266
19958 8618 25939
8618 19958 25939
25939 8618 19958
24892 6211 15204
15204 6211 24892
6211 15204 24892
26571 1622 7950
7950 1622 26571
1622 7950 26571
25173 13355 28073
13355 25173 28073
28073 13355 25173
6591 19592 22665
22665 6591 19592
19592 6591 22665
20384 165 11395
11395 165 20384
165 11395 20384
18237 7979 26870
7979 18237 26870
26870 7979 18237
7083 14408 26605
26605 7083 14408
14408 7083 26605
13678 11370 25508
25508 11370 13678
11370 13678 25508
29784 4330 25487
4330 25487 29784
25487 4330 29784
9993 22610 26646
26646 9993 22610
22610 9993 26646
7777 16032 28127
28127 7777 16032
16032 7777 28127
10095 131 16035
131 10095 16035
16035 131 10095
12202 8966 21830
8966 12202 21830
21830 8966 12202
9162 3461 23502
3461 9162 23502
23502 3461 9162
24555 20853 27322
27322 20853 24555
20853 24555 27322
8827 6222 11177
6222 8827 11177
11177 6222 8827
27826 11163 23131
11163 23131 27826
23131 11163 27826
24134 18978 19532
18978 19532 24134
19532 18978 24134
20085 133 3675
3675 133 20085
133 3675 20085
13586 12625 12756
12625 12756 13586
12756 12625 13586
24988 17878 22910
22910 17878 24988
17878 22910 24988
22769 15078 22381
15078 22381 22769
22381 15078 22769
17268 22560 22671
22560 17268 22671
22671 17268 22560
23402 13246 20267
13246 20267 23402
20267 13246 23402
15925 8862 26445
8862 15925 26445
26445 8862 15925
14451 220 10060
10060 220 14451
220 10060 14451
11618 27398 29445
27398 11618 29445
29445 11618 27398
14822 128 27392
27392 128 14822
128 14822 27392
20281 2366 24767
24767 2366 20281
2366 20281 24767
1657 4981 24551
24551 1657 4981
4981 1657 24551
24113 22809 22886
22809 22886 24113
22886 22809 24113
18680 19596 29613
29613 18680 19596
19596 18680 29613
23040 15802 19730
15802 19730 23040
19730 15802 23040
20788 11293 28642
28642 11293 20788
11293 20788 28642
22745 17452 20503
17452 20503 22745
20503 17452 22745
21110 15573 26722
15573 21110 26722
26722 15573 21110
19690 6755 27071
27071 6755 19690
6755 19690 27071
17333 15794 19085
19085 15794 17333
15794 17333 19085
28046 151 7839
151 7839 28046
7839 151 28046
15011 17073 25831
17073 15011 25831
25831 15011 17073
19864 10136 25936
10136 19864 25936
25936 10136 19864
21142 607 781
607 781 21142
781 607 21142
23848 9625 25448
9625 23848 25448
25448 9625 23848
18067 5637 22819
22819 5637 18067
5637 18067 22819
8881 6914 12586
6914 8881 12586
12586 6914 8881
4010 16891 22638
16891 4010 22638
22638 4010 16891
19321 1064 18915
18915 1064 19321
1064 18915 19321
286 8923 26487
8923 286 26487
26487 286 8923
16933 5997 26257
5997 16933 26257
26257 5997 16933
12483 27478 29164
27478 12483 29164
29164 12483 27478
27255 1715 5405
5405 1715 27255
1715 5405 27255
29963 231 15791
15791 231 29963
231 15791 29963
9402 2517 15032
2517 9402 15032
15032 2517 9402
14367 14232 27044
14232 14367 27044
27044 14232 14367
22383 4805 9532
9532 4805 22383
4805 9532 22383
10114 10638 13096
10638 10114 13096
13096 10114 10638
26124 1872 21021
1872 21021 26124
21021 1872 26124
2241 9343 18692
9343 2241 18692
18692 2241 9343
26344 6736 11215
6736 11215 26344
11215 6736 26344
21381 12416 26366
12416 21381 26366
26366 12416 21381
17615 14819 20333
14819 17615 20333
20333 14819 17615
10402 1476 3103
3103 1476 10402
1476 3103 10402
13366 3187 17474
3187 13366 17474
17474 3187 13366
2217 12019 15360
12019 2217 15360
15360 2217 12019
3549 18295 19890
19890 3549 18295
18295 3549 19890
7643 11674 27375
27375 7643 11674
11674 7643 27375
8307 1061 23699
1061 8307 23699
23699 1061 8307
17473 8247 10576
10576 8247 17473
8247 10576 17473
10273 3766 26716
3766 10273 26716
26716 3766 10273
8192 825 29340
29340 825 8192
825 8192 29340
384 7786 18796
7786 384 18796
18796 384 7786
16458 18395 18463
18395 16458 18463
18463 16458 18395
16028 2126 24037
2126 16028 24037
24037 2126 16028
9961 3258 5176
3258 5176 9961
5176 3258 9961
13700 726 20895
20895 726 13700
726 13700 20895
28103 3480 12477
3480 12477 28103
12477 3480 28103
4879 21682 28937
21682 4879 28937
28937 4879 21682
16442 15665 27052
15665 16442 27052
27052 15665 16442
11203 39 23826
23826 39 11203
39 11203 23826
26568 14257 17124
14257 17124 26568
17124 14257 26568
6666 5708 23581
5708 6666 23581
23581 5708 6666
4657 5903 19337
19337 4657 5903
5903 4657 19337
26989 13342 22252
22252 13342 26989
13342 22252 26989
18206 17501 23889
23889 17501 18206
17501 18206 23889
27056 4032 24573
4032 24573 27056
24573 4032 27056
6466 12113 19744
12113 6466 19744
19744 6466 12113
28608 2538 23227
23227 2538 28608
2538 23227 28608
14644 6929 16346
6929 14644 16346
16346 6929 14644
28416 2462 29056
29056 2462 28416
2462 28416 29056
16420 2057 15747
2057 15747 16420
15747 2057 16420
12713 2162 24729
24729 2162 12713
2162 12713 24729
6861 26641 28596
26641 6861 28596
28596 6861 26641
22056 15854 21164
15854 21164 22056
21164 15854 22056
4506 4702 6432
4702 4506 6432
6432 4506 4702
3168 196 2367
196 2367 3168
2367 196 3168
29821 4624 29026
4624 29026 29821
29026 4624 29821
9894 16768 29271
29271 9894 16768
16768 9894 29271
25696 9817 12707
9817 12707 25696
12707 9817 25696
21139 17831 25573
25573 17831 21139
17831 21139 25573
14479 8452 25283
25283 8452 14479
8452 14479 25283
29888 7037 29693
29693 7037 29888
7037 29693 29888
25346 2975 24349
24349 2975 25346
2975 24349 25346
14882 9181 11333
11333 9181 14882
9181 11333 14882
2229 5516 27968
5516 2229 27968
27968 2229 5516
27746 13836 23448
13836 23448 27746
23448 13836 27746
2839 2165 9111
2165 2839 9111
9111 2165 2839
12779 5665 18649
18649 5665 12779
5665 12779 18649
29344 9308 22920
9308 22920 29344
22920 9308 29344
15918 1947 6107
1947 6107 15918
6107 1947 15918
9936 1274 3556
3556 1274 9936
1274 3556 9936
26522 4263 12079
12079 4263 26522
4263 12079 26522
17857 10412 21463
10412 17857 21463
21463 10412 17857
23915 18999 27512
18999 23915 27512
27512 18999 23915
9133 18833 25765
18833 9133 25765
25765 9133 18833
23803 16851 23160
23160 16851 23803
16851 23160 23803
7732 4798 13439
13439 4798 7732
4798 7732 13439
5662 27873 29178
27873 5662 29178
29178 5662 27873
2520 12612 19815
12612 2520 19815
19815 2520 12612
15359 26429 28119
28119 15359 26429
26429 15359 28119
28607 1148 4817
1148 4817 28607
4817 1148 28607
1342 26643 29850
29850 1342 26643
26643 1342 29850
110 2587 18145
2587 110 18145
18145 110 2587
1881 17545 18038
18038 1881 17545
17545 1881 18038
26528 4513 8689
4513 8689 26528
8689 4513 26528
2809 10676 24572
10676 2809 24572
24572 2809 10676
2916 4861 17472
17472 2916 4861
4861 2916 17472
18268 21771 25500
25500 18268 21771
21771 18268 25500
15883 25559 28615
25559 15883 28615
28615 15883 25559
15187 2333 13032
13032 2333 15187
2333 13032 15187
3621 6029 6520
6029 3621 6520
6520 3621 6029
24454 15513 16304
16304 15513 24454
15513 16304 24454
29817 6223 14925
14925 6223 29817
6223 14925 29817
2872 7723 11972
7723 2872 11972
11972 2872 7723
5860 394 22182
394 5860 22182
22182 394 5860
23452 18335 24380
18335 23452 24380
24380 18335 23452
9761 699 18495
18495 699 9761
699 9761 18495
17112 5133 6355
6355 5133 17112
5133 6355 17112
23416 7340 26318
26318 7340 23416
7340 23416 26318
14534 2606 4863
2606 4863 14534
4863 2606 14534
1309 22518 25033
25033 1309 22518
22518 1309 25033
25810 10313 16102
16102 10313 25810
10313 16102 25810
18949 8989 20982
8989 18949 20982
20982 8989 18949
4499 8240 11489
8240 4499 11489
11489 4499 8240
5125 13056 22705
22705 5125 13056
13056 5125 22705
25458 19352 26533
26533 19352 25458
19352 25458 26533
28906 6845 17941
17941 6845 28906
6845 17941 28906
14425 9728 11689
9728 11689 14425
11689 9728 14425
27594 17051 23211
23211 17051 27594
17051 23211 27594
12213 630 7690
7690 630 12213
630 7690 12213
19444 23387 29013
29013 19444 23387
23387 19444 29013
27791 4392 6628
6628 4392 27791
4392 6628 27791
29206 6829 20974
6829 20974 29206
20974 6829 29206
29650 7795 16156
16156 7795 29650
7795 16156 29650
12934 3371 3706
3706 3371 12934
3371 3706 12934
18485 15700 21960
15700 18485 21960
21960 15700 18485
11046 9580 27260
27260 9580 11046
9580 11046 27260
27864 10729 20719
10729 20719 27864
20719 10729 27864
2846 13327 24184
24184 2846 13327
13327 2846 24184
21197 1173 13120
1173 13120 21197
13120 1173 21197
7098 22409 23897
23897 7098 22409
22409 7098 23897
7416 2585 10814
10814 2585 7416
2585 7416 10814
3931 7248 25622
7248 3931 25622
25622 3931 7248
19077 11168 15563
11168 15563 19077
15563 11168 19077
6259 20235 20681
20235 6259 20681
20681 6259 20235
24920 22969 24902
24902 22969 24920
22969 24902 24920
764 8419 27678
27678 764 8419
8419 764 27678
28718 1012 19332
1012 19332 28718
19332 1012 28718
3718 16184 26645
26645 3718 16184
16184 3718 26645
21973 18537 18654
18654 18537 21973
18537 18654 21973
5789 3402 9853
9853 3402 5789
3402 5789 9853
11322 9807 26916
26916 9807 11322
9807 11322 26916
3012 12893 29589
29589 3012 12893
12893 3012 29589
12133 1617 27732
1617 12133 27732
27732 1617 12133
16377 11476 12198
12198 11476 16377
11476 12198 16377
9502 15742 23343
15742 9502 23343
23343 9502 15742
28209 4907 18135
4907 18135 28209
18135 4907 28209
11413 8126 8590
8126 8590 11413
8590 8126 11413
3914 644 12889
644 3914 12889
12889 644 3914
10636 4110 12734
4110 10636 12734
12734 4110 10636
27172 7770 28721
7770 27172 28721
28721 7770 27172
1781 3868 24259
24259 1781 3868
3868 1781 24259
8386 11027 27736
11027 8386 27736
27736 8386 11027
17536 1431 26172
26172 1431 17536
1431 17536 26172
8163 21974 28156
21974 8163 28156
28156 8163 21974
9844 14218 29641
14218 9844 29641
29641 9844 14218
23404 17120 27537
27537 17120 23404
17120 23404 27537
11074 23596 27246
23596 11074 27246
27246 11074 23596
26550 9624 18211
9624 18211 26550
18211 9624 26550
12729 17320 24904
17320 12729 24904
24904 12729 17320
18650 13576 21124
13576 18650 21124
21124 13576 18650
11716 6461 19762
6461 11716 19762
19762 6461 11716
13189 25593 26485
26485 13189 25593
25593 13189 26485
22042 5720 9524
9524 5720 22042
5720 9524 22042
27719 17422 28066
17422 27719 28066
28066 17422 27719
23355 6183 18020
6183 18020 23355
18020 6183 23355
7291 663 20654
20654 663 7291
663 7291 20654
16766 13935 18962
18962 13935 16766
13935 16766 18962
10671 21493 25913
25913 10671 21493
21493 10671 25913
15438 11295 20574
11295 15438 20574
20574 11295 15438
8684 4502 16904
16904 4502 8684
4502 8684 16904
4131 17219 24158
17219 4131 24158
24158 4131 17219
5966 2388 6025
6025 2388 5966
2388 5966 6025
17099 6546 19813
6546 17099 19813
19813 6546 17099
9223 8546 21241
8546 9223 21241
21241 8546 9223
5919 22297 27093
22297 5919 27093
27093 5919 22297
21033 11263 29924
11263 21033 29924
29924 11263 21033
10088 5370 13715
13715 5370 10088
5370 10088 13715
14256 17942 18586
17942 14256 18586
18586 14256 17942
20396 1875 5017
1875 5017 20396
5017 1875 20396
19010 8775 17196
17196 8775 19010
8775 17196 19010
17933 17189 19226
19226 17189 17933
17189 17933 19226
22849 13008 19883
19883 13008 22849
13008 19883 22849
20735 17797 23924
17797 20735 23924
23924 17797 20735
12764 6551 23266
6551 12764 23266
23266 6551 12764
4066 12663 27840
27840 4066 12663
12663 4066 27840
21709 16818 23098
23098 16818 21709
16818 21709 23098
6156 10543 14101
14101 6156 10543
10543 6156 14101
7921 3588 13541
3588 7921 13541
13541 3588 7921
27385 6507 10098
10098 6507 27385
6507 10098 27385
12303 6996 19643
19643 6996 12303
6996 12303 19643
15206 4024 24207
4024 15206 24207
24207 4024 15206
3903 19018 23662
23662 3903 19018
19018 3903 23662
2842 11311 13073
11311 2842 13073
13073 2842 11311
26553 4291 26453
26453 4291 26553
4291 26453 26553
7159 761 7182
761 7159 7182
7182 761 7159
16620 17664 27405
17664 16620 27405
27405 16620 17664
14452 4476 21453
4476 14452 21453
21453 4476 14452
18162 22554 23370
22554 18162 23370
23370 18162 22554
14483 22169 25299
22169 14483 25299
25299 14483 22169
4989 19679 23071
19679 4989 23071
23071 4989 19679
22446 14936 19836
14936 19836 22446
19836 14936 22446
4406 1985 7898
7898 1985 4406
1985 4406 7898
20634 18167 27472
18167 20634 27472
27472 18167 20634
21660 22719 23893
22719 21660 23893
23893 21660 22719
25061 7854 13992
7854 13992 25061
13992 7854 25061
25565 15233 26692
26692 15233 25565
15233 25565 26692
2735 7121 24376
7121 2735 24376
24376 2735 7121
20251 20278 25995
20278 20251 25995
25995 20251 20278
1527 9068 25253
25253 1527 9068
9068 1527 25253
6808 17838 18982
17838 6808 18982
18982 6808 17838
9733 7207 10546
7207 9733 10546
10546 7207 9733
5687 16623 19091
16623 5687 19091
19091 5687 16623
26567 1864 15903
15903 1864 26567
1864 15903 26567
13858 26420 29539
29539 13858 26420
26420 13858 29539
27423 15845 28287
28287 15845 27423
15845 27423 28287
19169 9113 26873
9113 19169 26873
26873 9113 19169
17314 10968 19290
19290 10968 17314
10968 17314 19290
27236 11199 27862
11199 27236 27862
27862 11199 27236
23288 22605 24198
22605 23288 24198
24198 22605 23288
28393 8915 13719
8915 13719 28393
13719 8915 28393
27640 1923 14175
14175 1923 27640
1923 14175 27640
6299 8758 11499
8758 6299 11499
11499 6299 8758
9669 3898 9744
9744 3898 9669
3898 9669 9744
24639 5582 29261
5582 24639 29261
29261 5582 24639
14890 2292 22303
2292 14890 22303
22303 2292 14890
3533 1987 12831
1987 3533 12831
12831 1987 3533
6200 17423 28935
17423 6200 28935
28935 6200 17423
7018 6915 22985
6915 7018 22985
22985 6915 7018
9983 14078 28493
28493 9983 14078
14078 9983 28493
6926 10948 21176
21176 6926 10948
10948 6926 21176
21411 10865 20952
10865 20952 21411
20952 10865 21411
25909 480 25150
25150 480 25909
480 25150 25909
3702 1977 7785
7785 1977 3702
1977 3702 7785
2151 7287 18910
7287 2151 18910
18910 2151 7287
22550 13543 26853
13543 22550 26853
26853 13543 22550
5726 13732 27922
13732 5726 27922
27922 5726 13732
14262 732 7549
7549 732 14262
732 7549 14262
17764 16418 26354
26354 16418 17764
16418 17764 26354
28315 4748 11557
4748 11557 28315
11557 4748 28315
28100 14779 21688
14779 21688 28100
21688 14779 28100
6525 1364 18875
18875 1364 6525
1364 6525 18875
15221 15906 25204
15906 15221 25204
25204 15221 15906
13178 3510 7655
7655 3510 13178
3510 7655 13178
19546 12397 21456
12397 19546 21456
21456 12397 19546
22055 3165 14043
3165 14043 22055
14043 3165 22055
29836 19244 21402
21402 19244 29836
19244 21402 29836
2483 10654 12704
12704 2483 10654
10654 2483 12704
13694 10726 18765
18765 10726 13694
10726 13694 18765
21659 7546 13812
7546 13812 21659
13812 7546 21659
15258 2194 25447
2194 15258 25447
25447 2194 15258
2883 6162 20832
20832 2883 6162
6162 2883 20832
3133 29280 29640
29280 3133 29640
29640 3133 29280
20231 9672 25587
25587 9672 20231
9672 20231 25587
23640 344 4460
344 4460 23640
4460 344 23640
16178 12946 15664
15664 12946 16178
12946 15664 16178
16443 14971 20973
14971 16443 20973
20973 14971 16443
22456 2390 11665
11665 2390 22456
2390 11665 22456
6646 13204 17101
13204 6646 17101
17101 6646 13204
914 12183 19116
12183 914 19116
19116 914 12183
23786 12544 23517
12544 23517 23786
23517 12544 23786
22854 8342 14901
14901 8342 22854
8342 14901 22854
7033 11805 21263
21263 7033 11805
11805 7033 21263
2100 19 13682
13682 19 2100
19 2100 13682
20439 4967 26363
26363 4967 20439
4967 20439 26363
2110 2127 11184
11184 2110 2127
2127 2110 11184
9161 6430 25320
6430 9161 25320
25320 6430 9161
27995 21487 27350
21487 27350 27995
27350 21487 27995
11939 14732 16263
14732 11939 16263
16263 11939 14732
28075 8201 26811
26811 8201 28075
8201 26811 28075
5701 4890 14774
4890 5701 14774
14774 4890 5701
4716 22040 25071
25071 4716 22040
22040 4716 25071
4787 1265 20371
20371 1265 4787
1265 4787 20371
29511 2821 21734
2821 21734 29511
21734 2821 29511
20316 18077 24802
24802 18077 20316
18077 20316 24802
14220 19807 25667
25667 14220 19807
19807 14220 25667
6391 1847 16287
1847 6391 16287
16287 1847 6391
547 12209 21873
12209 547 21873
21873 547 12209
6874 12112 21457
12112 6874 21457
21457 6874 12112
2166 22088 29359
22088 2166 29359
29359 2166 22088
27885 9286 10985
10985 9286 27885
9286 10985 27885
29926 11031 15028
15028 11031 29926
11031 15028 29926
12135 471 14455
471 12135 14455
14455 471 12135
20459 12659 19087
19087 12659 20459
12659 19087 20459
4195 13444 16347
16347 4195 13444
13444 4195 16347
10860 12083 24680
24680 10860 12083
12083 10860 24680
15137 5705 20513
20513 5705 15137
5705 15137 20513
16573 13782 25167
25167 13782 16573
13782 16573 25167
3976 503 6611
6611 503 3976
503 3976 6611
28969 6720 12530
12530 6720 28969
6720 12530 28969
29441 16403 19932
16403 19932 29441
19932 16403 29441
867 4576 7026
7026 867 4576
4576 867 7026
15530 10779 19997
10779 15530 19997
19997 10779 15530
14122 21925 27754
27754 14122 21925
21925 14122 27754
5922 5130 20103
20103 5130 5922
5130 5922 20103
29730 1579 24801
24801 1579 29730
1579 24801 29730
736 598 25059
598 736 25059
25059 598 736
8246 6442 29799
29799 6442 8246
6442 8246 29799
3574 3420 4746
3420 3574 4746
4746 3420 3574
6481 17530 19055
19055 6481 17530
17530 6481 19055
19907 12230 28130
28130 12230 19907
12230 19907 28130
8693 3028 20083
20083 3028 8693
3028 8693 20083
19333 14178 19868
14178 19333 19868
19868 14178 19333
19480 5183 11493
11493 5183 19480
5183 11493 19480
18299 14613 15965
14613 15965 18299
15965 14613 18299
29236 5205 16111
5205 16111 29236
16111 5205 29236
3923 9805 10407
10407 3923 9805
9805 3923 10407
11332 4837 27329
27329 4837 11332
4837 11332 27329
29230 711 4450
4450 711 29230
711 4450 29230
21872 13074 26484
13074 21872 26484
26484 13074 21872
6714 11522 16575
11522 6714 16575
16575 6714 11522
10236 9158 20043
20043 9158 10236
9158 10236 20043
7807 17063 24536
17063 7807 24536
24536 7807 17063
8554 12775 28141
28141 8554 12775
12775 8554 28141
20244 10670 26277
26277 10670 20244
10670 20244 26277
12834 16504 22422
22422 12834 16504
16504 12834 22422
8977 13480 16751
13480 8977 16751
16751 8977 13480
29732 616 27195
616 27195 29732
27195 616 29732
21419 745 19327
745 19327 21419
19327 745 21419
22775 16678 23585
16678 22775 23585
23585 16678 22775
4591 11052 21516
11052 4591 21516
21516 4591 11052
24175 5303 24486
24486 5303 24175
5303 24175 24486
7303 10144 24373
24373 7303 10144
10144 7303 24373
5765 3495 23573
23573 3495 5765
3495 5765 23573
28739 10623 13486
13486 10623 28739
10623 13486 28739
24205 1526 24558
1526 24205 24558
24558 1526 24205
28805 10087 17000
10087 17000 28805
17000 10087 28805
7233 15926 18677
18677 7233 15926
15926 7233 18677
18424 2671 17517
2671 17517 18424
17517 2671 18424
6070 3460 13629
3460 6070 13629
13629 3460 6070
7875 5706 6419
6419 5706 7875
5706 6419 7875
18212 144 17903
144 17903 18212
17903 144 18212
10005 3800 25601
25601 3800 10005
3800 10005 25601
29154 8530 11383
8530 11383 29154
11383 8530 29154
21807 21053 21086
21086 21053 21807
21053 21086 21807
21928 2635 3961
3961 2635 21928
2635 3961 21928
12524 21059 21896
21059 12524 21896
21896 12524 21059
15425 17213 21534
21534 15425 17213
17213 15425 21534
22989 9753 25402
25402 9753 22989
9753 22989 25402
17892 682 6785
682 6785 17892
6785 682 17892
467 20980 23617
23617 467 20980
20980 467 23617
1980 15922 23084
15922 1980 23084
23084 1980 15922
19791 16036 21422
16036 19791 21422
21422 16036 19791
27935 8548 22082
8548 22082 27935
22082 8548 27935
11282 19803 28074
19803 11282 28074
28074 11282 19803
22781 14289 29461
14289 22781 29461
29461 14289 22781
19368 13669 14916
13669 14916 19368
14916 13669 19368
15475 2046 2654
2046 2654 15475
2654 2046 15475
17559 19850 29949
29949 17559 19850
19850 17559 29949
18958 8020 8473
8473 8020 18958
8020 8473 18958
8820 3924 5811
3924 5811 8820
5811 3924 8820
12168 18120 20487
18120 12168 20487
20487 12168 18120
21737 16146 28182
16146 21737 28182
28182 16146 21737
4345 10981 25445
25445 4345 10981
10981 4345 25445
5806 12500 25418
12500 5806 25418
25418 5806 12500
25560 13242 23672
23672 13242 25560
13242 23672 25560
26006 11912 13129
13129 11912 26006
11912 13129 26006
23039 2825 22664
2825 22664 23039
22664 2825 23039
26979 4602 25438
4602 25438 26979
25438 4602 26979
10293 6079 19303
19303 6079 10293
6079 10293 19303
20836 6792 19889
19889 6792 20836
6792 19889 20836
16739 3262 22702
3262 16739 22702
22702 3262 16739
27996 9552 22596
9552 22596 27996
22596 9552 27996
26687 14130 20814
14130 20814 26687
20814 14130 26687
18565 2630 12330
12330 2630 18565
2630 12330 18565
22200 7954 9293
9293 7954 22200
7954 9293 22200
97 20341 22870
20341 97 22870
22870 97 20341
3969 12234 17001
17001 3969 12234
12234 3969 17001
23175 4771 6645
6645 4771 23175
4771 6645 23175
8389 20195 24261
20195 8389 24261
24261 8389 20195
22955 19138 26634
26634 19138 22955
19138 22955 26634
6760 17745 22334
17745 6760 22334
22334 6760 17745
3073 8144 26490
8144 3073 26490
26490 3073 8144
22239 22860 23805
23805 22239 22860
22860 22239 23805
28362 14114 28850
14114 28362 28850
28850 14114 28362
19580 6630 13778
6630 13778 19580
13778 6630 19580
7252 7852 18895
7852 7252 18895
18895 7252 7852
572 6564 9902
6564 572 9902
9902 572 6564
12879 7682 12045
12045 7682 12879
7682 12045 12879
11919 4106 4270
4270 4106 11919
4106 4270 11919
24659 18803 25246
25246 18803 24659
18803 24659 25246
4705 13564 19579
19579 4705 13564
13564 4705 19579
4232 5735 17700
17700 4232 5735
5735 4232 17700
11845 22680 29634
29634 11845 22680
22680 11845 29634
3430 18298 20134
20134 3430 18298
18298 3430 20134
5197 20204 28510
28510 5197 20204
20204 5197 28510
22835 3238 16534
3238 16534 22835
16534 3238 22835
2056 4235 9103
4235 2056 9103
9103 2056 4235
22501 17928 28863
28863 17928 22501
17928 22501 28863
15599 12533 17242
17242 12533 15599
12533 15599 17242
5596 4838 18289
4838 5596 18289
18289 4838 5596
3481 2844 12148
12148 2844 3481
2844 3481 12148
10309 11335 22639
22639 10309 11335
11335 10309 22639
10149 23971 24983
24983 10149 23971
23971 10149 24983
18957 22275 23483
22275 18957 23483
23483 18957 22275
5237 16201 16380
16201 5237 16380
16380 5237 16201
26210 148 23587
148 23587 26210
23587 148 26210
11748 3499 10707
3499 10707 11748
10707 3499 11748
2837 14079 28902
28902 2837 14079
14079 2837 28902
731 16044 16099
16099 731 16044
16044 731 16099
1426 2594 18346
2594 1426 18346
18346 1426 2594
29895 3466 21185
21185 3466 29895
3466 21185 29895
2235 19477 22083
22083 2235 19477
19477 2235 22083
18014 4579 9004
9004 4579 18014
4579 9004 18014
22148 2432 8601
8601 2432 22148
2432 8601 22148
28303 20247 27901
27901 20247 28303
20247 27901 28303
7317 2780 23735
2780 7317 23735
23735 2780 7317
578 9301 20887
20887 578 9301
9301 578 20887
5411 3874 21141
21141 3874 5411
3874 5411 21141
676 555 16000
555 676 16000
16000 555 676
19069 7715 26846
7715 19069 26846
26846 7715 19069
22578 5615 29063
29063 5615 22578
5615 22578 29063
11262 23429 29885
23429 11262 29885
29885 11262 23429
686 14851 20416
14851 686 20416
20416 686 14851
840 665 26750
26750 665 840
665 840 26750
23536 1882 12774
12774 1882 23536
1882 12774 23536
10557 19923 25430
25430 10557 19923
19923 10557 25430
13943 17179 17235
17235 13943 17179
17179 13943 17235
8348 19515 24821
19515 8348 24821
24821 8348 19515
14889 3905 24816
3905 14889 24816
24816 3905 14889
16383 13517 16630
13517 16383 16630
16630 13517 16383
12643 12998 21939
21939 12643 12998
12998 12643 21939
14209 22137 23441
22137 14209 23441
23441 14209 22137
9705 5218 5393
5393 5218 9705
5218 5393 9705
15313 25517 28708
25517 15313 28708
28708 15313 25517
24027 177 3774
177 3774 24027
3774 177 24027
21091 7624 8605
8605 7624 21091
7624 8605 21091
16741 8219 20967
8219 16741 20967
20967 8219 16741
28113 9596 10357
10357 9596 28113
9596 10357 28113
23066 4458 11864
4458 11864 23066
11864 4458 23066
7268 5549 16763
5549 7268 16763
16763 5549 7268
21080 21536 27162
27162 21080 21536
21536 21080 27162
12794 3673 15004
15004 3673 12794
3673 12794 15004
20453 18987 25453
25453 18987 20453
18987 20453 25453
3453 15282 29598
15282 3453 29598
29598 3453 15282
23459 18147 21539
21539 18147 23459
18147 21539 23459
19051 2300 26546
26546 2300 19051
2300 19051 26546
12979 9078 22014
22014 9078 12979
9078 12979 22014
21726 6821 8888
6821 8888 21726
8888 6821 21726
1750 11907 27080
27080 1750 11907
11907 1750 27080
16340 1607 26397
1607 16340 26397
26397 1607 16340
21626 26761 28558
26761 21626 28558
28558 21626 26761
4578 24057 26182
26182 4578 24057
24057 4578 26182
20391 3524 9253
3524 9253 20391
9253 3524 20391
28486 7401 29553
7401 28486 29553
29553 7401 28486
23936 14690 28880
14690 23936 28880
28880 14690 23936
15787 17441 18619
17441 15787 18619
18619 15787 17441
28092 12061 22464
12061 22464 28092
22464 12061 28092
5245 9526 13706
9526 5245 13706
13706 5245 9526
3031 11223 22882
11223 3031 22882
22882 3031 11223
7376 13507 16734
13507 7376 16734
16734 7376 13507
23982 13107 27327
13107 23982 27327
27327 13107 23982
2779 15717 26160
26160 2779 15717
15717 2779 26160
12602 1528 25524
25524 1528 12602
1528 12602 25524
22927 2954 23671
23671 2954 22927
2954 22927 23671
3138 7101 26804
7101 3138 26804
26804 3138 7101
7638 3611 10224
3611 7638 10224
10224 3611 7638
29159 16247 20346
20346 16247 29159
16247 20346 29159
22406 4233 6991
6991 4233 22406
4233 6991 22406
16349 6493 14660
6493 14660 16349
14660 6493 16349
12510 4668 7197
4668 7197 12510
7197 4668 12510
13913 17203 22349
17203 13913 22349
22349 13913 17203
4862 1320 23460
23460 1320 4862
1320 4862 23460
25579 2924 12894
2924 12894 25579
12894 2924 25579
10721 3523 14787
3523 10721 14787
14787 3523 10721
22914 47 3032
3032 47 22914
47 3032 22914
24565 8940 13823
13823 8940 24565
8940 13823 24565
6220 12317 26381
26381 6220 12317
12317 6220 26381
17207 16708 16984
16984 16708 17207
16708 16984 17207
18636 17757 25298
25298 17757 18636
17757 18636 25298
5156 10058 15562
15562 5156 10058
10058 5156 15562
22826 13810 27650
27650 13810 22826
13810 22826 27650
27673 17884 22302
17884 22302 27673
22302 17884 27673
22163 1480 21362
1480 21362 22163
21362 1480 22163
12134 10535 27066
10535 12134 27066
27066 10535 12134
19236 17986 20474
17986 19236 20474
20474 17986 19236
20944 9535 21007
9535 20944 21007
21007 9535 20944
26271 8795 23841
23841 8795 26271
8795 23841 26271
15071 13334 20544
13334 15071 20544
20544 13334 15071
17541 5627 29487
5627 17541 29487
29487 5627 17541
22902 117 26815
26815 117 22902
117 22902 26815
28697 14852 15997
14852 15997 28697
15997 14852 28697
9998 558 13658
13658 558 9998
558 9998 13658
1029 14279 21494
14279 1029 21494
21494 1029 14279
28220 4634 12832
12832 4634 28220
4634 12832 28220
5850 2004 5029
2004 5029 5850
5029 2004 5850
7070 1455 3236
1455 3236 7070
3236 1455 7070
11648 10340 23306
23306 10340 11648
10340 11648 23306
2510 12190 15487
12190 2510 15487
15487 2510 12190
22160 6345 6593
6345 6593 22160
6593 6345 22160
11448 10463 29112
10463 11448 29112
29112 10463 11448
15761 15026 26790
15026 15761 26790
26790 15026 15761
12627 2446 27755
2446 12627 27755
27755 2446 12627
18906 22608 23491
22608 18906 23491
23491 18906 22608
15271 22938 24421
22938 15271 24421
24421 15271 22938
13097 5446 8790
5446 8790 13097
8790 5446 13097
6572 13826 24779
24779 6572 13826
13826 6572 24779
28855 23135 26549
26549 23135 28855
23135 26549 28855
13483 3915 6363
6363 3915 13483
3915 6363 13483
6794 3493 15650
3493 6794 15650
15650 3493 6794
16342 562 915
915 562 16342
562 915 16342
25985 8237 19629
8237 19629 25985
19629 8237 25985
22397 24637 26229
26229 22397 24637
24637 22397 26229
6418 10577 13175
13175 6418 10577
10577 6418 13175
2093 1496 14938
1496 2093 14938
14938 1496 2093
8267 1806 17319
17319 1806 8267
1806 8267 17319
19142 20584 20943
20943 19142 20584
20584 19142 20943
21817 14189 25576
25576 14189 21817
