793 792 1002
792 793 1002
1002 792 793
1030 1049 2647
1049 1030 2647
2647 1030 1049
1396 1023 2260
2260 1023 1396
1023 1396 2260
635 1327 2019
1327 635 2019
2019 635 1327
1186 1444 2871
1444 1186 2871
2871 1186 1444
1241 249 520
520 249 1241
249 520 1241
322 263 563
263 322 563
563 263 322
2910 190 1973
1973 190 2910
190 1973 2910
2937 959 1702
959 1702 2937
1702 959 2937
2518 1110 2864
1110 2518 2864
2864 1110 2518
2447 1032 2957
2957 1032 2447
1032 2447 2957
1308 348 1160
1160 348 1308
348 1160 1308
950 2227 2764
2764 950 2227
2227 950 2764
213 1217 2791
1217 213 2791
2791 213 1217
1583 2676 2830
2830 1583 2676
2676 1583 2830
2048 801 1347
801 1347 2048
1347 801 2048
1737 1752 1815
1752 1737 1815
1815 1737 1752
1595 361 1772
1772 361 1595
361 1595 1772
432 2084 2644
2644 432 2084
2084 432 2644
2746 545 1463
1463 545 2746
545 1463 2746
1189 812 1174
812 1174 1189
1174 812 1189
679 16 1124
16 679 1124
1124 16 679
2880 2189 2984
2189 2880 2984
2984 2189 2880
315 2336 2597
2597 315 2336
2336 315 2597
2064 567 2690
2690 567 2064
567 2064 2690
2522 1934 2281
2281 1934 2522
1934 2281 2522
70 2044 2115
2115 70 2044
2044 70 2115
2769 146 219
219 146 2769
146 219 2769
2024 943 2809
2809 943 2024
943 2024 2809
2341 665 1999
1999 665 2341
665 1999 2341
1757 210 1464
1464 210 1757
210 1464 1757
1823 2700 2775
2700 1823 2775
2775 1823 2700
1711 842 2086
2086 842 1711
842 1711 2086
78 1294 1984
1984 78 1294
1294 78 1984
2110 908 2136
908 2110 2136
2136 908 2110
541 1411 2182
1411 541 2182
2182 541 1411
996 575 643
643 575 996
575 643 996
2288 584 1489
1489 584 2288
584 1489 2288
2827 2299 2347
2299 2347 2827
2347 2299 2827
680 2 429
429 2 680
2 429 680
864 1183 2172
1183 864 2172
2172 864 1183
90 1644 2235
1644 90 2235
2235 90 1644
296 2214 2274
2274 296 2214
2214 296 2274
877 2439 2665
2665 877 2439
2439 877 2665
1233 1472 2498
2498 1233 1472
1472 1233 2498
2674 309 759
759 309 2674
309 759 2674
2651 379 489
379 489 2651
489 379 2651
371 168 2073
168 371 2073
2073 168 371
2801 2225 2733
2225 2733 2801
2733 2225 2801
498 289 2464
289 498 2464
2464 289 498
840 689 2183
2183 689 840
689 840 2183
2004 122 1645
1645 122 2004
122 1645 2004
2444 173 1754
173 1754 2444
1754 173 2444
2285 1458 2293
1458 2285 2293
2293 1458 2285
1454 158 1324
1324 158 1454
158 1324 1454
1147 2526 2799
2799 1147 2526
2526 1147 2799
1852 1565 2858
1565 1852 2858
2858 1565 1852
799 1096 2199
1096 799 2199
2199 799 1096
475 1462 2633
1462 475 2633
2633 475 1462
2248 2539 2865
2865 2248 2539
2539 2248 2865
2561 2852 2886
2886 2561 2852
2852 2561 2886
1931 106 1107
106 1107 1931
1107 106 1931
1166 421 1390
1390 421 1166
421 1166 1390
936 742 1068
742 936 1068
1068 742 936
1416 1636 2455
1636 1416 2455
2455 1416 1636
976 910 2654
2654 910 976
910 976 2654
2650 349 2366
2366 349 2650
349 2366 2650
971 2330 2392
2392 971 2330
2330 971 2392
1384 623 1034
623 1034 1384
1034 623 1384
2718 2212 2377
2212 2377 2718
2377 2212 2718
534 2364 2707
2707 534 2364
2364 534 2707
189 221 1656
221 189 1656
1656 189 221
1247 85 1708
1708 85 1247
85 1247 1708
2459 334 1265
334 1265 2459
1265 334 2459
947 1586 1678
1586 947 1678
1678 947 1586
197 98 1340
98 197 1340
1340 98 197
2988 871 1858
871 1858 2988
1858 871 2988
380 1638 2889
1638 380 2889
2889 380 1638
720 745 2913
2913 720 745
745 720 2913
2568 119 2006
119 2006 2568
2006 119 2568
1738 299 1939
1939 299 1738
299 1738 1939
2119 1637 1716
1716 1637 2119
1637 1716 2119
1496 1148 2783
2783 1148 1496
1148 1496 2783
2608 490 953
953 490 2608
490 953 2608
2143 126 2506
126 2143 2506
2506 126 2143
2262 1861 2167
1861 2167 2262
2167 1861 2262
164 415 1439
1439 164 415
415 164 1439
1933 686 2162
686 1933 2162
2162 686 1933
2331 453 1736
453 1736 2331
1736 453 2331
2415 850 1639
850 1639 2415
1639 850 2415
95 209 2493
209 95 2493
2493 95 209
882 823 2983
2983 823 882
823 882 2983
329 68 2374
68 329 2374
2374 68 329
1433 1655 2682
2682 1433 1655
1655 1433 2682
117 921 1909
1909 117 921
921 117 1909
2637 159 2332
2332 159 2637
159 2332 2637
1072 286 1603
1603 286 1072
286 1072 1603
2812 811 1648
1648 811 2812
811 1648 2812
1051 1287 1377
1377 1051 1287
1287 1051 1377
2950 1013 2056
1013 2056 2950
2056 1013 2950
2912 287 1534
1534 287 2912
287 1534 2912
2939 872 2382
872 2382 2939
2382 872 2939
1872 239 668
668 239 1872
239 668 1872
1562 1300 1756
1300 1562 1756
1756 1300 1562
212 1868 2513
2513 212 1868
1868 212 2513
368 1895 2687
2687 368 1895
1895 368 2687
1255 1840 2161
2161 1255 1840
1840 1255 2161
1606 1325 2942
2942 1325 1606
1325 1606 2942
951 1437 2803
2803 951 1437
1437 951 2803
2448 1927 2922
1927 2448 2922
2922 1927 2448
628 860 2662
860 628 2662
2662 628 860
2383 609 2786
609 2383 2786
2786 609 2383
1987 57 2342
2342 57 1987
57 1987 2342
166 125 848
848 125 166
125 166 848
2678 115 1015
115 1015 2678
1015 115 2678
1277 2670 2826
2670 1277 2826
2826 1277 2670
1106 1341 1564
1564 1106 1341
1341 1106 1564
2490 737 944
737 944 2490
944 737 2490
2679 9 157
9 157 2679
157 9 2679
2964 2171 2776
2776 2171 2964
2171 2776 2964
41 1424 2785
2785 41 1424
1424 41 2785
103 96 2101
2101 96 103
96 103 2101
2844 1797 2523
2523 1797 2844
1797 2523 2844
2689 969 2832
2832 969 2689
969 2689 2832
2080 901 2729
2729 901 2080
901 2080 2729
447 684 1152
1152 447 684
684 447 1152
2883 2360 2514
2514 2360 2883
2360 2514 2883
1739 343 1568
1568 343 1739
343 1568 1739
400 1529 1959
1959 400 1529
1529 400 1959
1199 2362 2399
2362 1199 2399
2399 1199 2362
480 2244 2640
2244 480 2640
2640 480 2244
1376 2318 2657
2318 1376 2657
2657 1376 2318
999 86 964
964 86 999
86 964 999
2515 1481 1744
1481 1744 2515
1744 1481 2515
862 878 2930
878 862 2930
2930 862 878
2603 2005 2256
2256 2005 2603
2005 2256 2603
152 667 1084
1084 152 667
667 152 1084
2420 1312 1626
1626 1312 2420
1312 1626 2420
2781 428 1986
1986 428 2781
428 1986 2781
1579 925 1896
1896 925 1579
925 1579 1896
1121 589 2340
2340 589 1121
589 1121 2340
2278 755 1299
1299 755 2278
755 1299 2278
1662 199 1213
199 1213 1662
1213 199 1662
565 941 1293
941 565 1293
1293 565 941
1048 821 2747
2747 821 1048
821 1048 2747
1272 2197 2966
2966 1272 2197
2197 1272 2966
749 2097 2104
2104 749 2097
2097 749 2104
2297 935 2272
2272 935 2297
935 2272 2297
457 483 1014
483 457 1014
1014 457 483
2685 1417 2527
2527 1417 2685
1417 2527 2685
2860 924 1175
924 1175 2860
1175 924 2860
583 605 1764
605 583 1764
1764 583 605
776 56 880
880 56 776
56 776 880
194 1140 2905
2905 194 1140
1140 194 2905
2160 1257 1875
1875 1257 2160
1257 1875 2160
640 546 1972
1972 546 640
546 640 1972
1670 569 601
601 569 1670
569 601 1670
2903 339 2943
339 2903 2943
2943 339 2903
1040 318 430
430 318 1040
318 430 1040
2965 2361 2873
2873 2361 2965
2361 2873 2965
1460 1355 2611
1355 1460 2611
2611 1355 1460
1715 820 1065
820 1065 1715
1065 820 1715
266 629 1425
629 266 1425
1425 266 629
1281 276 1879
276 1281 1879
1879 276 1281
300 1118 1288
1288 300 1118
1118 300 1288
1703 879 1385
879 1385 1703
1385 879 1703
135 175 713
175 135 713
713 135 175
1947 773 1607
1607 773 1947
773 1607 1947
1602 1713 2867
1713 1602 2867
2867 1602 1713
2310 369 1667
369 1667 2310
1667 369 2310
2914 1369 2211
1369 2211 2914
2211 1369 2914
91 735 1335
1335 91 735
735 91 1335
2423 1917 2970
2970 1917 2423
1917 2423 2970
827 485 2504
485 827 2504
2504 485 827
1195 632 785
632 785 1195
785 632 1195
2125 1361 2017
1361 2017 2125
2017 1361 2125
381 245 2821
2821 245 381
245 381 2821
2542 499 1805
499 1805 2542
1805 499 2542
1631 314 1400
1400 314 1631
314 1400 1631
1405 613 1315
1315 613 1405
613 1315 1405
2607 896 2528
2528 896 2607
896 2528 2607
2051 391 1800
391 1800 2051
1800 391 2051
2443 335 2777
335 2443 2777
2777 335 2443
932 438 2193
2193 438 932
438 932 2193
1505 416 503
416 503 1505
503 416 1505
2673 204 1381
204 1381 2673
1381 204 2673
1163 2324 2875
2324 1163 2875
2875 1163 2324
304 1778 1859
1859 304 1778
1778 304 1859
2570 591 1168
591 1168 2570
1168 591 2570
2671 1320 2641
1320 2641 2671
2641 1320 2671
2609 522 1632
522 1632 2609
1632 522 2609
202 2175 2696
2175 202 2696
2696 202 2175
2178 600 2243
2243 600 2178
600 2178 2243
488 695 1530
1530 488 695
695 488 1530
2015 1164 2487
1164 2015 2487
2487 1164 2015
1011 954 1548
1548 954 1011
954 1011 1548
1074 89 744
89 744 1074
744 89 1074
568 193 1960
193 568 1960
1960 193 568
174 2548 2854
2548 174 2854
2854 174 2548
795 895 2492
895 795 2492
2492 795 895
2819 1185 2735
1185 2735 2819
2735 1185 2819
1087 1295 2428
1295 1087 2428
2428 1087 1295
2954 1862 1930
1930 1862 2954
1862 1930 2954
36 1664 2571
2571 36 1664
1664 36 2571
1811 1795 2766
1795 1811 2766
2766 1795 1811
1788 1089 1141
1141 1089 1788
1089 1141 1788
1261 325 1078
325 1078 1261
1078 325 1261
751 1365 1627
1627 751 1365
1365 751 1627
2466 1798 2045
1798 2045 2466
2045 1798 2466
64 1374 2940
2940 64 1374
1374 64 2940
1685 1451 2909
1451 1685 2909
2909 1451 1685
69 562 2712
562 69 2712
2712 69 562
2995 1029 1366
1029 1366 2995
1366 1029 2995
2590 1190 2194
1190 2194 2590
2194 1190 2590
312 81 354
81 312 354
354 81 312
1979 800 1073
1073 800 1979
800 1073 1979
2483 1083 1103
1103 1083 2483
1083 1103 2483
2732 1741 2494
2494 1741 2732
1741 2494 2732
188 529 2524
2524 188 529
529 188 2524
2149 49 805
805 49 2149
49 805 2149
803 906 980
906 803 980
980 803 906
730 355 2185
2185 355 730
355 730 2185
770 137 2702
2702 137 770
137 770 2702
813 80 1609
1609 80 813
80 813 1609
2578 752 771
771 752 2578
752 771 2578
592 206 1674
206 592 1674
1674 206 592
2213 1938 2805
1938 2213 2805
2805 1938 2213
1 364 926
926 1 364
364 1 926
1220 516 1134
1134 516 1220
516 1134 1220
77 397 2831
2831 77 397
397 77 2831
388 1037 2258
2258 388 1037
1037 388 2258
2564 559 2218
2218 559 2564
559 2218 2564
1949 1290 1888
1888 1290 1949
1290 1888 1949
2078 120 2772
2772 120 2078
120 2078 2772
443 1693 1787
1787 443 1693
1693 443 1787
816 1167 2343
1167 816 2343
2343 816 1167
711 1590 2935
2935 711 1590
1590 711 2935
697 1865 2220
2220 697 1865
1865 697 2220
1721 237 1597
1597 237 1721
237 1597 1721
2164 362 1997
1997 362 2164
362 1997 2164
2013 123 866
866 123 2013
123 866 2013
2305 2232 2925
2232 2305 2925
2925 2232 2305
664 995 1235
1235 664 995
995 664 1235
1911 223 1651
223 1651 1911
1651 223 1911
2985 1470 1559
1470 1559 2985
1559 1470 2985
1991 868 2296
868 1991 2296
2296 868 1991
1932 40 2688
40 1932 2688
2688 40 1932
1508 1025 1490
1025 1490 1508
1490 1025 1508
155 597 2530
597 155 2530
2530 155 597
305 1328 1962
1962 305 1328
1328 305 1962
2148 62 2230
62 2148 2230
2230 62 2148
107 448 2196
2196 107 448
448 107 2196
2394 1537 1820
1537 1820 2394
1820 1537 2394
2469 578 1113
578 1113 2469
1113 578 2469
1008 2581 2986
2581 1008 2986
2986 1008 2581
1413 721 1847
721 1413 1847
1847 721 1413
1576 1465 2551
2551 1465 1576
1465 1576 2551
993 436 2734
2734 436 993
436 993 2734
692 407 1683
407 692 1683
1683 407 692
2745 1456 1807
1456 1807 2745
1807 1456 2745
387 1688 2596
2596 387 1688
1688 387 2596
2072 1480 1680
1680 1480 2072
1480 1680 2072
1594 478 977
977 478 1594
478 977 1594
1622 156 1832
156 1622 1832
1832 156 1622
2505 639 2572
2572 639 2505
639 2505 2572
2083 519 1138
1138 519 2083
519 1138 2083
704 456 644
644 456 704
456 644 704
1386 1477 2953
1477 1386 2953
2953 1386 1477
2617 14 501
501 14 2617
14 501 2617
1945 733 2888
2888 733 1945
733 1945 2888
2454 2358 2928
2358 2454 2928
2928 2358 2454
2979 201 2971
2971 201 2979
201 2971 2979
1488 247 2625
2625 247 1488
247 1488 2625
2138 2308 2907
2308 2138 2907
2907 2138 2308
2151 1418 2556
1418 2151 2556
2556 1418 2151
824 1061 2478
1061 824 2478
2478 824 1061
1855 1104 2874
2874 1104 1855
1104 1855 2874
1748 856 992
992 856 1748
856 992 1748
1259 525 853
525 853 1259
853 525 1259
1793 829 1473
829 1473 1793
1473 829 1793
2847 2192 2474
2474 2192 2847
2192 2474 2847
2923 1092 1143
1092 1143 2923
1143 1092 2923
1620 660 1826
660 1620 1826
1826 660 1620
2124 997 2613
997 2124 2613
2613 997 2124
2868 1822 2387
2387 1822 2868
1822 2387 2868
143 256 2626
256 143 2626
2626 143 256
359 1114 1724
1114 359 1724
1724 359 1114
1105 2041 2378
2041 1105 2378
2378 1105 2041
1471 1937 2850
2850 1471 1937
1937 1471 2850
2367 1843 2532
1843 2367 2532
2532 1843 2367
972 2046 2661
2046 972 2661
2661 972 2046
93 411 2205
411 93 2205
2205 93 411
620 185 2592
185 620 2592
2592 185 620
1455 2062 2716
2062 1455 2716
2716 1455 2062
2896 1204 2352
2352 1204 2896
1204 2352 2896
681 472 2479
2479 472 681
472 681 2479
1334 313 708
313 708 1334
708 313 1334
1337 254 2753
254 1337 2753
2753 254 1337
2395 1730 2816
2816 1730 2395
1730 2395 2816
1955 1566 2282
1566 1955 2282
2282 1566 1955
2615 262 1372
262 1372 2615
1372 262 2615
2169 351 2286
351 2169 2286
2286 351 2169
666 417 1420
1420 417 666
417 666 1420
1824 1336 2614
1336 1824 2614
2614 1336 1824
1983 1260 2461
1260 1983 2461
2461 1260 1983
255 192 729
192 255 729
729 192 255
865 1484 2481
1484 865 2481
2481 865 1484
2683 561 2166
2166 561 2683
561 2166 2683
2203 2754 2999
2999 2203 2754
2754 2203 2999
2837 1479 2580
2580 1479 2837
1479 2580 2837
1373 1592 2918
2918 1373 1592
1592 1373 2918
1528 834 2168
834 1528 2168
2168 834 1528
933 833 2147
833 933 2147
2147 833 933
1155 1150 1958
1958 1150 1155
1150 1155 1958
2460 162 2835
162 2460 2835
2835 162 2460
2998 82 1714
1714 82 2998
82 1714 2998
582 319 939
939 319 582
319 582 939
564 652 2245
652 564 2245
2245 564 652
1720 1653 2681
2681 1653 1720
1653 1720 2681
2348 1643 2843
1643 2348 2843
2843 1643 2348
598 274 1127
274 598 1127
1127 274 598
594 1876 2209
1876 594 2209
2209 594 1876
2357 1538 2866
1538 2357 2866
2866 1538 2357
134 2114 2486
2486 134 2114
2114 134 2486
2396 198 2741
198 2396 2741
2741 198 2396
929 560 712
560 712 929
712 560 929
2705 271 1978
1978 271 2705
271 1978 2705
179 228 1902
1902 179 228
228 179 1902
1882 1063 2972
2972 1063 1882
1063 1882 2972
460 638 2795
638 460 2795
2795 460 638
1881 1249 2386
2386 1249 1881
1249 1881 2386
1020 2290 2573
2573 1020 2290
2290 1020 2573
1497 513 1139
1139 513 1497
513 1139 1497
114 15 2778
2778 15 114
15 114 2778
66 356 1450
1450 66 356
356 66 1450
1003 377 2612
2612 377 1003
377 1003 2612
2264 1701 2692
1701 2264 2692
2692 1701 2264
2955 2591 2891
2591 2891 2955
2891 2591 2955
1267 246 1209
1209 246 1267
246 1209 1267
511 75 1097
75 511 1097
1097 75 511
2862 218 1659
1659 218 2862
218 1659 2862
2695 1705 2877
1705 2695 2877
2877 1705 2695
2437 966 2589
966 2437 2589
2589 966 2437
839 1922 2425
1922 839 2425
2425 839 1922
2154 61 1518
1518 61 2154
61 1518 2154
1647 916 2807
916 1647 2807
2807 916 1647
1829 1588 2055
1588 1829 2055
2055 1588 1829
2451 44 611
611 44 2451
44 611 2451
2496 506 2087
506 2087 2496
2087 506 2496
2975 1623 1761
1623 1761 2975
1761 1623 2975
2131 618 2962
618 2131 2962
2962 618 2131
1633 2697 2931
2697 1633 2931
2931 1633 2697
2944 1130 2563
1130 2563 2944
2563 1130 2944
2113 102 2419
102 2113 2419
2419 102 2113
2292 230 973
230 973 2292
973 230 2292
1522 28 2257
28 1522 2257
2257 28 1522
2070 2327 2337
2337 2070 2327
2327 2070 2337
153 655 2422
655 153 2422
2422 153 655
835 264 2018
2018 264 835
264 835 2018
2961 1108 1726
1726 1108 2961
1108 1726 2961
1075 408 1533
408 1075 1533
1533 408 1075
2184 940 1321
1321 940 2184
940 1321 2184
2586 116 2201
116 2201 2586
2201 116 2586
459 1549 2096
2096 459 1549
1549 459 2096
2179 1676 2694
2694 1676 2179
1676 2179 2694
1546 1205 1878
1878 1205 1546
1205 1546 1878
1870 73 784
784 73 1870
73 784 1870
617 581 2516
2516 581 617
581 617 2516
293 1467 2629
2629 293 1467
1467 293 2629
1608 1513 2417
1513 1608 2417
2417 1513 1608
1304 596 2951
2951 596 1304
596 1304 2951
774 1176 1516
1176 774 1516
1516 774 1176
1700 52 1951
1951 52 1700
52 1700 1951
1658 1910 2620
2620 1658 1910
1910 1658 2620
1553 967 1857
1857 967 1553
967 1553 1857
403 515 1723
515 403 1723
1723 403 515
1169 2144 2606
2144 1169 2606
2606 1169 2144
2686 133 1839
1839 133 2686
133 1839 2686
2841 920 1441
920 1441 2841
1441 920 2841
2946 178 2756
178 2756 2946
2756 178 2946
937 1817 2052
2052 937 1817
1817 937 2052
1215 693 1275
693 1215 1275
1275 693 1215
1284 1066 2088
2088 1066 1284
1066 1284 2088
2760 2601 2630
2601 2630 2760
2630 2601 2760
2075 608 2789
2789 608 2075
608 2075 2789
17 8 2894
2894 8 17
8 17 2894
170 31 288
288 31 170
31 170 288
1059 599 2176
2176 599 1059
599 1059 2176
1419 1298 2446
2446 1298 1419
1298 1419 2446
766 38 1580
38 766 1580
1580 38 766
108 1575 2932
1575 108 2932
2932 108 1575
1262 779 2482
779 1262 2482
2482 779 1262
2537 1686 2562
2562 1686 2537
1686 2537 2562
1782 2198 2480
2480 1782 2198
2198 1782 2480
956 1422 1535
1422 956 1535
1535 956 1422
2289 2100 2721
2721 2100 2289
2100 2289 2721
1971 2322 2458
2322 1971 2458
2458 1971 2322
2440 1026 1514
1026 1514 2440
1514 1026 2440
1162 1018 2635
2635 1018 1162
1018 1162 2635
1942 2221 2546
2546 1942 2221
2221 1942 2546
2195 1504 1584
1584 1504 2195
1504 1584 2195
2853 1221 2921
1221 2853 2921
2921 1221 2853
1722 284 1652
1652 284 1722
284 1652 1722
709 1216 2660
1216 709 2660
2660 709 1216
772 1276 1476
1276 772 1476
1476 772 1276
2181 409 1151
1151 409 2181
409 1151 2181
1058 930 2784
930 1058 2784
2784 930 1058
1696 1596 2788
2788 1596 1696
1596 1696 2788
1006 217 2779
2779 217 1006
217 1006 2779
1429 991 2158
2158 991 1429
991 1429 2158
1818 2165 2208
2208 1818 2165
2165 1818 2208
2636 1863 2261
2261 1863 2636
1863 2261 2636
2402 94 1582
1582 94 2402
94 1582 2402
2079 1282 2752
1282 2079 2752
2752 1282 2079
2102 151 455
455 151 2102
151 455 2102
527 1408 2990
1408 527 2990
2990 527 1408
851 1924 2742
2742 851 1924
1924 851 2742
909 205 1813
205 909 1813
1813 205 909
2833 1193 2311
2311 1193 2833
1193 2311 2833
241 577 2291
577 241 2291
2291 241 577
551 802 1619
802 551 1619
1619 551 802
1206 874 1975
874 1206 1975
1975 874 1206
760 1093 1401
1401 760 1093
1093 760 1401
1732 791 1966
791 1732 1966
1966 791 1732
1600 1677 2219
1677 1600 2219
2219 1600 1677
2325 796 1853
796 1853 2325
1853 796 2325
2029 282 2442
282 2029 2442
2442 282 2029
2067 1239 1286
1239 1286 2067
1286 1239 2067
781 1399 2941
2941 781 1399
1399 781 2941
2463 1409 2259
1409 2259 2463
2259 1409 2463
1067 147 1214
147 1067 1214
1214 147 1067
2316 321 2146
321 2146 2316
2146 321 2316
1280 1111 2001
1111 1280 2001
2001 1111 1280
2959 1343 1634
1634 1343 2959
1343 1634 2959
1827 819 2730
819 1827 2730
2730 819 1827
2968 510 2022
2022 510 2968
510 2022 2968
2393 278 2085
278 2085 2393
2085 278 2393
2587 531 2058
2058 531 2587
531 2058 2587
465 1254 2648
1254 465 2648
2648 465 1254
1780 1918 2177
1918 1780 2177
2177 1780 1918
505 1982 2140
1982 505 2140
2140 505 1982
2239 536 610
610 536 2239
536 610 2239
1611 20 2266
20 1611 2266
2266 20 1611
1765 806 2553
2553 806 1765
806 1765 2553
1709 907 1475
1475 907 1709
907 1475 1709
1270 621 1482
1482 621 1270
621 1270 1482
1794 810 1349
810 1349 1794
1349 810 1794
1436 957 2030
2030 957 1436
957 1436 2030
2063 176 2798
176 2063 2798
2798 176 2063
1884 844 1554
844 1554 1884
1554 844 1884
948 1231 2585
1231 948 2585
2585 948 1231
445 585 698
698 445 585
585 445 698
29 1154 2204
2204 29 1154
1154 29 2204
1228 508 2902
2902 508 1228
508 1228 2902
2339 231 2473
231 2339 2473
2473 231 2339
2424 1226 1318
1226 1318 2424
1318 1226 2424
2739 2579 2906
2906 2579 2739
2579 2739 2906
458 332 845
332 458 845
845 332 458
857 208 817
817 208 857
208 817 857
2557 2039 2359
2359 2039 2557
2039 2359 2557
1054 267 1207
1207 267 1054
267 1054 1207
747 700 814
700 747 814
814 700 747
1661 1690 1785
1785 1661 1690
1690 1661 1785
1877 427 2709
2709 427 1877
427 1877 2709
2368 1660 2659
2659 1660 2368
1660 2368 2659
2533 727 1202
1202 727 2533
727 1202 2533
482 1112 2996
2996 482 1112
1112 482 2996
1891 464 1572
1572 464 1891
464 1572 1891
804 797 2936
2936 797 804
797 804 2936
1136 825 2583
825 1136 2583
2583 825 1136
154 627 1116
1116 154 627
627 154 1116
2851 1849 2010
2010 1849 2851
1849 2010 2851
1179 382 859
382 859 1179
859 382 1179
1771 1077 2849
2849 1077 1771
1077 1771 2849
1624 502 2002
2002 502 1624
502 1624 2002
486 1577 2077
1577 486 2077
2077 486 1577
2825 1196 1610
1610 1196 2825
1196 1610 2825
2722 63 1511
63 1511 2722
1511 63 2722
1368 603 1165
603 1165 1368
1165 603 1368
889 405 2645
2645 405 889
405 889 2645
2552 571 809
809 571 2552
571 809 2552
2751 1157 1266
1157 1266 2751
1266 1157 2751
2323 481 2710
481 2323 2710
2710 481 2323
413 1957 2241
1957 413 2241
2241 413 1957
719 1158 1329
1329 719 1158
1158 719 1329
2228 1916 2215
2215 1916 2228
1916 2215 2228
1614 138 1172
138 1172 1614
1172 138 1614
1100 109 1461
1461 109 1100
109 1100 1461
2808 554 2416
554 2416 2808
2416 554 2808
2863 12 2749
2749 12 2863
12 2749 2863
826 326 1531
326 826 1531
1531 326 826
808 1033 2927
2927 808 1033
1033 808 2927
1080 769 1563
1563 769 1080
769 1080 1563
1684 2452 2520
2452 1684 2520
2520 1684 2452
2456 788 2043
2043 788 2456
788 2043 2456
1867 783 2398
783 1867 2398
2398 783 1867
1751 542 1502
542 1502 1751
1502 542 1751
1449 1323 2346
1323 1449 2346
2346 1323 1449
253 471 1699
471 253 1699
1699 253 471
1264 258 1604
258 1264 1604
1604 258 1264
1371 1510 2600
1510 1371 2600
2600 1371 1510
2920 1731 2703
1731 2703 2920
2703 1731 2920
986 1099 2284
2284 986 1099
1099 986 2284
240 2251 2675
2675 240 2251
2251 240 2675
968 2450 2656
2450 968 2656
2656 968 2450
2577 1039 2047
1039 2047 2577
2047 1039 2577
2870 1786 3000
3000 1786 2870
1786 2870 3000
595 1117 2634
2634 595 1117
1117 595 2634
1016 144 1081
144 1016 1081
1081 144 1016
822 1090 2107
2107 822 1090
1090 822 2107
1291 1086 1663
1086 1291 1663
1663 1086 1291
891 2098 2226
2098 891 2226
2226 891 2098
1258 509 1227
1227 509 1258
509 1227 1258
2610 2904 2977
2977 2610 2904
2904 2610 2977
748 761 2180
761 748 2180
2180 748 761
1920 1928 2120
1928 1920 2120
2120 1920 1928
1326 2594 2773
2594 1326 2773
2773 1326 2594
1095 1062 1332
1332 1062 1095
1062 1095 1332
131 467 1776
467 131 1776
1776 131 467
2947 633 2353
2353 633 2947
633 2353 2947
841 2141 2355
2355 841 2141
2141 841 2355
2269 191 852
191 852 2269
852 191 2269
2037 962 1027
1027 962 2037
962 1027 2037
1835 1153 1410
1153 1410 1835
1410 1153 1835
1350 757 2093
757 1350 2093
2093 757 1350
718 404 2250
2250 404 718
404 718 2250
1256 124 1412
1412 124 1256
124 1256 1412
614 180 1485
1485 180 614
180 614 1485
55 384 1088
384 55 1088
1088 55 384
710 739 1900
1900 710 739
739 710 1900
1970 317 2815
2815 317 1970
317 1970 2815
1064 30 905
905 30 1064
30 905 1064
244 129 495
129 244 495
495 129 244
2836 128 1883
1883 128 2836
128 1883 2836
1919 21 2408
2408 21 1919
21 1919 2408
1391 148 2728
2728 148 1391
148 1391 2728
184 295 2009
295 184 2009
2009 184 295
1801 1569 2543
2543 1569 1801
1569 1801 2543
1545 1728 2351
2351 1545 1728
1728 1545 2351
2407 365 2782
365 2407 2782
2782 365 2407
1406 1414 2445
1414 1406 2445
2445 1406 1414
2956 270 2652
270 2652 2956
2652 270 2956
1486 1819 2126
2126 1486 1819
1819 1486 2126
1985 764 2616
2616 764 1985
764 1985 2616
2123 732 2129
2129 732 2123
732 2123 2129
338 468 1398
468 338 1398
1398 338 468
442 1691 1890
1890 442 1691
1691 442 1890
2475 526 837
526 837 2475
837 526 2475
2714 259 731
259 731 2714
731 259 2714
2188 1070 1585
1585 1070 2188
1070 1585 2188
743 307 2338
307 743 2338
2338 307 743
2934 922 2727
2727 922 2934
922 2727 2934
1898 1446 2379
2379 1446 1898
1446 1898 2379
2400 469 702
702 469 2400
469 702 2400
2558 420 2007
2007 420 2558
420 2007 2558
624 849 2210
849 624 2210
2210 624 849
2967 2642 2649
2642 2649 2967
2649 2642 2967
1397 1668 1672
1668 1397 1672
1672 1397 1668
2892 641 1601
641 1601 2892
1601 641 2892
183 2329 2593
2593 183 2329
2329 183 2593
1082 607 1352
1352 607 1082
607 1082 1352
1421 1001 2717
1001 1421 2717
2717 1001 1421
2560 658 2893
2893 658 2560
658 2560 2893
2823 1388 1717
1388 1717 2823
1717 1388 2823
2599 127 1271
1271 127 2599
127 1271 2599
690 1773 1796
1773 690 1796
1796 690 1773
1770 517 2082
517 1770 2082
2082 517 1770
51 1234 2059
1234 51 2059
2059 51 1234
257 927 2924
2924 257 927
927 257 2924
1763 1657 1948
1948 1657 1763
1657 1763 1948
2901 919 2170
2170 919 2901
919 2170 2901
1415 1028 2108
2108 1028 1415
1028 1415 2108
1669 251 2236
2236 251 1669
251 1669 2236
32 10 2949
10 32 2949
2949 10 32
2762 1052 1956
1956 1052 2762
1052 1956 2762
2314 350 1387
350 1387 2314
1387 350 2314
236 1357 2312
2312 236 1357
1357 236 2312
2638 1302 2135
1302 2135 2638
2135 1302 2638
1012 1045 1993
1045 1012 1993
1993 1012 1045
532 2011 2509
2509 532 2011
2011 532 2509
775 2014 2485
2485 775 2014
2014 775 2485
1313 444 2441
444 1313 2441
2441 444 1313
2555 225 504
225 504 2555
504 225 2555
310 616 724
724 310 616
616 310 724
1783 1512 2065
2065 1512 1783
1512 1783 2065
2410 396 1856
396 1856 2410
1856 396 2410
756 2229 2908
2908 756 2229
2229 756 2908
836 373 1555
1555 373 836
373 836 1555
1269 682 1838
682 1269 1838
1838 682 1269
2595 1297 1448
1448 1297 2595
1297 1448 2595
2876 141 1681
141 1681 2876
1681 141 2876
2224 1998 2787
1998 2224 2787
2787 1998 2224
167 398 989
989 167 398
398 167 989
1427 1953 2254
1953 1427 2254
2254 1427 1953
1004 1946 2497
2497 1004 1946
1946 1004 2497
543 45 659
45 543 659
659 45 543
2839 1135 2099
2099 1135 2839
1135 2099 2839
2499 222 1712
222 1712 2499
1712 222 2499
867 374 1311
1311 374 867
374 867 1311
2621 767 1774
1774 767 2621
767 1774 2621
1359 858 1830
1830 858 1359
858 1359 1830
2796 1745 2421
1745 2421 2796
2421 1745 2796
435 301 1237
1237 301 435
301 435 1237
1963 1253 2369
1253 1963 2369
2369 1253 1963
422 685 1635
685 422 1635
1635 422 685
636 928 2409
2409 636 928
928 636 2409
215 1517 1621
1517 215 1621
1621 215 1517
392 1694 2470
1694 392 2470
2470 392 1694
1021 637 2813
2813 637 1021
637 1021 2813
2989 1880 2350
2350 1880 2989
1880 2350 2989
574 669 2715
2715 574 669
669 574 2715
2012 1943 2025
1943 2012 2025
2025 1943 2012
2435 423 911
911 423 2435
423 911 2435
728 615 1996
1996 615 728
615 728 1996
1071 1252 2200
2200 1071 1252
1252 1071 2200
292 393 2982
393 292 2982
2982 292 393
2217 1031 2623
1031 2217 2623
2623 1031 2217
524 337 2820
337 524 2820
2820 337 524
2974 1232 2792
2792 1232 2974
1232 2792 2974
2855 676 699
699 676 2855
676 699 2855
290 1210 2283
2283 290 1210
1210 290 2283
491 252 1687
252 491 1687
1687 252 491
2309 649 2534
649 2309 2534
2534 649 2309
187 1129 1181
1129 187 1181
1181 187 1129
530 958 978
958 530 978
978 530 958
2576 645 2878
645 2576 2878
2878 645 2576
60 1101 2672
2672 60 1101
1101 60 2672
2624 768 1503
768 1503 2624
1503 768 2624
2743 42 280
280 42 2743
42 280 2743
2793 39 383
383 39 2793
39 383 2793
604 960 1180
1180 604 960
960 604 1180
2406 342 1759
342 1759 2406
1759 342 2406
2770 673 1187
1187 673 2770
673 1187 2770
1742 1109 1492
1492 1109 1742
1109 1492 1742
949 328 1810
328 949 1810
1810 328 949
2187 1519 2503
1519 2187 2503
2503 1519 2187
1727 558 2632
2632 558 1727
558 1727 2632
1098 1351 1967
1967 1098 1351
1351 1098 1967
1871 1831 2693
2693 1831 1871
1831 1871 2693
2602 92 297
92 297 2602
297 92 2602
588 688 1019
688 588 1019
1019 588 688
2790 915 1988
1988 915 2790
915 1988 2790
619 283 1625
283 619 1625
1625 283 619
1007 590 1244
1244 590 1007
590 1007 1244
653 24 1994
24 653 1994
1994 24 653
1706 1844 2133
1844 1706 2133
2133 1706 1844
2132 160 2899
2899 160 2132
160 2132 2899
1725 414 1322
414 1322 1725
1322 414 1725
2349 789 1263
789 1263 2349
1263 789 2349
2375 494 861
861 494 2375
494 861 2375
1079 2549 2750
2549 1079 2750
2750 1079 2549
1395 1375 2881
2881 1375 1395
1375 1395 2881
1331 1944 2726
1944 1331 2726
2726 1331 1944
985 1468 2973
2973 985 1468
1468 985 2973
327 1507 1675
1675 327 1507
1507 327 1675
1085 2238 2978
2238 1085 2978
2978 1085 2238
1990 273 1060
1060 273 1990
273 1060 1990
58 463 2301
2301 58 463
463 58 2301
2502 132 2484
2484 132 2502
132 2484 2502
372 1500 2307
1500 372 2307
2307 372 1500
275 1274 2095
2095 275 1274
1274 275 2095
974 1532 2806
1532 974 2806
2806 974 1532
1306 136 1561
136 1306 1561
1561 136 1306
1229 23 1469
23 1229 1469
1469 23 1229
1182 765 1119
1119 765 1182
765 1119 1182
1126 1665 2618
1665 1126 2618
2618 1126 1665
854 1493 2774
2774 854 1493
1493 854 2774
1363 25 671
25 671 1363
671 25 1363
694 1641 2797
1641 694 2797
2797 694 1641
1573 2768 2814
2814 1573 2768
2768 1573 2814
2472 1766 2510
1766 2472 2510
2510 1766 2472
2429 2639 2704
2704 2429 2639
2639 2429 2704
1976 19 1453
1453 19 1976
19 1453 1976
1430 2412 2500
2412 1430 2500
2500 1430 2412
1923 130 2233
2233 130 1923
130 1923 2233
2403 904 1775
1775 904 2403
904 1775 2403
2449 762 1527
762 1527 2449
1527 762 2449
1434 1864 2277
2277 1434 1864
1864 1434 2277
1404 1682 1905
1682 1404 1905
1905 1404 1682
2207 888 2436
2436 888 2207
888 2207 2436
1640 2598 2897
2897 1640 2598
2598 1640 2897
1333 1654 2234
2234 1333 1654
1654 1333 2234
1747 2698 2991
2698 1747 2991
2991 1747 2698
1474 1251 2720
2720 1251 1474
1251 1474 2720
2535 441 2373
441 2373 2535
2373 441 2535
171 145 2708
2708 145 171
145 171 2708
678 965 1035
965 678 1035
1035 678 965
900 121 1873
121 900 1873
1873 121 900
547 2142 2541
2142 547 2541
2541 547 2142
1362 1303 2994
1303 1362 2994
2994 1303 1362
26 2159 2736
2736 26 2159
2159 26 2736
1989 46 2628
2628 46 1989
46 1989 2628
1570 914 2076
914 1570 2076
2076 914 1570
2926 261 786
786 261 2926
261 786 2926
1289 37 2036
37 1289 2036
2036 37 1289
451 500 855
500 451 855
855 451 500
1354 1133 1887
1133 1354 1887
1887 1133 1354
2531 2321 2976
2976 2321 2531
2321 2531 2976
1236 892 1447
892 1236 1447
1447 892 1236
1630 11 945
945 11 1630
11 945 1630
2174 439 552
439 552 2174
552 439 2174
341 987 2960
987 341 2960
2960 341 987
1076 2173 2699
2699 1076 2173
2173 1076 2699
1912 1177 1814
1814 1177 1912
1177 1814 1912
2034 336 2053
2053 336 2034
336 2034 2053
2139 375 1353
1353 375 2139
375 1353 2139
357 979 1307
979 357 1307
1307 357 979
1769 2495 2780
2780 1769 2495
2495 1769 2780
838 242 1755
1755 242 838
242 838 1755
750 163 831
163 750 831
831 163 750
2744 227 1618
227 1618 2744
1618 227 2744
1926 161 1846
161 1846 1926
1846 161 1926
2054 1666 1860
1860 1666 2054
1666 1860 2054
1044 3 1965
3 1044 1965
1965 3 1044
2032 1874 2540
2540 1874 2032
1874 2032 2540
1806 165 738
738 165 1806
165 738 1806
1525 333 2365
2365 333 1525
333 1525 2365
2468 34 2701
2701 34 2468
34 2468 2701
2268 1649 2040
1649 2040 2268
2040 1649 2268
2334 1378 2911
1378 2334 2911
2911 1378 2334
2363 234 1203
234 1203 2363
1203 234 2363
2122 579 898
579 898 2122
898 579 2122
291 576 2737
576 291 2737
2737 291 576
1515 873 1245
1245 873 1515
873 1245 1515
725 1423 1542
1542 725 1423
1423 725 1542
279 2427 2511
2427 279 2511
2511 279 2427
1022 1521 2477
2477 1022 1521
1521 1022 2477
101 1520 1792
1792 101 1520
1520 101 1792
780 602 1250
1250 602 780
602 780 1250
27 893 1646
1646 27 893
893 27 1646
2023 1921 2156
2156 1921 2023
1921 2023 2156
1809 1146 2271
2271 1146 1809
1146 1809 2271
2216 1348 1540
1348 1540 2216
1540 1348 2216
1495 323 646
646 323 1495
323 646 1495
2584 662 1560
662 1560 2584
1560 662 2584
869 703 2723
2723 703 869
703 869 2723
1382 881 2824
2824 881 1382
881 1382 2824
2231 657 1671
1671 657 2231
657 1671 2231
1893 1178 1539
1178 1539 1893
1539 1178 1893
1431 1650 2845
2845 1431 1650
1650 1431 2845
663 71 544
544 71 663
71 544 663
828 1360 1734
1734 828 1360
1360 828 1734
886 99 454
454 99 886
99 454 886
2206 2273 2319
2319 2206 2273
2273 2206 2319
1557 535 1122
535 1122 1557
1122 535 1557
715 399 1543
399 715 1543
1543 399 715
320 353 622
622 320 353
353 320 622
1342 207 2829
2829 207 1342
207 1342 2829
1509 43 2038
2038 43 1509
43 1509 2038
2370 521 2223
2223 521 2370
521 2223 2370
306 1142 2738
1142 306 2738
2738 306 1142
2121 1364 2758
2758 1364 2121
1364 2121 2758
1171 401 1995
401 1171 1995
1995 401 1171
1403 1046 2980
1046 1403 2980
2980 1046 1403
952 65 324
324 65 952
65 324 952
2771 22 1389
1389 22 2771
22 1389 2771
2265 105 243
105 243 2265
243 105 2265
1552 942 2090
2090 942 1552
942 1552 2090
1407 1240 2191
2191 1240 1407
1240 1407 2191
2462 2711 2872
2711 2462 2872
2872 2462 2711
484 983 2380
983 484 2380
2380 484 983
763 778 2491
2491 763 778
778 763 2491
514 923 2035
923 514 2035
2035 514 923
1803 395 1310
1310 395 1803
395 1310 1803
1980 473 1115
473 1115 1980
1115 473 1980
2963 1173 2800
2800 1173 2963
1173 2800 2963
2111 2294 2501
2294 2111 2501
2501 2111 2294
903 570 1767
1767 570 903
570 903 1767
1501 1697 2128
1697 1501 2128
2128 1501 1697
195 233 2993
233 195 2993
2993 195 233
2465 281 2476
2476 281 2465
281 2465 2476
2431 1346 2300
1346 2300 2431
2300 1346 2431
2547 248 303
303 248 2547
248 303 2547
1057 606 847
847 606 1057
606 847 1057
672 1589 2997
1589 672 2997
2997 672 1589
2434 555 2089
2089 555 2434
555 2089 2434
2390 492 982
982 492 2390
492 982 2390
1091 2401 2981
2981 1091 2401
2401 1091 2981
723 340 1125
1125 340 723
340 723 1125
2895 1339 1907
1339 1907 2895
1907 1339 2895
2345 172 648
648 172 2345
172 648 2345
2488 366 931
366 931 2488
931 366 2488
1886 1283 2356
1283 1886 2356
2356 1283 1886
1591 461 1292
1292 461 1591
461 1292 1591
181 88 580
88 181 580
580 88 181
650 7 2545
2545 7 650
7 650 2545
1541 1050 2317
2317 1050 1541
1050 1541 2317
2020 2405 2915
2405 2020 2915
2915 2020 2405
2763 946 1617
1617 946 2763
946 1617 2763
1981 110 876
110 876 1981
876 110 1981
1243 1903 2057
1903 1243 2057
2057 1243 1903
902 1491 2247
2247 902 1491
1491 902 2247
549 1536 2068
1536 549 2068
2068 549 1536
2668 35 726
35 726 2668
726 35 2668
1961 2842 2856
2856 1961 2842
2842 1961 2856
2457 528 2724
528 2457 2724
2724 528 2457
1225 758 1897
758 1225 1897
1897 758 1225
2376 2069 2306
2069 2306 2376
2306 2069 2376
1842 572 1278
1278 572 1842
572 1278 1842
782 656 2153
656 782 2153
2153 656 782
2137 394 2646
2646 394 2137
394 2137 2646
1316 642 2559
642 1316 2559
2559 642 1316
2677 67 113
113 67 2677
67 113 2677
149 897 1498
897 149 1498
1498 149 897
1218 111 2328
2328 111 1218
111 1218 2328
556 2252 2828
2828 556 2252
2252 556 2828
1305 76 2008
76 1305 2008
2008 76 1305
1906 790 830
790 830 1906
830 790 1906
2969 1383 1452
1452 1383 2969
1383 1452 2969
677 18 507
18 507 677
507 18 677
2748 1435 2397
1435 2397 2748
2397 1435 2748
2567 1184 2517
1184 2517 2567
2517 1184 2567
54 716 2103
2103 54 716
716 54 2103
402 426 651
426 402 651
651 402 426
2003 100 1904
100 1904 2003
1904 100 2003
1230 1212 1718
1718 1212 1230
1212 1230 1718
452 994 2303
994 452 2303
2303 452 994
2302 1392 1628
1392 1628 2302
1628 1392 2302
177 1144 2663
1144 177 2663
2663 177 1144
934 1132 1161
1132 934 1161
1161 934 1132
1123 741 1749
1749 741 1123
741 1123 1749
970 654 1950
1950 654 970
654 970 1950
2725 72 2157
2157 72 2725
72 2157 2725
734 2021 2145
2021 734 2145
2145 734 2021
2917 1010 1268
1268 1010 2917
1010 1268 2917
6 1056 2344
2344 6 1056
1056 6 2344
1707 918 2719
2719 918 1707
918 1707 2719
2066 238 1192
238 1192 2066
1192 238 2066
1834 83 235
235 83 1834
83 235 1834
186 1222 1968
1968 186 1222
1222 186 1968
1925 913 2958
2958 913 1925
913 1925 2958
316 169 1443
169 316 1443
1443 169 316
2091 566 1523
1523 566 2091
566 1523 2091
2544 272 1866
1866 272 2544
272 1866 2544
884 1009 1952
1952 884 1009
1009 884 1952
1055 1219 1969
1219 1055 1969
1969 1055 1219
1789 670 2384
670 1789 2384
2384 670 1789
1120 360 1556
360 1120 1556
1556 360 1120
97 226 2818
2818 97 226
226 97 2818
260 59 2118
59 260 2118
2118 59 260
1459 1041 1191
1191 1041 1459
1041 1191 1459
50 1005 2467
1005 50 2467
2467 50 1005
1833 955 2512
2512 955 1833
955 1833 2512
1208 431 2655
431 1208 2655
2655 431 1208
2071 74 1977
74 1977 2071
1977 74 2071
1494 1802 1816
1816 1494 1802
1802 1494 1816
370 894 2759
2759 370 894
894 370 2759
1053 2413 2992
2992 1053 2413
2413 1053 2992
308 406 2740
2740 308 406
406 308 2740
2519 984 2653
2653 984 2519
984 2519 2653
140 1370 1733
1733 140 1370
1370 140 1733
2848 1285 1808
1285 1808 2848
1808 1285 2848
1457 518 2134
2134 518 1457
518 1457 2134
1914 440 2622
440 1914 2622
2622 440 1914
1314 211 1799
1799 211 1314
211 1314 1799
630 268 2042
2042 268 630
268 630 2042
2315 277 446
277 446 2315
446 277 2315
2538 1908 2186
2186 1908 2538
1908 2186 2538
2664 1499 2432
2432 1499 2664
1499 2432 2664
846 1781 2275
1781 846 2275
2275 846 1781
2389 1524 1841
1524 1841 2389
1841 1524 2389
899 345 2016
345 899 2016
2016 345 899
2130 674 2117
2117 674 2130
674 2117 2130
2667 462 1330
1330 462 2667
462 1330 2667
1901 1246 2731
2731 1246 1901
1246 1901 2731
885 740 1000
1000 740 885
740 885 1000
2658 363 1428
1428 363 2658
363 1428 2658
1777 418 717
418 717 1777
717 418 1777
787 1197 1791
1791 787 1197
1197 787 1791
1850 1338 1845
1338 1845 1850
1845 1338 1850
1128 1024 1825
1825 1024 1128
1024 1128 1825
2438 1892 1992
1892 1992 2438
1992 1892 2438
2713 344 2755
344 2713 2755
2755 344 2713
2525 1567 2246
1567 2246 2525
2246 1567 2525
346 410 2859
410 346 2859
2859 346 410
794 424 450
424 450 794
450 424 794
2884 1899 2887
1899 2884 2887
2887 1899 2884
870 1598 2433
1598 870 2433
2433 870 1598
47 625 1017
1017 47 625
625 47 1017
2237 1698 2453
2453 1698 2237
1698 2237 2453
2898 938 2222
2222 938 2898
938 2222 2898
378 1426 2426
1426 378 2426
2426 378 1426
815 265 2155
265 815 2155
2155 265 815
1319 691 1466
691 1319 1466
1466 691 1319
2112 701 1483
1483 701 2112
701 1483 2112
1915 1487 2627
1487 1915 2627
2627 1487 1915
683 142 477
142 477 683
477 142 683
2882 1170 2313
1170 2313 2882
2313 1170 2882
1854 1753 2081
2081 1753 1854
1753 1854 2081
548 104 2388
104 548 2388
2388 104 548
2267 53 1719
1719 53 2267
53 1719 2267
2605 2127 2838
2127 2605 2838
2838 2127 2605
2028 1758 1821
1758 1821 2028
1821 1758 2028
2619 593 2190
593 2190 2619
2190 593 2619
330 988 1605
988 330 1605
1605 330 988
2550 537 912
537 912 2550
912 537 2550
2846 1201 2152
1201 2152 2846
2152 1201 2846
112 512 1746
1746 112 512
512 112 1746
2536 496 818
818 496 2536
496 818 2536
2857 425 2761
2761 425 2857
425 2761 2857
2643 707 998
707 998 2643
998 707 2643
1790 612 1547
1547 612 1790
612 1547 1790
1550 449 533
449 533 1550
533 449 1550
1309 777 2295
2295 777 1309
777 1309 2295
883 1402 2000
1402 883 2000
2000 883 1402
2372 182 634
634 182 2372
182 634 2372
2569 843 2529
843 2529 2569
2529 843 2569
1440 1740 1812
1740 1440 1812
1812 1440 1740
2669 705 2952
705 2669 2952
2952 705 2669
1692 139 1036
1036 139 1692
139 1036 1692
2430 647 2060
2060 647 2430
647 2060 2430
2094 1038 2027
1038 2027 2094
2027 1038 2094
470 1137 2105
1137 470 2105
2105 470 1137
5 754 1729
754 5 1729
1729 5 754
1735 250 1145
250 1145 1735
1145 250 1735
2810 203 487
487 203 2810
203 487 2810
433 2279 2691
2691 433 2279
2279 433 2691
2574 1358 2834
2834 1358 2574
1358 2574 2834
412 706 2471
706 412 2471
2471 412 706
2767 493 1571
493 1571 2767
1571 493 2767
1828 746 1188
746 1188 1828
1188 746 1828
1131 1704 2802
1704 1131 2802
2802 1131 1704
2765 687 2280
687 2280 2765
2280 687 2765
1851 553 1224
553 1224 1851
1224 553 1851
2680 1445 1574
1445 1574 2680
1574 1445 2680
586 285 714
285 586 714
714 285 586
224 539 2414
2414 224 539
539 224 2414
2202 557 2116
557 2116 2202
2116 557 2202
2933 196 1379
196 1379 2933
1379 196 2933
87 2298 2666
2666 87 2298
2298 87 2666
832 79 2255
2255 79 832
79 832 2255
389 1156 1211
1211 389 1156
1156 389 1211
376 1198 1599
1198 376 1599
1599 376 1198
963 961 2919
2919 961 963
961 963 2919
1526 2794 2817
2817 1526 2794
2794 1526 2817
302 2109 2684
2684 302 2109
2109 302 2684
1974 1069 1750
1750 1069 1974
1069 1750 1974
2945 1768 2287
2287 1768 2945
1768 2287 2945
550 1296 2804
2804 550 1296
1296 550 2804
48 1279 1689
1689 48 1279
1279 48 1689
1047 736 1043
1043 736 1047
736 1043 1047
1394 1380 2240
1380 1394 2240
2240 1380 1394
887 1393 1760
1760 887 1393
1393 887 1760
2706 875 2861
875 2706 2861
2861 875 2706
2948 975 2320
2320 975 2948
975 2320 2948
863 150 587
587 150 863
150 587 863
2061 476 2263
476 2061 2263
2263 476 2061
540 1094 1762
1094 540 1762
1762 540 1094
981 1273 1885
1885 981 1273
1273 981 1885
2489 2335 2757
2757 2335 2489
2335 2489 2757
890 479 1743
479 890 1743
1743 479 890
1506 1913 2049
1913 1506 2049
2049 1506 1913
2326 386 2521
2521 386 2326
386 2326 2521
1616 294 1356
294 1356 1616
1356 294 1616
2242 311 2929
2929 311 2242
311 2242 2929
1587 1248 2163
1248 1587 2163
2163 1248 1587
2938 220 1432
1432 220 2938
220 1432 2938
390 269 1194
1194 269 390
269 390 1194
1964 4 1642
1642 4 1964
4 1642 1964
1042 1367 2822
2822 1042 1367
1367 1042 2822
