557 575 2978
575 557 2978
2978 557 575
1557 587 1197
587 1197 1557
1197 587 1557
2113 815 1172
815 1172 2113
1172 815 2113
1029 296 2413
296 1029 2413
2413 296 1029
558 1013 2026
2026 558 1013
1013 558 2026
2812 1426 2718
2718 1426 2812
1426 2718 2812
439 1183 2244
1183 439 2244
2244 439 1183
1823 22 794
794 22 1823
22 794 1823
2522 1052 2093
2093 1052 2522
1052 2093 2522
2885 517 1418
517 1418 2885
1418 517 2885
1472 174 1150
174 1150 1472
1150 174 1472
483 530 2002
530 483 2002
2002 483 530
2916 948 2167
2167 948 2916
948 2167 2916
2599 1879 2811
1879 2599 2811
2811 1879 2599
1119 2443 2637
2443 1119 2637
2637 1119 2443
2630 436 1535
1535 436 2630
436 1535 2630
1099 952 2242
952 1099 2242
2242 952 1099
324 1779 1917
1779 324 1917
1917 324 1779
1039 211 2045
2045 211 1039
211 1039 2045
23 2481 2563
2563 23 2481
2481 23 2563
1477 126 2716
2716 126 1477
126 1477 2716
962 1998 2280
2280 962 1998
1998 962 2280
1827 712 1417
712 1417 1827
1417 712 1827
1240 2226 2559
2226 1240 2559
2559 1240 2226
1640 1375 2127
1375 1640 2127
2127 1375 1640
1959 329 878
878 329 1959
329 878 1959
1899 1932 2315
1932 1899 2315
2315 1899 1932
1196 1906 1991
1991 1196 1906
1906 1196 1991
1563 1509 2015
1509 1563 2015
2015 1509 1563
676 2124 2893
2893 676 2124
2124 676 2893
1191 178 2605
2605 178 1191
178 1191 2605
408 1598 2009
1598 408 2009
2009 408 1598
298 1835 2152
1835 298 2152
2152 298 1835
345 1357 1510
1357 345 1510
1510 345 1357
104 938 1025
938 104 1025
1025 104 938
192 1388 1604
1388 192 1604
1604 192 1388
2246 2603 2693
2693 2246 2603
2603 2246 2693
905 148 2738
2738 148 905
148 905 2738
1727 365 2033
2033 365 1727
365 1727 2033
852 1411 2773
1411 852 2773
2773 852 1411
112 277 643
277 112 643
643 112 277
1385 283 1379
1379 283 1385
283 1379 1385
799 985 1340
985 799 1340
1340 799 985
2852 1282 2757
1282 2757 2852
2757 1282 2852
216 447 2585
447 216 2585
2585 216 447
1893 219 1834
219 1834 1893
1834 219 1893
2810 597 1639
597 1639 2810
1639 597 2810
5 980 2175
2175 5 980
980 5 2175
267 2142 2144
2142 267 2144
2144 267 2142
688 304 725
304 688 725
725 304 688
2906 2498 2985
2985 2498 2906
2498 2906 2985
169 372 1109
1109 169 372
372 169 1109
2041 1550 1854
1854 1550 2041
1550 1854 2041
2052 1972 2036
1972 2036 2052
2036 1972 2052
542 161 731
731 161 542
161 542 731
429 2319 2608
2319 429 2608
2608 429 2319
1628 303 1264
303 1264 1628
1264 303 1628
2804 874 1098
1098 874 2804
874 1098 2804
2427 719 2800
719 2427 2800
2800 719 2427
1736 1958 2681
2681 1736 1958
1958 1736 2681
1018 588 1929
588 1018 1929
1929 588 1018
963 1380 2834
2834 963 1380
1380 963 2834
1925 199 2146
199 1925 2146
2146 199 1925
1846 16 1836
16 1836 1846
1836 16 1846
2794 730 2469
730 2469 2794
2469 730 2794
1358 1446 1847
1847 1358 1446
1446 1358 1847
407 106 955
955 106 407
106 407 955
2963 843 2379
843 2379 2963
2379 843 2963
1176 1077 1460
1077 1176 1460
1460 1077 1176
1719 2135 2338
2135 1719 2338
2338 1719 2135
1152 1592 2208
1592 1152 2208
2208 1152 1592
432 1837 2011
2011 432 1837
1837 432 2011
1627 991 2100
991 1627 2100
2100 991 1627
1469 600 2132
2132 600 1469
600 1469 2132
2617 886 2066
886 2066 2617
2066 886 2617
402 477 578
578 402 477
477 402 578
2566 183 528
183 528 2566
528 183 2566
231 260 2612
2612 231 260
260 231 2612
64 682 2450
682 64 2450
2450 64 682
427 755 776
755 427 776
776 427 755
2366 46 661
661 46 2366
46 661 2366
1832 627 2096
627 1832 2096
2096 627 1832
1753 605 2261
605 1753 2261
2261 605 1753
2326 188 1572
188 1572 2326
1572 188 2326
2019 371 1177
371 1177 2019
1177 371 2019
753 259 446
446 259 753
259 446 753
197 221 1935
221 197 1935
1935 197 221
506 361 1313
361 506 1313
1313 361 506
2150 716 738
716 738 2150
738 716 2150
772 385 1976
385 772 1976
1976 385 772
1990 838 2380
838 1990 2380
2380 838 1990
2449 316 1872
316 1872 2449
1872 316 2449
1226 1329 1635
1329 1226 1635
1635 1226 1329
659 1321 1747
1747 659 1321
1321 659 1747
125 240 1273
1273 125 240
240 125 1273
406 2016 2568
2016 406 2568
2568 406 2016
1752 1397 2890
1397 1752 2890
2890 1397 1752
584 821 2938
2938 584 821
821 584 2938
2005 367 1155
1155 367 2005
367 1155 2005
2578 2593 2646
2646 2578 2593
2593 2578 2646
522 999 2044
2044 522 999
999 522 2044
2512 1271 2485
1271 2485 2512
2485 1271 2512
893 2197 2993
2993 893 2197
2197 893 2993
698 503 2215
503 698 2215
2215 503 698
462 486 1272
486 462 1272
1272 462 486
684 628 1311
1311 628 684
628 684 1311
990 665 1202
665 990 1202
1202 665 990
1457 779 932
932 779 1457
779 932 1457
1685 1555 1900
1900 1555 1685
1555 1685 1900
1963 1132 2185
2185 1132 1963
1132 1963 2185
1568 960 2782
2782 960 1568
960 1568 2782
2925 1658 1948
1948 1658 2925
1658 1948 2925
1302 618 2727
2727 618 1302
618 1302 2727
413 234 2166
234 413 2166
2166 234 413
930 189 2874
189 930 2874
2874 189 930
556 1030 2620
1030 556 2620
2620 556 1030
2793 579 2364
2364 579 2793
579 2364 2793
2354 713 2796
2796 713 2354
713 2354 2796
2806 246 2473
246 2473 2806
2473 246 2806
57 1034 1400
1034 57 1400
1400 57 1034
1151 360 1370
1370 360 1151
360 1151 1370
854 1699 2490
2490 854 1699
1699 854 2490
1293 667 1518
667 1293 1518
1518 667 1293
2544 1277 2851
1277 2544 2851
2851 1277 2544
915 1785 2035
1785 915 2035
2035 915 1785
418 1008 2080
2080 418 1008
1008 418 2080
401 380 2037
2037 380 401
380 401 2037
491 194 2980
2980 194 491
194 491 2980
2425 362 1386
362 1386 2425
1386 362 2425
1019 1111 1120
1111 1019 1120
1120 1019 1111
336 129 1772
1772 129 336
129 336 1772
2140 2181 2601
2181 2140 2601
2601 2140 2181
2455 235 791
235 791 2455
791 235 2455
580 10 1004
1004 10 580
10 580 1004
969 752 2352
752 969 2352
2352 752 969
433 1288 1902
1902 433 1288
1288 433 1902
1623 626 2899
2899 626 1623
626 1623 2899
869 133 1766
133 869 1766
1766 133 869
1726 254 751
254 751 1726
751 254 1726
2943 108 2486
2486 108 2943
108 2486 2943
1159 732 2194
732 1159 2194
2194 732 1159
1175 54 778
54 778 1175
778 54 1175
155 338 1364
1364 155 338
338 155 1364
1817 783 2277
783 1817 2277
2277 783 1817
1934 286 1945
286 1934 1945
1945 286 1934
927 1540 2062
2062 927 1540
1540 927 2062
1829 1923 2478
2478 1829 1923
1923 1829 2478
1117 351 368
351 368 1117
368 351 1117
1544 1683 2886
1683 1544 2886
2886 1544 1683
232 514 1740
514 232 1740
1740 232 514
912 1474 2549
1474 912 2549
2549 912 1474
80 1076 1506
1506 80 1076
1076 80 1506
1494 258 2896
2896 258 1494
258 1494 2896
2187 138 1883
138 1883 2187
1883 138 2187
876 1168 2553
2553 876 1168
1168 876 2553
220 1674 2448
1674 220 2448
2448 220 1674
1821 150 1490
1490 150 1821
150 1490 1821
2525 162 726
726 162 2525
162 726 2525
1843 479 2229
479 1843 2229
2229 479 1843
1532 352 2047
352 1532 2047
2047 352 1532
1265 851 1663
851 1265 1663
1663 851 1265
2010 206 1695
1695 206 2010
206 1695 2010
929 918 2254
2254 918 929
918 929 2254
1930 509 2076
509 1930 2076
2076 509 1930
539 749 2286
749 539 2286
2286 539 749
2504 784 1420
784 1420 2504
1420 784 2504
2042 2171 2892
2171 2042 2892
2892 2042 2171
1254 1552 2085
1552 1254 2085
2085 1254 1552
945 223 2781
2781 223 945
223 945 2781
820 1212 2435
2435 820 1212
1212 820 2435
887 2107 2518
2107 887 2518
2518 887 2107
2363 570 1554
570 1554 2363
1554 570 2363
218 79 2523
2523 79 218
79 218 2523
926 1582 2924
1582 926 2924
2924 926 1582
2385 601 2881
601 2385 2881
2881 601 2385
1020 920 2089
920 1020 2089
2089 920 1020
2962 2158 2184
2158 2184 2962
2184 2158 2962
1092 624 1589
624 1092 1589
1589 624 1092
2247 520 2434
2434 520 2247
520 2247 2434
660 59 1470
1470 59 660
59 660 1470
1841 606 2075
2075 606 1841
606 1841 2075
2430 957 2287
957 2287 2430
2287 957 2430
498 450 1476
1476 450 498
450 498 1476
1234 1218 1256
1256 1218 1234
1218 1234 1256
2136 1219 2645
2645 1219 2136
1219 2136 2645
1343 1561 2919
2919 1343 1561
1561 1343 2919
1916 994 2077
2077 994 1916
994 1916 2077
2724 424 1867
424 1867 2724
1867 424 2724
147 2224 2532
2532 147 2224
2224 147 2532
844 469 2079
469 844 2079
2079 469 844
2694 703 2864
2864 703 2694
703 2694 2864
2159 122 1810
122 1810 2159
1810 122 2159
913 1501 1857
1501 913 1857
1857 913 1501
2164 516 592
516 592 2164
592 516 2164
734 1644 1728
1728 734 1644
1644 734 1728
1463 741 1901
741 1463 1901
1901 741 1463
2195 2349 2622
2349 2195 2622
2622 2195 2349
1607 2391 2663
2391 1607 2663
2663 1607 2391
1775 228 2910
228 1775 2910
2910 228 1775
1946 1725 1851
1851 1725 1946
1725 1851 1946
1534 943 2995
943 1534 2995
2995 943 1534
1988 280 348
348 280 1988
280 348 1988
1884 1776 1831
1776 1831 1884
1831 1776 1884
1162 1764 1913
1764 1162 1913
1913 1162 1764
1924 281 341
281 341 1924
341 281 1924
2513 179 2393
179 2393 2513
2393 179 2513
2105 27 1227
27 1227 2105
1227 27 2105
1257 49 1575
49 1257 1575
1575 49 1257
565 170 2500
170 565 2500
2500 170 565
195 1055 1770
1770 195 1055
1055 195 1770
1862 1455 2424
1455 1862 2424
2424 1455 1862
1022 2911 2945
2945 1022 2911
2911 1022 2945
1436 1947 2573
2573 1436 1947
1947 1436 2573
2558 2682 2795
2682 2558 2795
2795 2558 2682
1849 642 2928
642 1849 2928
2928 642 1849
2819 109 2986
109 2819 2986
2986 109 2819
939 832 2438
2438 832 939
832 939 2438
1492 85 2131
2131 85 1492
85 1492 2131
2 1384 2643
1384 2 2643
2643 2 1384
773 1394 2841
1394 773 2841
2841 773 1394
1887 134 1295
1295 134 1887
134 1295 1887
691 1783 2203
1783 691 2203
2203 691 1783
1757 488 872
872 488 1757
488 872 1757
2027 545 2726
545 2027 2726
2726 545 2027
1842 1707 2721
2721 1707 1842
1707 1842 2721
740 335 2614
2614 335 740
335 740 2614
273 393 2358
2358 273 393
393 273 2358
2673 229 269
269 229 2673
229 269 2673
2587 1551 2400
2400 1551 2587
1551 2400 2587
2607 14 2736
2736 14 2607
14 2607 2736
2728 1406 2428
2428 1406 2728
1406 2428 2728
785 1118 2702
2702 785 1118
1118 785 2702
2830 1790 1811
1811 1790 2830
1790 1811 2830
2023 531 1134
531 1134 2023
1134 531 2023
1856 1145 2452
2452 1145 1856
1145 1856 2452
1714 591 2402
591 1714 2402
2402 591 1714
2785 909 2232
2232 909 2785
909 2232 2785
889 182 865
182 865 889
865 182 889
523 121 2561
2561 121 523
121 523 2561
187 822 1981
822 187 1981
1981 187 822
100 748 866
866 100 748
748 100 866
2178 2095 2350
2095 2178 2350
2350 2095 2178
1942 1800 2740
1800 1942 2740
2740 1800 1942
765 2562 2833
2562 765 2833
2833 765 2562
2815 210 657
657 210 2815
210 657 2815
1171 87 1444
87 1171 1444
1444 87 1171
1342 543 2030
543 1342 2030
2030 543 1342
2419 1377 2878
1377 2419 2878
2878 1377 2419
1318 1047 1091
1047 1091 1318
1091 1047 1318
2972 1429 2186
2186 1429 2972
1429 2186 2972
1404 225 1537
1537 225 1404
225 1404 1537
2343 205 1953
1953 205 2343
205 1953 2343
13 507 2225
2225 13 507
507 13 2225
185 883 1984
883 185 1984
1984 185 883
2439 2032 2786
2786 2032 2439
2032 2439 2786
163 98 1701
98 163 1701
1701 98 163
2082 397 829
829 397 2082
397 829 2082
2670 70 2057
2057 70 2670
70 2057 2670
2165 1649 2128
2128 1649 2165
1649 2128 2165
1283 1101 1320
1320 1101 1283
1101 1283 1320
2399 880 1673
1673 880 2399
880 1673 2399
613 1605 2149
1605 613 2149
2149 613 1605
1287 2202 2628
2202 1287 2628
2628 1287 2202
274 1250 1355
1355 274 1250
1250 274 1355
1106 465 1853
1853 465 1106
465 1106 1853
2651 285 2423
285 2423 2651
2423 285 2651
1528 2116 2937
2116 1528 2937
2937 1528 2116
1123 1010 2745
2745 1010 1123
1010 1123 2745
2550 459 2114
459 2114 2550
2114 459 2550
2674 398 673
673 398 2674
398 673 2674
172 97 1376
1376 97 172
97 172 1376
350 694 2298
694 350 2298
2298 350 694
1565 2014 2258
2258 1565 2014
2014 1565 2258
1439 1057 2211
1057 1439 2211
2211 1057 1439
1987 811 2271
811 1987 2271
2271 811 1987
2616 1970 2091
1970 2091 2616
2091 1970 2616
2857 1715 2987
1715 2857 2987
2987 1715 2857
830 634 2405
2405 634 830
634 830 2405
1467 931 1327
931 1327 1467
1327 931 1467
2971 881 2306
2306 881 2971
881 2306 2971
2410 1043 1475
1043 1475 2410
1475 1043 2410
1276 802 2988
2988 802 1276
802 1276 2988
1803 702 1403
702 1403 1803
1403 702 1803
2231 490 671
671 490 2231
490 671 2231
1910 111 474
111 474 1910
474 111 1910
1263 696 1920
696 1263 1920
1920 696 1263
1138 814 1691
814 1138 1691
1691 814 1138
293 86 1408
1408 86 293
86 293 1408
428 825 2494
825 428 2494
2494 428 825
706 167 2591
167 706 2591
2591 167 706
2579 705 1087
1087 705 2579
705 1087 2579
391 411 599
599 391 411
411 391 599
2340 1485 2440
1485 2340 2440
2440 1485 2340
2292 2031 2205
2205 2031 2292
2031 2205 2292
900 1979 2383
2383 900 1979
1979 900 2383
1210 770 1610
1610 770 1210
770 1210 1610
917 1458 2700
2700 917 1458
1458 917 2700
608 301 1170
301 608 1170
1170 301 608
683 607 611
611 607 683
607 611 683
2251 1237 2710
1237 2251 2710
2710 1237 2251
870 2521 2598
2598 870 2521
2521 870 2598
2234 88 2121
2121 88 2234
88 2121 2234
214 644 1390
644 214 1390
1390 214 644
1244 291 921
921 291 1244
291 921 1244
511 1642 2398
2398 511 1642
1642 511 2398
2687 1793 2606
2606 1793 2687
1793 2606 2687
2565 1017 1497
1017 1497 2565
1497 1017 2565
430 723 2327
723 430 2327
2327 430 723
1530 1037 1502
1502 1037 1530
1037 1502 1530
577 766 2850
766 577 2850
2850 577 766
2948 2217 2551
2217 2551 2948
2551 2217 2948
1852 891 2108
891 1852 2108
2108 891 1852
1558 71 513
71 513 1558
513 71 1558
481 675 2954
2954 481 675
675 481 2954
2369 282 2626
2626 282 2369
282 2369 2626
1296 1989 2653
2653 1296 1989
1989 1296 2653
1137 1401 1620
1620 1137 1401
1401 1137 1620
1703 1354 2313
1354 1703 2313
2313 1354 1703
2417 1712 1824
1712 1824 2417
1824 1712 2417
2309 1676 2097
2097 1676 2309
1676 2097 2309
2847 168 1024
168 1024 2847
1024 168 2847
2632 2432 2446
2432 2446 2632
2446 2432 2632
2357 625 2768
2768 625 2357
625 2357 2768
526 454 1374
1374 454 526
454 526 1374
2750 1104 1167
1104 1167 2750
1167 1104 2750
641 928 2493
928 641 2493
2493 641 928
2950 2337 2778
2778 2337 2950
2337 2778 2950
959 538 2001
2001 538 959
538 959 2001
1648 82 2939
82 1648 2939
2939 82 1648
1147 24 1845
1845 24 1147
24 1147 1845
1336 107 1189
107 1189 1336
1189 107 1336
2129 15 1333
15 1333 2129
1333 15 2129
2574 467 798
798 467 2574
467 798 2574
1768 951 2548
951 1768 2548
2548 951 1768
610 1326 1498
1326 610 1498
1498 610 1326
2201 292 392
392 292 2201
292 392 2201
2264 2348 2520
2348 2264 2520
2520 2264 2348
2074 1443 2846
2846 1443 2074
1443 2074 2846
1686 45 2538
45 1686 2538
2538 45 1686
1438 2492 2843
2843 1438 2492
2492 1438 2843
1700 60 1708
1708 60 1700
60 1700 1708
924 1999 2373
1999 924 2373
2373 924 1999
2376 685 792
792 685 2376
685 792 2376
272 373 2597
2597 272 373
373 272 2597
505 1977 2769
1977 505 2769
2769 505 1977
1713 343 1517
343 1517 1713
1517 343 1713
497 1459 1553
1459 497 1553
1553 497 1459
1038 1523 2860
2860 1038 1523
1523 1038 2860
2394 455 2301
455 2301 2394
2301 455 2394
1206 2704 2774
2704 1206 2774
2774 1206 2704
2690 1281 2701
2701 1281 2690
1281 2690 2701
2615 1670 2649
1670 2615 2649
2649 1670 2615
1735 321 1110
1110 321 1735
321 1110 1735
1864 1581 1911
1581 1864 1911
1911 1581 1864
90 222 1633
222 90 1633
1633 90 222
1516 677 2346
677 1516 2346
2346 677 1516
895 1126 1362
1126 895 1362
1362 895 1126
1328 141 1387
141 1328 1387
1387 141 1328
1071 2290 2479
2479 1071 2290
2290 1071 2479
2807 207 425
207 425 2807
425 207 2807
616 1464 2179
1464 616 2179
2179 616 1464
982 154 518
518 154 982
154 518 982
276 1319 2805
1319 276 2805
2805 276 1319
764 1995 2808
2808 764 1995
1995 764 2808
2056 249 1965
249 1965 2056
1965 249 2056
2043 942 1732
1732 942 2043
942 1732 2043
1233 1001 2283
1001 1233 2283
2283 1001 1233
2879 1527 2199
1527 2199 2879
2199 1527 2879
629 347 2799
347 629 2799
2799 347 629
2662 562 1526
1526 562 2662
562 1526 2662
709 746 2412
2412 709 746
746 709 2412
2642 1289 1742
1289 1742 2642
1742 1289 2642
1290 812 1331
812 1290 1331
1331 812 1290
2310 2067 2276
2276 2067 2310
2067 2276 2310
265 617 1886
1886 265 617
617 265 1886
247 1876 2390
2390 247 1876
1876 247 2390
1084 1266 1580
1266 1084 1580
1580 1084 1266
521 1608 2998
1608 521 2998
2998 521 1608
2267 1971 2470
1971 2267 2470
2470 1971 2267
2137 89 412
412 89 2137
89 412 2137
863 2466 2825
2466 863 2825
2825 863 2466
2635 968 2123
2123 968 2635
968 2123 2635
1734 1349 1669
1349 1669 1734
1669 1349 1734
1889 777 936
777 936 1889
936 777 1889
441 848 1247
1247 441 848
848 441 1247
2392 1815 2028
1815 2028 2392
2028 1815 2392
2752 2836 2868
2836 2752 2868
2868 2752 2836
1496 906 1080
906 1080 1496
1080 906 1496
2675 6 2711
6 2675 2711
2711 6 2675
1974 1868 2071
1868 1974 2071
2071 1868 1974
2038 1113 2404
2404 1113 2038
1113 2038 2404
2926 382 1125
382 1125 2926
1125 382 2926
679 118 1560
1560 118 679
118 679 1560
2143 967 998
967 998 2143
998 967 2143
1060 1003 1873
1003 1060 1873
1873 1003 1060
2667 806 2677
806 2667 2677
2677 806 2667
158 976 1032
976 158 1032
1032 158 976
898 2156 2823
2156 898 2823
2823 898 2156
2691 1921 2748
2748 1921 2691
1921 2691 2748
242 130 2253
2253 130 242
130 242 2253
2060 1848 1960
1960 1848 2060
1848 1960 2060
612 810 1769
810 612 1769
1769 612 810
1771 21 2866
2866 21 1771
21 1771 2866
995 83 742
83 742 995
742 83 995
586 1618 2422
1618 586 2422
2422 586 1618
1048 1671 2873
1671 1048 2873
2873 1048 1671
1085 620 743
620 743 1085
743 620 1085
762 159 944
159 762 944
944 159 762
1114 496 2969
496 1114 2969
2969 496 1114
2151 1356 2300
2300 1356 2151
1356 2151 2300
737 166 817
166 737 817
817 166 737
2541 649 1368
649 1368 2541
1368 649 2541
2927 1015 1651
1015 1651 2927
1651 1015 2927
590 1367 2021
1367 590 2021
2021 590 1367
1413 2316 2654
2654 1413 2316
2316 1413 2654
2932 560 2956
560 2932 2956
2956 560 2932
1059 270 2660
2660 270 1059
270 1059 2660
317 1045 2174
1045 317 2174
2174 317 1045
2809 910 1621
1621 910 2809
910 1621 2809
289 894 1447
894 289 1447
1447 289 894
2192 1980 2262
2262 1980 2192
1980 2192 2262
727 1133 2894
1133 727 2894
2894 727 1133
2840 266 357
357 266 2840
266 357 2840
2317 30 2407
30 2317 2407
2407 30 2317
1606 2086 2344
2344 1606 2086
2086 1606 2344
2190 756 2695
2695 756 2190
756 2190 2695
1391 1507 2227
2227 1391 1507
1507 1391 2227
768 728 2328
2328 728 768
728 768 2328
473 1504 2990
2990 473 1504
1504 473 2990
2293 1284 1721
1721 1284 2293
1284 1721 2293
2465 2387 2414
2414 2387 2465
2387 2414 2465
186 312 2308
312 186 2308
2308 186 312
2803 1508 2160
1508 2160 2803
2160 1508 2803
2282 512 813
512 813 2282
813 512 2282
1706 2000 2219
2219 1706 2000
2000 1706 2219
2061 1392 1624
1392 1624 2061
1624 1392 2061
1246 1294 2527
1294 1246 2527
2527 1246 1294
2314 1278 2111
2111 1278 2314
1278 2111 2314
534 1174 2051
1174 534 2051
2051 534 1174
2623 190 499
499 190 2623
190 499 2623
4 74 714
74 4 714
714 4 74
2883 1383 1774
1774 1383 2883
1383 1774 2883
2207 781 1310
1310 781 2207
781 1310 2207
2762 2169 2780
2780 2169 2762
2169 2762 2780
2269 604 758
758 604 2269
604 758 2269
2329 977 2964
977 2329 2964
2964 977 2329
451 1905 2533
2533 451 1905
1905 451 2533
434 1452 2499
2499 434 1452
1452 434 2499
305 333 735
333 305 735
735 305 333
935 1564 2725
1564 935 2725
2725 935 1564
2936 275 2761
2761 275 2936
275 2761 2936
2351 541 1675
1675 541 2351
541 1675 2351
2554 970 1681
1681 970 2554
970 1681 2554
2472 1717 2170
1717 2170 2472
2170 1717 2472
1093 2967 2977
2977 1093 2967
2967 1093 2977
1792 1286 1983
1286 1792 1983
1983 1286 1792
2090 2640 2994
2640 2090 2994
2994 2090 2640
452 1000 1833
1000 452 1833
1833 452 1000
2613 2621 2935
2621 2613 2935
2935 2613 2621
1745 102 2235
102 1745 2235
2235 102 1745
633 461 2930
461 633 2930
2930 461 633
2783 1654 2588
2588 1654 2783
1654 2588 2783
2708 388 1107
1107 388 2708
388 1107 2708
414 652 1484
1484 414 652
652 414 1484
492 1007 2867
1007 492 2867
2867 492 1007
394 1410 2912
2912 394 1410
1410 394 2912
344 1304 1722
1304 344 1722
1722 344 1304
2536 2560 2989
2560 2536 2989
2989 2536 2560
2884 370 399
399 370 2884
370 399 2884
1416 2243 2688
2243 1416 2688
2688 1416 2243
1629 535 2515
2515 535 1629
535 1629 2515
151 342 1874
342 151 1874
1874 151 342
1194 1082 2672
1082 1194 2672
2672 1082 1194
2895 1209 2666
1209 2666 2895
2666 1209 2895
1869 2388 2406
2406 1869 2388
2388 1869 2406
1262 1407 2141
1407 1262 2141
2141 1262 1407
2342 1672 2960
1672 2342 2960
2960 1672 2342
1140 619 2172
619 1140 2172
2172 619 1140
384 2679 2758
2758 384 2679
2679 384 2758
1231 1432 2567
1432 1231 2567
2567 1231 1432
1211 2053 2629
2629 1211 2053
2053 1211 2629
124 500 1813
1813 124 500
500 124 1813
489 2625 2766
2766 489 2625
2625 489 2766
2416 1248 2303
2303 1248 2416
1248 2303 2416
41 1100 2569
2569 41 1100
1100 41 2569
739 2483 2788
2483 739 2788
2788 739 2483
261 485 1655
485 261 1655
1655 261 485
50 2685 2686
2685 50 2686
2686 50 2685
53 1274 2257
2257 53 1274
1274 53 2257
200 1694 1915
1915 200 1694
1694 200 1915
1251 2236 2552
2236 1251 2552
2552 1251 2236
1797 2252 2676
2676 1797 2252
2252 1797 2676
2365 1012 1583
1012 1583 2365
1583 1012 2365
91 519 1678
519 91 1678
1678 91 519
76 1631 1982
1982 76 1631
1631 76 1982
1652 67 175
175 67 1652
67 175 1652
598 1957 2415
1957 598 2415
2415 598 1957
2849 1200 2641
2641 1200 2849
1200 2641 2849
532 2218 2584
2218 532 2584
2584 532 2218
2429 621 2668
621 2429 2668
2668 621 2429
437 1014 1061
1014 437 1061
1061 437 1014
1235 1478 2294
2294 1235 1478
1478 1235 2294
173 2138 2378
2378 173 2138
2138 173 2378
2441 736 2754
736 2441 2754
2754 736 2441
1587 244 797
797 244 1587
244 797 1587
294 137 1955
1955 137 294
137 294 1955
1103 196 208
208 196 1103
196 208 1103
828 692 1656
1656 692 828
692 828 1656
2619 1036 2797
1036 2619 2797
2797 1036 2619
1275 1822 1859
1859 1275 1822
1822 1275 1859
1353 1908 2887
2887 1353 1908
1908 1353 2887
44 662 2589
2589 44 662
662 44 2589
573 904 2583
904 573 2583
2583 573 904
2973 1223 2535
1223 2535 2973
2535 1223 2973
1067 376 1064
1064 376 1067
376 1064 1067
1130 449 1482
449 1130 1482
1482 449 1130
81 213 1997
1997 81 213
213 81 1997
953 464 650
650 464 953
464 650 953
96 525 1044
525 96 1044
1044 96 525
1918 1351 2876
2876 1351 1918
1351 1918 2876
1315 457 2572
2572 457 1315
457 1315 2572
2764 1548 1928
1548 1928 2764
1928 1548 2764
1749 609 630
609 630 1749
630 609 1749
637 1112 2580
2580 637 1112
1112 637 2580
757 101 1215
101 757 1215
1215 101 757
2683 1617 2471
1617 2471 2683
2471 1617 2683
1334 897 2671
897 1334 2671
2671 897 1334
1198 1116 2221
1116 1198 2221
2221 1116 1198
1097 708 2837
2837 708 1097
708 1097 2837
2444 809 1465
809 1465 2444
1465 809 2444
1083 396 2636
2636 396 1083
396 1083 2636
2496 65 468
65 468 2496
468 65 2496
1365 632 1804
632 1365 1804
1804 632 1365
1127 1369 2942
1369 1127 2942
2942 1127 1369
801 655 1317
1317 655 801
655 801 1317
1939 566 888
888 566 1939
566 888 1939
1371 1193 1668
1668 1193 1371
1193 1371 1668
2862 729 1820
1820 729 2862
729 1820 2862
563 62 2742
62 563 2742
2742 62 563
2644 733 1541
1541 733 2644
733 1541 2644
328 1053 1819
1819 328 1053
1053 328 1819
156 687 769
769 156 687
687 156 769
487 1323 2268
1323 487 2268
2268 487 1323
1941 215 2125
2125 215 1941
215 1941 2125
17 2265 2814
2265 17 2814
2814 17 2265
8 1352 1630
1352 8 1630
1630 8 1352
911 711 2698
711 911 2698
2698 711 911
2188 40 974
40 974 2188
974 40 2188
318 2650 2828
2650 318 2828
2828 318 2650
1050 800 1754
800 1050 1754
1754 800 1050
961 359 2256
359 961 2256
2256 359 961
1121 2118 2489
2118 1121 2489
2489 1121 2118
680 561 2216
561 680 2216
2216 561 680
2025 1808 2145
2145 1808 2025
1808 2025 2145
375 387 819
819 375 387
387 375 819
840 2285 2564
2564 840 2285
2285 840 2564
2155 658 2467
658 2155 2467
2467 658 2155
2177 859 2333
2333 859 2177
859 2177 2333
1786 663 846
663 846 1786
846 663 1786
2818 2059 2904
2059 2818 2904
2904 2059 2818
2940 416 1711
416 1711 2940
1711 416 2940
1173 2827 2880
2827 1173 2880
2880 1173 2827
1382 668 1314
668 1314 1382
1314 668 1382
1456 695 1904
695 1456 1904
1904 695 1456
1148 1430 2941
1430 1148 2941
2941 1148 1430
707 1086 1602
1086 707 1602
1602 707 1086
331 835 1308
1308 331 835
835 331 1308
1405 2004 2237
2004 1405 2237
2237 1405 2004
868 885 2975
2975 868 885
885 868 2975
2540 1525 2382
2382 1525 2540
1525 2382 2540
2813 934 1149
934 1149 2813
1149 934 2813
987 2034 2832
2832 987 2034
2034 987 2832
1588 767 2659
767 1588 2659
2659 767 1588
1897 1704 2200
2200 1704 1897
1704 1897 2200
1538 48 52
48 52 1538
52 48 1538
2250 389 1009
1009 389 2250
389 1009 2250
1161 314 1325
1325 314 1161
314 1161 1325
1298 1128 2322
2322 1128 1298
1128 1298 2322
366 313 529
529 313 366
313 366 529
337 949 2875
949 337 2875
2875 337 949
2697 339 2801
2801 339 2697
339 2697 2801
850 504 1662
1662 504 850
504 850 1662
1780 964 2122
2122 964 1780
964 1780 2122
262 2491 2737
2737 262 2491
2491 262 2737
184 686 1431
686 184 1431
1431 184 686
1378 1445 2999
2999 1378 1445
1445 1378 2999
1090 103 330
330 103 1090
103 330 1090
152 332 2133
332 152 2133
2133 152 332
693 1066 2684
1066 693 2684
2684 693 1066
882 1643 1743
1643 882 1743
1743 882 1643
2503 157 2020
2020 157 2503
157 2020 2503
1594 1696 1730
1696 1594 1730
1730 1594 1696
1005 145 2859
2859 145 1005
145 1005 2859
3 1238 2040
1238 3 2040
2040 3 1238
1877 113 369
369 113 1877
113 369 1877
2856 1584 1698
1698 1584 2856
1584 1698 2856
1755 193 2291
2291 193 1755
193 1755 2291
2922 2017 2723
2017 2723 2922
2723 2017 2922
2581 902 1486
1486 902 2581
902 1486 2581
1285 981 1208
1208 981 1285
981 1208 1285
2389 2325 2835
2835 2325 2389
2325 2389 2835
377 1345 2712
2712 377 1345
1345 377 2712
1943 224 2824
224 1943 2824
2824 224 1943
2249 760 2120
760 2120 2249
2120 760 2249
2238 494 2297
494 2238 2297
2297 494 2238
1705 1089 1186
1186 1089 1705
1089 1186 1705
2678 864 2744
864 2678 2744
2744 864 2678
1529 354 1063
354 1063 1529
1063 354 1529
2547 191 2003
191 2003 2547
2003 191 2547
1481 239 2882
2882 239 1481
239 1481 2882
2368 1169 1409
1169 1409 2368
1409 1169 2368
2848 139 495
495 139 2848
139 495 2848
1153 26 1221
26 1153 1221
1221 26 1153
123 1709 2480
1709 123 2480
2480 123 1709
2070 420 2081
2081 420 2070
420 2070 2081
1689 227 2210
2210 227 1689
227 1689 2210
2263 564 875
564 875 2263
875 564 2263
2063 319 2751
319 2063 2751
2751 319 2063
20 646 2055
646 20 2055
2055 20 646
2087 1653 1805
1653 1805 2087
1805 1653 2087
2324 546 954
546 954 2324
954 546 2324
2321 284 1716
284 1716 2321
1716 284 2321
1487 795 2230
795 1487 2230
2230 795 1487
2255 1956 2397
2397 1956 2255
1956 2255 2397
1306 2147 2901
2901 1306 2147
2147 1306 2901
105 2022 2213
2022 105 2213
2213 105 2022
2531 1789 2006
2006 1789 2531
1789 2006 2531
2484 1645 2461
2461 1645 2484
1645 2461 2484
2431 1131 2604
2604 1131 2431
1131 2431 2604
1777 937 2126
937 1777 2126
2126 937 1777
1016 890 966
966 890 1016
890 966 1016
2571 1536 2339
2339 1536 2571
1536 2339 2571
1072 2944 2976
2976 1072 2944
2944 1072 2976
595 226 2747
2747 226 595
226 595 2747
594 1850 2176
2176 594 1850
1850 594 2176
796 1179 2206
2206 796 1179
1179 796 2206
1027 1778 2050
1778 1027 2050
2050 1027 1778
2099 47 1095
1095 47 2099
47 1095 2099
2078 780 1242
780 1242 2078
1242 780 2078
1303 1512 2907
2907 1303 1512
1512 1303 2907
656 309 2163
2163 309 656
309 656 2163
2018 287 1232
287 1232 2018
1232 287 2018
1875 1573 2720
2720 1573 1875
1573 1875 2720
1641 2395 2958
2958 1641 2395
2395 1641 2958
2888 209 493
209 493 2888
493 209 2888
787 873 2336
873 787 2336
2336 787 873
2514 1335 2502
2502 1335 2514
1335 2502 2514
1622 1260 2530
2530 1260 1622
1260 1622 2530
1499 1442 2464
1442 1499 2464
2464 1442 1499
567 7 1693
7 567 1693
1693 7 567
1860 653 2871
2871 653 1860
653 1860 2871
299 1549 1659
1659 299 1549
1549 299 1659
58 1105 2699
1105 58 2699
2699 58 1105
1021 1489 2331
2331 1021 1489
1489 1021 2331
2274 1944 2508
2508 1944 2274
1944 2274 2508
2669 759 858
759 858 2669
858 759 2669
1844 475 2162
2162 475 1844
475 1844 2162
1807 583 847
847 583 1807
583 847 1807
426 1616 2083
1616 426 2083
2083 426 1616
1201 1495 2661
2661 1201 1495
1495 1201 2661
2457 623 946
623 946 2457
946 623 2457
1079 355 1765
1765 355 1079
355 1079 1765
2734 502 2729
502 2729 2734
2729 502 2734
2182 127 1684
1684 127 2182
127 1684 2182
1058 1427 2101
2101 1058 1427
1427 1058 2101
2058 484 916
916 484 2058
484 916 2058
448 2505 2510
2510 448 2505
2505 448 2510
472 75 919
919 75 472
75 472 919
2307 1011 2594
2594 1011 2307
1011 2307 2594
386 536 2458
536 386 2458
2458 386 536
508 456 2302
2302 456 508
456 508 2302
674 1259 2908
1259 674 2908
2908 674 1259
2359 248 1188
1188 248 2359
248 1188 2359
1239 559 1731
559 1239 1731
1731 559 1239
555 1414 1840
1414 555 1840
1840 555 1414
1393 2784 2981
2981 1393 2784
2784 1393 2981
212 1914 2555
2555 212 1914
1914 212 2555
790 1938 2409
2409 790 1938
1938 790 2409
2299 230 965
965 230 2299
230 965 2299
1571 164 1141
164 1141 1571
1141 164 1571
2858 1115 2627
2627 1115 2858
1115 2627 2858
363 2436 2917
2917 363 2436
2436 363 2917
2897 2102 2556
2102 2556 2897
2556 2102 2897
2658 1796 2374
2374 1796 2658
1796 2374 2658
2168 1692 2715
1692 2168 2715
2715 1692 2168
1056 857 2517
857 1056 2517
2517 857 1056
2820 1163 2923
1163 2820 2923
2923 1163 2820
1309 1781 2839
2839 1309 1781
1781 1309 2839
1861 1228 1748
1748 1228 1861
1228 1748 1861
2362 422 2770
2770 422 2362
422 2362 2770
1866 922 1858
1858 922 1866
922 1858 1866
1454 66 2069
2069 66 1454
66 1454 2069
839 1677 1961
1961 839 1677
1677 839 1961
1881 1217 2775
2775 1217 1881
1217 1881 2775
2957 793 1222
793 1222 2957
1222 793 2957
1031 78 94
78 94 1031
94 78 1031
77 84 1680
1680 77 84
84 77 1680
1229 2289 2460
2289 1229 2460
2460 1229 2289
237 1359 2600
1359 237 2600
2600 237 1359
1216 1488 2984
1488 1216 2984
2984 1216 1488
2891 771 1576
771 1576 2891
1576 771 2891
1543 1522 2386
2386 1522 1543
1522 1543 2386
116 1818 1949
1818 116 1949
1949 116 1818
1880 1761 2842
1761 1880 2842
2842 1761 1880
251 1070 1787
1070 251 1787
1787 251 1070
834 2753 2909
2753 834 2909
2909 834 2753
2451 1435 2719
2719 1435 2451
1435 2451 2719
2706 51 2284
51 2284 2706
2284 51 2706
1157 2791 2952
2952 1157 2791
2791 1157 2952
2772 28 1578
28 1578 2772
1578 28 2772
664 826 1166
1166 664 826
826 664 1166
2845 552 1665
1665 552 2845
552 1665 2845
2749 119 279
119 279 2749
279 119 2749
2418 364 2330
364 2330 2418
2330 364 2418
2974 1791 2381
2381 1791 2974
1791 2381 2974
2463 501 2722
501 2463 2722
2722 501 2463
1088 115 2507
115 1088 2507
2507 115 1088
576 1054 1871
1871 576 1054
1054 576 1871
582 2426 2631
2631 582 2426
2426 582 2631
907 307 1398
1398 307 907
307 907 1398
2384 1 1520
1 1520 2384
1520 1 2384
1637 1718 2610
1718 1637 2610
2610 1637 1718
602 165 1503
165 602 1503
1503 165 602
1593 1826 2462
2462 1593 1826
1826 1593 2462
1300 1756 2214
1756 1300 2214
2214 1300 1756
1182 419 2965
419 1182 2965
2965 419 1182
2241 871 1801
871 1801 2241
1801 871 2241
256 722 1933
722 256 1933
1933 256 722
37 589 690
690 37 589
589 37 690
2371 238 666
666 238 2371
238 666 2371
476 55 3000
55 476 3000
3000 55 476
1040 699 1373
699 1040 1373
1373 699 1040
142 35 2495
2495 35 142
35 142 2495
986 253 1898
1898 253 986
253 986 1898
884 300 1784
1784 300 884
300 884 1784
2703 786 2345
786 2345 2703
2345 786 2703
996 1646 2447
2447 996 1646
1646 996 2447
1332 1207 2647
2647 1207 1332
1207 1332 2647
689 346 527
527 346 689
346 527 689
146 349 1129
1129 146 349
349 146 1129
1190 2281 2992
2281 1190 2992
2992 1190 2281
2920 1158 2537
2537 1158 2920
1158 2537 2920
1415 302 2477
2477 302 1415
302 1415 2477
379 721 2983
721 379 2983
2983 379 721
480 2109 2970
2109 480 2970
2970 480 2109
867 553 2356
553 867 2356
2356 553 867
1146 140 290
140 290 1146
290 140 1146
1035 1291 2570
2570 1035 1291
1291 1035 2570
2420 715 1763
715 1763 2420
1763 715 2420
2829 1049 2506
1049 2506 2829
2506 1049 2829
308 1195 1950
1195 308 1950
1950 308 1195
2528 524 1483
524 1483 2528
1483 524 2528
2609 2073 2951
2951 2073 2609
2073 2609 2951
1065 1809 2024
2024 1065 1809
1809 1065 2024
2714 43 550
550 43 2714
43 550 2714
1625 32 2295
2295 32 1625
32 1625 2295
390 1612 2437
1612 390 2437
2437 390 1612
1156 12 533
12 533 1156
533 12 1156
1108 114 171
114 171 1108
171 114 1108
1996 2826 2946
2826 1996 2946
2946 1996 2826
2914 217 2130
217 2130 2914
2130 217 2914
1440 73 841
73 841 1440
841 73 1440
334 204 842
204 334 842
842 204 334
1468 622 2822
622 1468 2822
2822 622 1468
2334 128 1733
1733 128 2334
128 1733 2334
2717 2367 2611
2611 2367 2717
2367 2611 2717
2198 1330 1773
1773 1330 2198
1330 1773 2198
2692 2139 2739
2139 2692 2739
2739 2139 2692
264 1969 2590
2590 264 1969
1969 264 2590
2347 1448 2656
2656 1448 2347
1448 2347 2656
548 808 2312
2312 548 808
808 548 2312
2816 1204 1825
1825 1204 2816
1204 1825 2816
1600 763 1006
1006 763 1600
763 1006 1600
38 1081 2012
1081 38 2012
2012 38 1081
933 971 1569
1569 933 971
971 933 1569
1136 537 2008
537 1136 2008
2008 537 1136
2403 374 2982
374 2403 2982
2982 374 2403
445 2209 2228
2228 445 2209
2209 445 2228
824 1566 2959
2959 824 1566
1566 824 2959
1710 2639 2798
2798 1710 2639
2639 1710 2798
1299 989 2222
2222 989 1299
989 1299 2222
1062 1249 1788
1788 1062 1249
1249 1062 1788
1661 320 2853
2853 320 1661
320 1661 2853
2372 1348 2557
2557 1348 2372
1348 2372 2557
2680 233 2955
2955 233 2680
233 2680 2955
879 2275 2511
2275 879 2511
2511 879 2275
574 1051 1650
1650 574 1051
1051 574 1650
2421 1033 2278
1033 2278 2421
2278 1033 2421
177 2084 2595
2084 177 2595
2595 177 2084
1927 460 2918
460 1927 2918
2918 460 1927
1954 1241 1798
1798 1241 1954
1241 1798 1954
42 2288 2759
2759 42 2288
2288 42 2759
2360 1926 2979
2979 1926 2360
1926 2360 2979
435 593 1255
593 435 1255
1255 435 593
1184 1178 2577
2577 1178 1184
1178 1184 2577
1697 1462 2877
2877 1462 1697
1462 1697 2877
1597 11 1322
1322 11 1597
11 1322 1597
1830 1269 1515
1269 1515 1830
1515 1269 1830
2007 1505 1595
1505 1595 2007
1595 1505 2007
92 1729 1865
1865 92 1729
1729 92 1865
323 1762 2929
1762 323 2929
2929 323 1762
631 1750 2787
2787 631 1750
1750 631 2787
1936 144 2117
2117 144 1936
144 1936 2117
551 615 950
615 551 950
950 551 615
2456 181 700
700 181 2456
181 700 2456
1350 1341 2689
1341 1350 2689
2689 1341 1350
1547 804 1802
1802 804 1547
804 1547 1802
2204 255 640
255 640 2204
640 255 2204
1585 417 1940
1940 417 1585
417 1585 1940
415 2270 2838
2838 415 2270
2270 415 2838
2889 1519 2968
2968 1519 2889
1519 2889 2968
2545 310 1041
310 1041 2545
1041 310 2545
2272 1069 1751
1751 1069 2272
1069 1751 2272
2931 1888 2529
2529 1888 2931
1888 2529 2931
670 2173 2732
2173 670 2732
2732 670 2173
2576 1428 2112
1428 2112 2576
2112 1428 2576
645 2497 2756
2756 645 2497
2497 645 2756
203 717 2335
2335 203 717
717 203 2335
2305 421 2705
421 2305 2705
2705 421 2305
340 381 2279
2279 340 381
381 340 2279
1399 547 2638
2638 547 1399
547 1399 2638
2396 93 2065
93 2065 2396
2065 93 2396
803 1023 1280
1280 803 1023
1023 803 1280
1545 827 899
827 899 1545
899 827 1545
1890 1636 2103
2103 1636 1890
1636 1890 2103
2092 2134 2765
2765 2092 2134
2134 2092 2765
2902 153 1531
153 1531 2902
1531 153 2902
2487 29 1937
1937 29 2487
29 1937 2487
2713 510 1737
510 1737 2713
1737 510 2713
1449 993 1619
1619 993 1449
993 1449 1619
761 2273 2707
2707 761 2273
2273 761 2707
2098 2049 2516
2516 2049 2098
2049 2098 2516
405 877 1660
877 405 1660
1660 405 877
1895 651 940
940 651 1895
651 940 1895
2240 1816 2633
2633 1816 2240
1816 2240 2633
143 69 2154
2154 69 143
69 143 2154
1479 1838 2997
1838 1479 2997
2997 1479 1838
635 941 1521
1521 635 941
941 635 1521
1122 1139 1381
1381 1122 1139
1139 1122 1381
2953 861 2779
2779 861 2953
861 2779 2953
1338 1424 1720
1424 1338 1720
1720 1338 1424
1688 25 2821
2821 25 1688
25 1688 2821
2872 295 901
295 901 2872
901 295 2872
2488 1626 2652
1626 2488 2652
2652 1626 2488
2777 975 1346
1346 975 2777
975 1346 2777
1577 202 2377
202 1577 2377
2377 202 1577
18 1591 2248
1591 18 2248
2248 18 1591
1389 1975 2161
1975 1389 2161
2161 1389 1975
1450 1360 1423
1360 1423 1450
1423 1360 1450
648 1258 1453
1453 648 1258
1258 648 1453
1124 1679 1912
1912 1124 1679
1679 1124 1912
1068 458 1301
1301 458 1068
458 1068 1301
978 453 789
453 789 978
789 453 978
1782 1795 2915
2915 1782 1795
1795 1782 2915
466 992 2741
992 466 2741
2741 466 992
423 288 463
288 423 463
463 288 423
1074 39 358
39 358 1074
358 39 1074
571 1252 1514
1514 571 1252
1252 571 1514
2655 1307 1657
1307 1657 2655
1657 1307 2655
2696 569 958
958 569 2696
569 958 2696
1966 1135 1214
1135 1214 1966
1214 1135 1966
438 860 1434
860 438 1434
1434 438 860
99 1613 1994
1613 99 1994
1994 99 1613
988 836 1279
836 988 1279
1279 836 988
1562 1026 2013
2013 1026 1562
1026 1562 2013
925 788 2453
788 925 2453
2453 788 925
395 1433 1513
1433 395 1513
1513 395 1433
2239 2048 2657
2657 2048 2239
2048 2239 2657
1828 2046 2767
2767 1828 2046
2046 1828 2767
2596 180 1160
180 1160 2596
1160 180 2596
2855 160 326
160 326 2855
326 160 2855
744 56 816
816 56 744
56 744 816
33 1372 1744
1372 33 1744
1744 33 1372
2730 754 2475
754 2475 2730
2475 754 2730
271 568 2949
2949 271 568
568 271 2949
1702 823 1337
1337 823 1702
823 1337 1702
720 201 2760
201 720 2760
2760 201 720
1143 327 2539
2539 327 1143
327 1143 2539
1962 1366 1491
1366 1491 1962
1491 1366 1962
1666 135 1096
1096 135 1666
135 1096 1666
2519 678 1855
678 1855 2519
1855 678 2519
2474 1225 2064
1225 2064 2474
2064 1225 2474
1144 1638 2094
1638 1144 2094
2094 1144 1638
1236 1590 2898
1590 1236 2898
2898 1236 1590
2148 638 2509
2509 638 2148
638 2148 2509
1570 849 1539
849 1539 1570
1539 849 1570
2755 1046 1270
1046 1270 2755
1270 1046 2755
2119 845 1297
1297 845 2119
845 1297 2119
1437 378 2861
378 1437 2861
2861 378 1437
908 1361 1909
1909 908 1361
1361 908 1909
1230 176 1634
176 1230 1634
1634 176 1230
482 1316 1952
1952 482 1316
1316 482 1952
1220 1903 2260
2260 1220 1903
1903 1220 2260
2220 410 2903
410 2220 2903
2903 410 2220
775 470 833
470 775 833
833 470 775
647 831 1078
1078 647 831
