2030 204 1968
1968 204 2030
204 1968 2030
2140 2078 2286
2286 2078 2140
2078 2140 2286
220 1186 1949
1186 220 1949
1949 220 1186
2657 188 1069
188 1069 2657
1069 188 2657
2289 2097 2282
2282 2097 2289
2097 2282 2289
1373 1088 2792
2792 1088 1373
1088 1373 2792
2188 391 971
391 971 2188
971 391 2188
1607 734 2186
2186 734 1607
734 1607 2186
2149 1084 2277
1084 2149 2277
2277 1084 2149
2199 1323 2118
2118 1323 2199
1323 2118 2199
101 322 2215
2215 101 322
322 101 2215
12 2146 2858
2858 12 2146
2146 12 2858
1345 339 1469
1469 339 1345
339 1345 1469
1542 412 878
878 412 1542
412 878 1542
430 2092 2495
2092 430 2495
2495 430 2092
2329 1960 2513
2513 1960 2329
1960 2329 2513
2073 1514 1522
1522 1514 2073
1514 1522 2073
2431 2592 2763
2763 2431 2592
2592 2431 2763
2920 55 2327
2327 55 2920
55 2327 2920
366 1190 1732
1732 366 1190
1190 366 1732
941 11 1164
1164 11 941
11 941 1164
624 1309 1848
1848 624 1309
1309 624 1848
439 715 1221
1221 439 715
715 439 1221
1340 1250 2128
1250 1340 2128
2128 1250 1340
1805 1220 1428
1428 1220 1805
1220 1428 1805
1802 149 2582
2582 149 1802
149 1802 2582
542 1362 1471
1362 542 1471
1471 542 1362
1683 1497 1932
1932 1497 1683
1497 1683 1932
368 422 2874
2874 368 422
422 368 2874
1159 679 2871
2871 679 1159
679 1159 2871
1740 1440 1988
1988 1440 1740
1440 1740 1988
580 565 2755
2755 565 580
565 580 2755
684 1708 2043
2043 684 1708
1708 684 2043
685 384 957
384 685 957
957 384 685
2568 2156 2543
2543 2156 2568
2156 2543 2568
633 1810 2290
1810 633 2290
2290 633 1810
1837 323 1491
1491 323 1837
323 1491 1837
169 548 2585
2585 169 548
548 169 2585
2739 178 995
995 178 2739
178 995 2739
919 2519 2561
2519 919 2561
2561 919 2519
2801 225 2010
225 2010 2801
2010 225 2801
1496 1432 2066
1432 1496 2066
2066 1432 1496
1080 77 2768
77 1080 2768
2768 77 1080
619 452 511
511 452 619
452 511 619
522 2038 2777
2777 522 2038
2038 522 2777
2996 353 562
353 562 2996
562 353 2996
2658 211 1806
211 1806 2658
1806 211 2658
2954 239 2465
239 2465 2954
2465 239 2954
642 297 389
297 389 642
389 297 642
1713 207 2715
207 1713 2715
2715 207 1713
2590 307 2323
307 2323 2590
2323 307 2590
1894 150 1717
1717 150 1894
150 1717 1894
690 618 1137
1137 618 690
618 690 1137
2407 2047 2448
2047 2407 2448
2448 2047 2407
1546 843 2298
843 1546 2298
2298 843 1546
1095 739 923
739 923 1095
923 739 1095
693 2711 2765
2765 693 2711
2711 693 2765
80 170 922
922 80 170
170 80 922
89 1390 1536
1536 89 1390
1390 89 1536
70 330 2361
2361 70 330
330 70 2361
1045 461 772
772 461 1045
461 772 1045
2227 1068 2406
2406 1068 2227
1068 2227 2406
1092 998 1637
998 1092 1637
1637 998 1092
172 302 1621
1621 172 302
302 172 1621
241 1258 2977
2977 241 1258
1258 241 2977
1817 402 1272
402 1272 1817
1272 402 1817
928 1257 2219
2219 928 1257
1257 928 2219
145 2366 2929
2929 145 2366
2366 145 2929
405 1072 1467
1072 405 1467
1467 405 1072
1948 762 2475
2475 762 1948
762 1948 2475
1748 25 600
600 25 1748
25 600 1748
980 2318 2982
2982 980 2318
2318 980 2982
940 808 2420
808 940 2420
2420 808 940
1995 654 1784
654 1784 1995
1784 654 1995
787 325 446
325 446 787
446 325 787
1795 429 1377
1377 429 1795
429 1377 1795
1048 724 1002
1002 724 1048
724 1002 1048
1242 1644 2767
1644 1242 2767
2767 1242 1644
1047 116 2501
2501 116 1047
116 1047 2501
959 1089 1660
1660 959 1089
1089 959 1660
2058 2813 2847
2847 2058 2813
2813 2058 2847
2468 2522 2548
2548 2468 2522
2522 2468 2548
1524 2343 2554
2554 1524 2343
2343 1524 2554
2539 115 666
115 666 2539
666 115 2539
2401 671 1184
671 1184 2401
1184 671 2401
2626 1596 2890
2890 1596 2626
1596 2626 2890
393 831 925
831 393 925
925 393 831
2322 862 1451
1451 862 2322
862 1451 2322
182 1840 2247
1840 182 2247
2247 182 1840
1633 1284 2300
2300 1284 1633
1284 1633 2300
1197 2040 2167
2167 1197 2040
2040 1197 2167
1124 900 1842
900 1124 1842
1842 900 1124
1112 1884 1971
1884 1112 1971
1971 1112 1884
1528 1501 2710
2710 1501 1528
1501 1528 2710
2158 1693 2205
2205 1693 2158
1693 2158 2205
2877 238 1771
238 1771 2877
1771 238 2877
1857 701 1631
701 1631 1857
1631 701 1857
1366 615 2371
2371 615 1366
615 1366 2371
698 1330 2541
1330 698 2541
2541 698 1330
409 2173 2390
2173 409 2390
2390 409 2173
2936 1711 2549
1711 2549 2936
2549 1711 2936
2945 2675 2884
2884 2675 2945
2675 2884 2945
497 1246 2180
2180 497 1246
1246 497 2180
1994 1947 2934
1947 1994 2934
2934 1947 1994
515 874 2639
874 515 2639
2639 515 874
1371 859 2641
859 1371 2641
2641 859 1371
2888 509 1131
1131 509 2888
509 1131 2888
1470 592 1998
592 1470 1998
1998 592 1470
2021 674 2770
674 2021 2770
2770 674 2021
1354 2084 2313
2084 1354 2313
2313 1354 2084
489 2214 2887
2214 489 2887
2887 489 2214
1707 1315 1668
1668 1315 1707
1315 1668 1707
798 722 1436
722 798 1436
1436 722 798
2848 1691 2816
1691 2816 2848
2816 1691 2848
1416 1271 1675
1271 1416 1675
1675 1271 1416
1695 1553 1759
1759 1553 1695
1553 1695 1759
507 234 728
234 507 728
728 234 507
1034 520 1333
1333 520 1034
520 1034 1333
2553 1286 2665
1286 2553 2665
2665 1286 2553
531 2065 2071
2065 531 2071
2071 531 2065
1919 1269 2925
1269 1919 2925
2925 1269 1919
2811 441 839
441 839 2811
839 441 2811
485 448 2550
448 485 2550
2550 448 485
1937 988 2724
988 1937 2724
2724 988 1937
1243 1959 2496
2496 1243 1959
1959 1243 2496
1015 1907 1993
1907 1015 1993
1993 1015 1907
1965 1120 2414
1120 1965 2414
2414 1120 1965
1167 110 1285
110 1167 1285
1285 110 1167
726 1555 2090
1555 726 2090
2090 726 1555
1107 1549 2398
1549 1107 2398
2398 1107 1549
514 414 651
414 514 651
651 414 514
1678 96 1648
1648 96 1678
96 1648 1678
748 255 1619
1619 255 748
255 748 1619
2262 810 1625
1625 810 2262
810 1625 2262
2093 431 532
532 431 2093
431 532 2093
218 173 1035
173 218 1035
1035 173 218
1387 121 713
713 121 1387
121 713 1387
1351 1504 1701
1504 1351 1701
1701 1351 1504
1574 2346 2653
2653 1574 2346
2346 1574 2653
1379 2029 2754
2754 1379 2029
2029 1379 2754
1264 1075 1847
1075 1264 1847
1847 1075 1264
2968 1979 2973
1979 2968 2973
2973 1979 2968
1244 778 1836
1836 778 1244
778 1244 1836
2839 1163 1719
1719 1163 2839
1163 1719 2839
960 477 1554
1554 477 960
477 960 1554
2316 1935 2661
2661 1935 2316
1935 2316 2661
1310 76 1245
76 1245 1310
1245 76 1310
2164 309 2760
2760 309 2164
309 2164 2760
2598 140 2679
2679 140 2598
140 2598 2679
2938 2723 2750
2723 2750 2938
2750 2723 2938
1055 1826 2151
1826 1055 2151
2151 1055 1826
1758 554 2572
2572 554 1758
554 1758 2572
875 1229 1698
1229 875 1698
1698 875 1229
2242 823 1751
823 1751 2242
1751 823 2242
997 1283 2233
1283 997 2233
2233 997 1283
1402 1321 1652
1652 1321 1402
1321 1402 1652
2608 1450 2435
2435 1450 2608
1450 2435 2608
2152 631 1372
631 1372 2152
1372 631 2152
2651 668 1890
668 1890 2651
1890 668 2651
2332 426 1195
426 1195 2332
1195 426 2332
596 2022 2441
2022 596 2441
2441 596 2022
1145 602 1518
1518 602 1145
602 1145 1518
1722 902 2121
2121 902 1722
902 1722 2121
64 1827 2244
2244 64 1827
1827 64 2244
2852 1192 2169
2169 1192 2852
1192 2169 2852
1567 29 1438
1438 29 1567
29 1438 1567
1786 6 2295
6 1786 2295
2295 6 1786
95 1716 2609
1716 95 2609
2609 95 1716
632 1478 2667
1478 632 2667
2667 632 1478
1533 1181 2970
1181 1533 2970
2970 1181 1533
2784 224 2862
2862 224 2784
224 2784 2862
1858 611 783
783 611 1858
611 783 1858
1520 1485 2457
1485 1520 2457
2457 1485 1520
628 2153 2815
2815 628 2153
2153 628 2815
1558 852 1787
1787 852 1558
852 1558 1787
2102 2606 2793
2793 2102 2606
2606 2102 2793
2910 1849 2075
1849 2075 2910
2075 1849 2910
1687 2310 2463
2310 1687 2463
2463 1687 2310
1203 613 2421
2421 613 1203
613 1203 2421
2926 1039 1790
1790 1039 2926
1039 1790 2926
1117 781 2705
781 1117 2705
2705 781 1117
2843 747 1563
747 1563 2843
1563 747 2843
2426 1892 2443
2443 1892 2426
1892 2426 2443
285 213 1956
213 285 1956
1956 213 285
1640 770 2070
2070 770 1640
770 1640 2070
804 587 2108
2108 587 804
587 804 2108
2955 300 1663
1663 300 2955
300 1663 2955
1376 2689 2726
2689 1376 2726
2726 1376 2689
1234 86 672
86 672 1234
672 86 1234
2170 956 1133
956 1133 2170
1133 956 2170
1799 2234 2283
2283 1799 2234
2234 1799 2283
1530 463 3000
463 1530 3000
3000 463 1530
2962 438 1589
1589 438 2962
438 1589 2962
2615 832 1517
832 1517 2615
1517 832 2615
2697 1777 2772
2772 1777 2697
1777 2697 2772
371 2471 2537
2471 371 2537
2537 371 2471
1138 1018 1492
1018 1138 1492
1492 1018 1138
1009 706 1611
706 1009 1611
1611 706 1009
2577 2133 2544
2133 2544 2577
2544 2133 2577
1410 1083 1587
1083 1410 1587
1587 1083 1410
546 2031 2794
2031 546 2794
2794 546 2031
853 69 2141
2141 69 853
69 853 2141
2193 1290 2372
2372 1290 2193
1290 2193 2372
484 1871 2868
1871 484 2868
2868 484 1871
2649 1331 2303
1331 2303 2649
2303 1331 2649
487 678 2203
2203 487 678
678 487 2203
1710 860 1924
1924 860 1710
860 1710 1924
1096 306 1730
1730 306 1096
306 1096 1730
849 1391 2520
1391 849 2520
2520 849 1391
2556 2042 2424
2042 2424 2556
2424 2042 2556
2281 102 871
871 102 2281
102 871 2281
2540 1632 1940
1632 1940 2540
1940 1632 2540
1228 771 1142
1142 771 1228
771 1142 1228
240 94 2458
2458 94 240
94 240 2458
655 2569 2921
2569 655 2921
2921 655 2569
19 2583 2845
2583 19 2845
2845 19 2583
944 191 1725
1725 191 944
191 944 1725
607 1449 2306
2306 607 1449
1449 607 2306
1457 251 2064
251 1457 2064
2064 251 1457
2924 1945 2485
2485 1945 2924
1945 2485 2924
754 662 1003
1003 662 754
662 754 1003
164 432 2161
432 164 2161
2161 164 432
189 718 2098
2098 189 718
718 189 2098
440 561 2688
561 440 2688
2688 440 561
551 977 1442
977 551 1442
1442 551 977
2895 1337 2487
2487 1337 2895
1337 2487 2895
21 315 1933
315 21 1933
1933 21 315
375 1342 2907
1342 375 2907
2907 375 1342
2085 1363 2997
1363 2085 2997
2997 1363 2085
645 598 2928
598 645 2928
2928 598 645
777 13 1344
13 777 1344
1344 13 777
1367 1320 1739
1739 1320 1367
1320 1367 1739
1861 1082 2984
2984 1082 1861
1082 1861 2984
1778 51 1149
51 1149 1778
1149 51 1778
595 117 1016
117 595 1016
1016 117 595
880 408 2344
408 880 2344
2344 408 880
1665 2427 2909
2427 1665 2909
2909 1665 2427
1570 536 537
536 537 1570
537 536 1570
68 1643 2482
2482 68 1643
1643 68 2482
436 472 918
918 436 472
472 436 918
236 1595 2388
1595 236 2388
2388 236 1595
1253 268 1630
1630 268 1253
268 1253 1630
1775 1435 2911
2911 1435 1775
1435 1775 2911
1441 963 2565
2565 963 1441
963 1441 2565
1036 2137 2181
2181 1036 2137
2137 1036 2181
1314 932 2944
2944 932 1314
932 1314 2944
1841 385 2994
385 1841 2994
2994 385 1841
2604 846 2309
846 2309 2604
2309 846 2604
1712 1403 2744
2744 1403 1712
1403 1712 2744
78 519 2987
519 78 2987
2987 78 519
2503 1727 2986
1727 2503 2986
2986 1727 2503
1515 373 1904
1904 373 1515
373 1515 1904
1007 648 962
962 648 1007
648 962 1007
435 793 2249
793 435 2249
2249 435 793
1736 1300 1823
1300 1736 1823
1823 1300 1736
2798 1316 2442
1316 2442 2798
2442 1316 2798
459 483 2138
2138 459 483
483 459 2138
1156 1464 2380
1464 1156 2380
2380 1156 1464
2260 2028 2552
2028 2260 2552
2552 2028 2260
2096 197 1413
1413 197 2096
197 1413 2096
717 746 1059
746 717 1059
1059 717 746
1941 356 2112
356 1941 2112
2112 356 1941
401 2111 2464
2111 401 2464
2464 401 2111
2337 1103 1798
1103 1798 2337
1798 1103 2337
2807 528 797
528 797 2807
797 528 2807
406 1819 2334
2334 406 1819
1819 406 2334
851 263 2275
263 851 2275
2275 263 851
28 1025 2680
2680 28 1025
1025 28 2680
1218 2271 2349
2271 1218 2349
2349 1218 2271
2060 1143 2013
2013 1143 2060
1143 2013 2060
2876 470 567
567 470 2876
470 567 2876
1606 845 2163
845 1606 2163
2163 845 1606
249 1534 2150
2150 249 1534
1534 249 2150
1369 257 1037
257 1037 1369
1037 257 1369
1291 773 1012
773 1012 1291
1012 773 1291
1188 985 2100
985 1188 2100
2100 985 1188
1741 1483 2360
2360 1483 1741
1483 1741 2360
1101 2245 2783
2245 1101 2783
2783 1101 2245
1614 825 2088
2088 825 1614
825 1614 2088
157 721 2980
2980 157 721
721 157 2980
2220 242 593
242 593 2220
593 242 2220
1425 516 2930
2930 516 1425
516 1425 2930
2972 108 844
844 108 2972
108 844 2972
1879 465 2033
2033 465 1879
465 1879 2033
299 1317 2916
1317 299 2916
2916 299 1317
669 1963 2580
2580 669 1963
1963 669 2580
60 2027 2177
2177 60 2027
2027 60 2177
258 47 129
47 129 258
129 47 258
2491 381 2082
381 2082 2491
2082 381 2491
586 2194 2821
2194 586 2821
2821 586 2194
2706 122 2648
122 2648 2706
2648 122 2706
658 1600 2838
2838 658 1600
1600 658 2838
1851 578 830
830 578 1851
578 830 1851
2693 37 1898
1898 37 2693
37 1898 2693
2808 1601 2597
1601 2597 2808
2597 1601 2808
1572 627 1976
1976 627 1572
627 1572 1976
1152 49 294
294 49 1152
49 294 1152
638 334 2268
2268 334 638
334 638 2268
2752 1452 2891
1452 2752 2891
2891 1452 2752
2099 1969 2992
1969 2099 2992
2992 1969 2099
549 736 1307
736 549 1307
1307 549 736
1105 1511 2961
2961 1105 1511
1511 1105 2961
1463 1114 1355
1114 1355 1463
1355 1114 1463
370 2356 2917
2356 370 2917
2917 370 2356
2110 1754 2881
2881 1754 2110
1754 2110 2881
1755 2691 2834
2834 1755 2691
2691 1755 2834
2393 504 2264
2264 504 2393
504 2264 2393
1222 137 1929
1929 137 1222
137 1222 1929
2039 1526 2797
1526 2039 2797
2797 1526 2039
2454 492 1313
492 1313 2454
1313 492 2454
1547 1189 1386
1386 1189 1547
1189 1386 1547
230 1560 2721
2721 230 1560
1560 230 2721
813 1405 1645
1645 813 1405
1405 813 1645
2147 753 2687
2687 753 2147
753 2147 2687
1865 687 2502
2502 687 1865
687 1865 2502
2700 1136 1808
1808 1136 2700
1136 1808 2700
612 248 1409
1409 248 612
248 612 1409
2438 1227 2411
2411 1227 2438
1227 2411 2438
1783 819 1077
819 1077 1783
1077 819 1783
175 399 2662
399 175 2662
2662 175 399
910 1176 2062
2062 910 1176
1176 910 2062
2593 310 2991
2991 310 2593
310 2593 2991
336 681 2517
681 336 2517
2517 336 681
799 2106 2889
2889 799 2106
2106 799 2889
2236 30 2255
30 2236 2255
2255 30 2236
1957 512 1041
512 1041 1957
1041 512 1957
585 168 2192
168 585 2192
2192 168 585
2985 57 2950
2950 57 2985
57 2950 2985
378 228 283
283 228 378
228 283 378
2003 2735 2761
2761 2003 2735
2735 2003 2761
743 1908 2576
2576 743 1908
1908 743 2576
2646 927 1831
927 1831 2646
1831 927 2646
2113 2652 2903
2652 2113 2903
2903 2113 2652
2869 558 2631
558 2631 2869
2631 558 2869
2591 1172 1682
1172 1682 2591
1682 1172 2591
857 568 2857
568 857 2857
2857 568 857
1388 1878 1970
1878 1388 1970
1970 1388 1878
2301 351 1672
1672 351 2301
351 1672 2301
1460 1294 2076
1294 1460 2076
2076 1294 1460
2347 279 1958
1958 279 2347
279 1958 2347
752 1659 2436
1659 752 2436
2436 752 1659
1477 1681 1897
1897 1477 1681
1681 1477 1897
1407 496 2698
2698 496 1407
496 1407 2698
2514 1358 1939
1358 1939 2514
1939 1358 2514
1202 1374 2440
2440 1202 1374
1374 1202 2440
1734 650 1382
650 1382 1734
1382 650 1734
456 784 2989
2989 456 784
784 456 2989
1118 379 1104
379 1104 1118
1104 379 1118
1474 1490 2555
2555 1474 1490
1490 1474 2555
694 909 2900
909 694 2900
2900 694 909
387 673 1765
673 387 1765
1765 387 673
659 835 2729
835 659 2729
2729 659 835
212 1880 2129
2129 212 1880
1880 212 2129
2237 768 2109
768 2109 2237
2109 768 2237
1062 59 415
59 415 1062
415 59 1062
1792 237 841
841 237 1792
237 841 1792
2753 1005 1102
1102 1005 2753
1005 1102 2753
2799 1207 2292
2292 1207 2799
1207 2292 2799
223 270 2559
2559 223 270
270 223 2559
1205 17 1455
1455 17 1205
17 1205 1455
1670 210 1360
210 1360 1670
1360 210 1670
2050 2014 2536
2536 2014 2050
2014 2050 2536
5 376 987
987 5 376
376 5 987
2413 780 2017
780 2017 2413
2017 780 2413
45 206 564
206 45 564
564 45 206
335 290 2278
290 335 2278
2278 290 335
955 1853 2828
2828 955 1853
1853 955 2828
1182 1620 2019
1620 1182 2019
2019 1182 1620
2854 2330 2509
2330 2509 2854
2509 2330 2854
1495 411 2416
2416 411 1495
411 1495 2416
2560 1506 1955
1955 1506 2560
1506 1955 2560
227 1274 1473
1274 227 1473
1473 227 1274
864 1408 1996
1996 864 1408
1408 864 1996
935 2686 2883
2686 935 2883
2883 935 2686
1312 930 1397
1397 930 1312
930 1312 1397
2681 280 579
579 280 2681
280 579 2681
2476 530 1081
530 1081 2476
1081 530 2476
2850 282 2324
282 2324 2850
2324 282 2850
2627 88 1129
1129 88 2627
88 1129 2627
1770 103 2660
103 1770 2660
2660 103 1770
766 686 2207
686 766 2207
2207 686 766
1489 854 1481
854 1481 1489
1481 854 1489
834 154 764
154 764 834
764 154 834
1594 1581 1729
1581 1594 1729
1729 1581 1594
2460 1417 2529
1417 2460 2529
2529 1417 2460
2130 32 416
416 32 2130
32 416 2130
128 1109 1259
1259 128 1109
1109 128 1259
1193 609 1267
609 1193 1267
1267 609 1193
480 2620 2764
2764 480 2620
2620 480 2764
1731 486 1525
486 1525 1731
1525 486 1731
2142 183 1255
183 1255 2142
1255 183 2142
2195 523 1651
1651 523 2195
523 1651 2195
984 1811 2200
2200 984 1811
1811 984 2200
2995 1311 2074
2074 1311 2995
1311 2074 2995
2250 1550 2736
2736 1550 2250
1550 2250 2736
2787 2123 2252
2252 2123 2787
2123 2252 2787
2083 921 1809
1809 921 2083
921 1809 2083
1013 1521 2367
2367 1013 1521
1521 1013 2367
2830 1119 1785
1119 1785 2830
1785 1119 2830
1743 320 1298
1298 320 1743
320 1298 1743
2484 1961 1977
1977 1961 2484
1961 1977 2484
1825 1266 1877
1266 1825 1877
1877 1266 1825
622 750 2941
2941 622 750
750 622 2941
2325 1952 2375
2375 1952 2325
1952 2325 2375
540 606 2116
606 540 2116
2116 540 606
2402 423 816
816 423 2402
423 816 2402
1078 1240 1339
1339 1078 1240
1240 1078 1339
2228 584 2683
584 2228 2683
2683 584 2228
1079 526 2136
526 1079 2136
2136 526 1079
688 885 1040
885 688 1040
1040 688 885
2796 714 2927
714 2796 2927
2927 714 2796
1548 1200 2947
1200 1548 2947
2947 1200 1548
1636 1742 2685
1742 1636 2685
2685 1636 1742
1796 1747 2624
1747 1796 2624
2624 1747 1796
1654 1430 2840
1430 1654 2840
2840 1430 1654
1876 1304 1575
1304 1575 1876
1575 1304 1876
1733 1 1545
1 1545 1733
1545 1 1733
1230 2447 2978
2978 1230 2447
2447 1230 2978
2125 2856 2953
2856 2125 2953
2953 2125 2856
291 1122 2415
2415 291 1122
1122 291 2415
2913 623 2654
623 2654 2913
2654 623 2913
443 517 727
517 443 727
727 443 517
1975 939 1027
939 1027 1975
1027 939 1975
1179 640 1427
640 1179 1427
1427 640 1179
2841 776 1973
1973 776 2841
776 1973 2841
2001 903 1396
903 1396 2001
1396 903 2001
581 233 2218
2218 233 581
233 581 2218
1278 1219 1576
1219 1278 1576
1576 1219 1278
2143 614 937
614 937 2143
937 614 2143
741 256 1868
256 741 1868
1868 256 741
626 425 2257
2257 425 626
425 626 2257
1983 696 2975
696 1983 2975
2975 696 1983
267 1529 1794
1529 267 1794
1794 267 1529
35 968 2618
2618 35 968
968 35 2618
2307 848 2524
848 2307 2524
2524 848 2307
2056 1270 2213
2213 1270 2056
1270 2056 2213
120 311 505
505 120 311
311 120 505
410 2614 2769
2769 410 2614
2614 410 2769
1999 897 2385
2385 897 1999
897 1999 2385
2518 372 2379
372 2379 2518
2379 372 2518
1943 2052 2824
2824 1943 2052
2052 1943 2824
2068 1180 2861
2861 1180 2068
1180 2068 2861
196 1561 2650
2650 196 1561
1561 196 2650
814 1705 2684
2684 814 1705
1705 814 2684
1299 151 2581
2581 151 1299
151 1299 2581
1398 683 829
683 829 1398
829 683 1398
434 1445 1862
1862 434 1445
1445 434 1862
437 1584 1702
1702 437 1584
1584 437 1702
978 1617 2864
1617 978 2864
2864 978 1617
1076 1110 2046
1110 1076 2046
2046 1076 1110
2450 1171 2602
2602 1171 2450
1171 2450 2602
1749 33 2459
33 1749 2459
2459 33 1749
1769 1905 2241
2241 1769 1905
1905 1769 2241
2291 161 2201
161 2201 2291
2201 161 2291
1753 482 863
482 863 1753
863 482 1753
124 590 1295
1295 124 590
590 124 1295
1673 1551 2935
1551 1673 2935
2935 1551 1673
1091 992 1160
1160 992 1091
992 1091 1160
2196 709 1204
709 1204 2196
1204 709 2196
751 1437 2124
2124 751 1437
1437 751 2124
1130 948 2759
948 1130 2759
2759 948 1130
1087 899 1051
1051 899 1087
899 1051 1087
1361 621 2006
2006 621 1361
621 1361 2006
1599 1839 1925
1839 1599 1925
1925 1599 1839
229 2126 2504
2126 229 2504
2504 229 2126
1335 1356 2737
2737 1335 1356
1356 1335 2737
1666 451 2405
2405 451 1666
451 1666 2405
2368 1318 2362
1318 2362 2368
2362 1318 2368
2054 861 2635
861 2054 2635
2635 861 2054
2191 1629 1869
1869 1629 2191
1629 1869 2191
837 745 1942
745 837 1942
1942 745 837
2067 719 2747
719 2067 2747
2747 719 2067
569 1043 2434
2434 569 1043
1043 569 2434
2358 2498 2625
2625 2358 2498
2498 2358 2625
2198 1185 1874
1185 1874 2198
1874 1185 2198
708 428 811
428 708 811
811 428 708
1161 1125 1830
1125 1161 1830
1830 1125 1161
2819 104 1650
104 1650 2819
1650 104 2819
769 1399 2210
1399 769 2210
2210 769 1399
1350 1476 1934
1476 1350 1934
1934 1350 1476
1882 594 604
604 594 1882
594 604 1882
2629 192 906
906 192 2629
192 906 2629
494 90 1658
1658 90 494
90 494 1658
2663 1613 2378
1613 2378 2663
2378 1613 2663
1121 79 737
79 737 1121
737 79 1121
1275 163 1325
163 1275 1325
1325 163 1275
54 20 2373
2373 20 54
20 54 2373
1209 946 1982
1982 946 1209
946 1209 1982
2870 271 1353
1353 271 2870
271 1353 2870
2622 367 1532
367 1532 2622
1532 367 2622
2619 146 1225
1225 146 2619
146 1225 2619
2701 288 1852
1852 288 2701
288 1852 2701
500 454 2197
2197 454 500
454 500 2197
2394 1349 2456
2456 1349 2394
1349 2394 2456
1946 50 742
742 50 1946
50 742 1946
1056 1346 2317
1346 1056 2317
2317 1056 1346
809 91 629
91 629 809
629 91 809
539 1239 1421
1421 539 1239
1239 539 1421
2829 758 1556
758 1556 2829
1556 758 2829
1453 589 2782
589 1453 2782
2782 589 1453
2632 991 2374
991 2374 2632
2374 991 2632
495 273 2051
2051 273 495
273 495 2051
550 1494 1507
1507 550 1494
1494 550 1507
1679 989 2159
989 1679 2159
2159 989 1679
1281 1592 2960
1592 1281 2960
2960 1281 1592
740 1154 1768
1768 740 1154
1154 740 1768
1745 1824 2533
1824 1745 2533
2533 1745 1824
2263 348 1411
348 1411 2263
1411 348 2263
2746 953 2189
2189 953 2746
953 2189 2746
2722 491 873
873 491 2722
491 873 2722
365 179 1602
179 365 1602
1602 179 365
1677 2740 2958
2958 1677 2740
2740 1677 2958
1341 349 1139
1139 349 1341
349 1139 1341
1782 1456 2795
2795 1456 1782
1456 1782 2795
1216 119 201
119 201 1216
201 119 1216
2745 2155 2410
2410 2155 2745
2155 2410 2745
1347 646 1201
646 1201 1347
1201 646 1347
167 647 2225
647 167 2225
2225 167 647
994 1744 2574
2574 994 1744
1744 994 2574
2915 298 620
620 298 2915
298 620 2915
2902 131 1895
1895 131 2902
131 1895 2902
1583 332 756
332 756 1583
756 332 1583
2738 1684 2231
1684 2231 2738
2231 1684 2738
1162 14 2395
2395 14 1162
14 1162 2395
1249 200 2931
200 1249 2931
2931 200 1249
1063 1334 2790
1334 1063 2790
2790 1063 1334
445 1226 2547
1226 445 2547
2547 445 1226
1638 649 2481
649 1638 2481
2481 649 1638
2086 1789 2478
1789 2086 2478
2478 1789 2086
2546 221 884
221 884 2546
884 221 2546
114 216 2956
2956 114 216
216 114 2956
56 634 2919
634 56 2919
2919 56 634
318 2259 2780
2259 318 2780
2780 318 2259
916 1913 2805
1913 916 2805
2805 916 1913
2305 166 1177
166 1177 2305
1177 166 2305
498 1008 1850
1850 498 1008
1008 498 1850
1816 52 2742
52 1816 2742
2742 52 1816
1909 1348 2417
2417 1348 1909
1348 1909 2417
419 840 1329
1329 419 840
840 419 1329
1090 866 2248
2248 866 1090
866 1090 2248
2176 1292 2812
1292 2176 2812
2812 1292 2176
636 184 2814
2814 184 636
184 636 2814
132 599 1776
1776 132 599
599 132 1776
97 198 1144
1144 97 198
198 97 1144
2573 15 2178
15 2178 2573
2178 15 2573
2776 1628 2162
1628 2162 2776
2162 1628 2776
2072 915 1950
1950 915 2072
915 1950 2072
2918 1610 2036
1610 2036 2918
2036 1610 2918
2494 976 2638
976 2494 2638
2638 976 2494
9 570 2933
2933 9 570
570 9 2933
262 215 342
215 262 342
342 215 262
2226 1466 2009
1466 2009 2226
2009 1466 2226
1885 836 2853
836 1885 2853
2853 836 1885
525 1539 1902
1539 525 1902
1902 525 1539
2712 2025 2507
2507 2025 2712
2025 2507 2712
1680 2117 2209
2117 1680 2209
2209 1680 2117
761 321 2510
2510 321 761
321 761 2510
695 938 2969
938 695 2969
2969 695 938
362 1664 1989
1664 362 1989
1989 362 1664
2336 2208 2497
2208 2336 2497
2497 2208 2336
2091 277 2483
277 2091 2483
2483 277 2091
38 40 2315
2315 38 40
40 38 2315
344 458 1459
458 344 1459
1459 344 458
308 264 1273
264 308 1273
1273 264 308
1030 603 2699
603 1030 2699
2699 603 1030
369 1829 2320
1829 369 2320
2320 369 1829
113 1475 1985
1985 113 1475
1475 113 1985
543 67 2899
2899 67 543
67 543 2899
802 377 2703
377 802 2703
2703 377 802
1415 667 1588
1588 667 1415
667 1415 1588
774 571 2878
571 774 2878
2878 571 774
911 1864 2865
2865 911 1864
1864 911 2865
1032 296 358
358 296 1032
296 358 1032
2725 513 2778
513 2725 2778
2778 513 2725
1261 1132 1720
1132 1261 1720
1720 1132 1261
1875 534 1523
534 1523 1875
1523 534 1875
488 588 2016
588 488 2016
2016 488 588
2781 2418 2714
2714 2418 2781
2418 2714 2781
2785 1247 1661
1247 1661 2785
1661 1247 2785
2788 2157 2321
2321 2157 2788
2157 2321 2788
949 538 2952
2952 538 949
538 949 2952
7 314 731
731 7 314
314 7 731
171 1086 2166
2166 171 1086
1086 171 2166
266 468 2621
468 266 2621
2621 266 468
1715 524 560
560 524 1715
524 560 1715
2757 1814 2101
2101 1814 2757
1814 2101 2757
805 133 682
133 682 805
682 133 805
1134 1210 2328
1210 1134 2328
2328 1134 1210
1389 644 2223
644 1389 2223
2223 644 1389
775 2254 2408
2254 775 2408
2408 775 2254
2803 1714 2523
1714 2523 2803
2523 1714 2803
1887 894 2404
2404 894 1887
894 1887 2404
99 462 1044
462 99 1044
1044 99 462
1582 2810 2957
2810 1582 2957
2957 1582 2810
2818 2469 2575
2469 2575 2818
2575 2469 2818
1859 1166 2676
2676 1166 1859
1166 1859 2676
2672 305 1191
1191 305 2672
305 1191 2672
2731 2285 2741
2741 2285 2731
2285 2731 2741
2094 134 1845
134 1845 2094
1845 134 2094
2831 828 1127
828 1127 2831
1127 828 2831
1233 901 2453
2453 901 1233
901 1233 2453
2766 807 1393
1393 807 2766
807 1393 2766
975 577 2430
577 975 2430
2430 577 975
1498 967 1519
967 1498 1519
1519 967 1498
420 905 1779
1779 420 905
905 420 1779
887 1434 1612
1434 887 1612
1612 887 1434
275 760 1158
1158 275 760
760 275 1158
1444 261 1690
1690 261 1444
261 1444 1690
2077 2266 2645
2266 2077 2645
2645 2077 2266
312 1170 1723
1170 312 1723
1723 312 1170
2709 559 936
559 936 2709
936 559 2709
2273 725 2403
725 2273 2403
2403 725 2273
2238 1764 2594
1764 2238 2594
2594 1764 2238
1641 1608 2704
1608 1641 2704
2704 1608 1641
1505 2642 2656
2642 1505 2656
2656 1505 2642
759 1319 1604
1319 759 1604
1604 759 1319
2000 162 1557
1557 162 2000
162 1557 2000
2616 1516 2748
2748 1516 2616
1516 2616 2748
481 2274 2500
2500 481 2274
2274 481 2500
1153 319 1910
1910 319 1153
319 1153 1910
896 555 2466
2466 555 896
555 896 2466
2412 2217 2998
2998 2217 2412
2217 2412 2998
1064 782 1448
1448 782 1064
782 1064 1448
924 730 1508
730 924 1508
1508 730 924
2538 111 1889
1889 111 2538
111 1889 2538
2863 1780 2432
2432 1780 2863
1780 2432 2863
889 177 1662
177 889 1662
1662 177 889
583 1480 1813
1813 583 1480
1480 583 1813
396 1020 2015
2015 396 1020
1020 396 2015
2922 1412 1860
1860 1412 2922
1412 1860 2922
2718 1914 2492
2492 1914 2718
1914 2492 2718
2584 1187 2974
1187 2584 2974
2974 1187 2584
457 1223 1728
1728 457 1223
1223 457 1728
986 529 1767
529 986 1767
1767 529 986
2308 337 2422
337 2308 2422
2422 337 2308
2802 1424 1920
1920 1424 2802
1424 1920 2802
1484 785 1252
785 1252 1484
1252 785 1484
630 203 934
934 203 630
203 630 934
1559 269 1984
269 1559 1984
1984 269 1559
2990 965 2532
965 2532 2990
2532 965 2990
652 1126 2566
2566 652 1126
1126 652 2566
1378 1370 2999
2999 1370 1378
1370 1378 2999
2630 42 424
42 424 2630
424 42 2630
2172 1254 2643
2643 1254 2172
1254 2172 2643
2131 4 1199
1199 4 2131
4 1199 2131
265 699 993
993 265 699
699 265 993
738 444 796
796 444 738
444 738 796
1873 501 1962
501 1873 1962
1962 501 1873
1854 707 1627
707 1627 1854
1627 707 1854
2669 1881 2751
2751 1881 2669
1881 2669 2751
1106 34 700
700 34 1106
34 700 1106
983 1148 1760
1760 983 1148
1148 983 1760
1028 1375 1870
1870 1028 1375
1375 1028 1870
74 43 2939
43 74 2939
2939 43 74
1297 1696 2202
1696 1297 2202
2202 1297 1696
185 361 1097
1097 185 361
361 185 1097
1419 1735 2525
2525 1419 1735
1735 1419 2525
2599 1400 1513
1513 1400 2599
1400 1513 2599
2940 1804 2284
2284 1804 2940
1804 2284 2940
2587 877 2087
2087 877 2587
877 2087 2587
763 2032 2342
2032 763 2342
2342 763 2032
2439 474 2399
2399 474 2439
474 2399 2439
2545 1214 1815
1214 1815 2545
1815 1214 2545
2446 284 1237
284 1237 2446
1237 284 2446
2671 563 2758
2758 563 2671
563 2671 2758
1510 2333 2423
2333 1510 2423
2423 1510 2333
1046 1308 2809
2809 1046 1308
1308 1046 2809
2221 1306 2381
2381 1306 2221
1306 2221 2381
2610 1173 1737
1173 1737 2610
1737 1173 2610
2382 1835 2733
2733 1835 2382
1835 2382 2733
868 605 1911
1911 605 868
605 868 1911
1224 1918 2668
2668 1224 1918
1918 1224 2668
2771 1268 1276
1276 1268 2771
1268 1276 2771
1070 155 735
735 155 1070
155 735 1070
1721 1531 1781
1531 1721 1781
1781 1531 1721
676 947 2897
947 676 2897
2897 676 947
1726 1052 1429
1052 1429 1726
1429 1052 1726
1263 176 2211
2211 176 1263
176 1263 2211
244 222 1585
1585 222 244
222 244 1585
2713 478 680
478 680 2713
680 478 2713
791 1921 2882
1921 791 2882
2882 791 1921
2355 1647 2222
2222 1647 2355
1647 2222 2355
148 891 1752
891 148 1752
1752 148 891
786 245 2135
245 786 2135
2135 245 786
2391 1900 2872
2872 1900 2391
1900 2391 2872
2437 2253 2832
2253 2437 2832
2832 2253 2437
447 1050 1280
1050 447 1280
1280 447 1050
1113 1912 2345
2345 1113 1912
1912 1113 2345
479 364 1833
1833 364 479
364 479 1833
338 2806 2912
2806 338 2912
2912 338 2806
518 329 464
329 464 518
464 329 518
2480 1073 2293
2293 1073 2480
1073 2293 2480
1287 1499 2908
2908 1287 1499
1499 1287 2908
1151 2190 2732
2190 1151 2732
2732 1151 2190
2018 2204 2467
2467 2018 2204
2204 2018 2467
1967 404 703
404 703 1967
703 404 1967
635 1011 1616
1011 635 1616
1616 635 1011
475 1541 2716
2716 475 1541
1541 475 2716
490 1609 2603
2603 490 1609
1609 490 2603
2678 1100 2633
1100 2633 2678
2633 1100 2678
2636 838 1487
1487 838 2636
838 1487 2636
1997 2055 2462
2055 1997 2462
2462 1997 2055
2429 898 2596
2596 898 2429
898 2429 2596
109 996 1954
996 109 1954
1954 109 996
2666 576 1676
1676 576 2666
576 1676 2666
2535 118 1071
1071 118 2535
118 1071 2535
1265 1822 2898
2898 1265 1822
1822 1265 2898
194 84 1431
84 194 1431
1431 84 194
1843 954 1289
954 1289 1843
1289 954 1843
1750 653 2304
2304 653 1750
653 1750 2304
2350 181 2132
2132 181 2350
181 2132 2350
2451 1014 1061
1061 1014 2451
1014 1061 2451
1426 2734 2946
2734 1426 2946
2946 1426 2734
1944 855 858
858 855 1944
855 858 1944
879 1157 2312
1157 879 2312
2312 879 1157
1392 2061 2063
2063 1392 2061
2061 1392 2063
1586 664 882
882 664 1586
664 882 1586
250 1564 2904
2904 250 1564
1564 250 2904
1423 400 1597
1597 400 1423
400 1423 1597
527 66 467
66 467 527
467 66 527
2104 144 689
144 689 2104
689 144 2104
2452 158 641
641 158 2452
158 641 2452
1509 931 2057
2057 931 1509
931 1509 2057
732 499 1580
499 732 1580
1580 499 732
502 886 1053
1053 502 886
886 502 1053
755 1296 1896
1296 755 1896
1896 755 1296
573 2230 2392
2230 573 2392
2392 573 2230
276 870 1916
870 276 1916
1916 276 870
1404 427 2530
427 1404 2530
2530 427 1404
1800 360 1196
1196 360 1800
360 1196 1800
833 1135 1655
1655 833 1135
1135 833 1655
2720 574 1336
574 1336 2720
1336 574 2720
87 1006 1486
1486 87 1006
1006 87 1486
2297 460 2817
2817 460 2297
460 2297 2817
1322 1147 2034
2034 1147 1322
1147 1322 2034
912 413 2728
2728 413 912
413 912 2728
403 1194 1649
1194 403 1649
1649 403 1194
469 1168 2365
1168 469 2365
2365 469 1168
1700 8 2364
8 1700 2364
2364 8 1700
2673 31 1359
31 1359 2673
1359 31 2673
2288 286 981
286 981 2288
981 286 2288
2187 1461 1543
1461 1543 2187
1543 1461 2187
869 142 476
476 142 869
142 476 869
970 2314 2489
2314 970 2489
2489 970 2314
471 1231 1615
1615 471 1231
1231 471 1615
232 2045 2505
2505 232 2045
2045 232 2505
1766 847 2127
2127 847 1766
847 1766 2127
123 660 1279
660 123 1279
1279 123 660
1901 904 1706
904 1706 1901
1706 904 1901
2542 363 2923
363 2542 2923
2923 363 2542
1439 2664 2988
2988 1439 2664
2664 1439 2988
2095 126 2384
126 2095 2384
2384 126 2095
2966 842 952
952 842 2966
842 952 2966
1406 253 765
253 765 1406
765 253 1406
2670 1465 2120
2120 1465 2670
1465 2120 2670
209 1057 2261
2261 209 1057
1057 209 2261
817 418 872
872 418 817
418 817 872
2842 865 1936
1936 865 2842
865 1936 2842
2004 883 2363
2363 883 2004
883 2004 2363
806 1026 1685
1685 806 1026
1026 806 1685
354 1368 2867
2867 354 1368
1368 354 2867
964 973 2035
973 964 2035
2035 964 973
2160 1838 2069
1838 2069 2160
2069 1838 2160
2836 1282 1832
1832 1282 2836
1282 1832 2836
972 1688 2474
1688 972 2474
2474 972 1688
1512 1155 1433
1155 1433 1512
1433 1155 1512
1033 301 908
908 301 1033
301 908 1033
493 39 421
39 421 493
421 39 493
945 556 2251
2251 556 945
556 945 2251
24 876 2240
876 24 2240
2240 24 876
1571 1605 2835
1605 1571 2835
2835 1571 1605
205 2623 2967
2967 205 2623
2623 205 2967
691 278 2080
278 691 2080
2080 278 691
2885 1385 1401
1385 1401 2885
1401 1385 2885
1383 58 657
58 657 1383
657 58 1383
1697 943 1468
1468 943 1697
943 1468 1697
1443 1208 1951
1208 1443 1951
1951 1208 1443
2216 2588 2677
2588 2216 2677
2677 2216 2588
2168 1577 1987
1577 1987 2168
1987 1577 2168
1669 2409 2571
2409 1669 2571
2571 1669 2409
1420 208 2493
2493 208 1420
208 1420 2493
281 920 1763
920 281 1763
1763 281 920
2174 394 2139
2139 394 2174
394 2139 2174
2743 63 2914
63 2743 2914
2914 63 2743
2400 749 767
749 767 2400
767 749 2400
2002 2081 2224
2224 2002 2081
2081 2002 2224
2419 3 544
3 544 2419
544 3 2419
1626 449 2655
449 1626 2655
2655 449 1626
2696 350 553
350 553 2696
553 350 2696
2472 575 1174
1174 575 2472
575 1174 2472
1565 386 1327
386 1327 1565
1327 386 1565
1704 1328 1573
1573 1328 1704
1328 1573 1704
1578 1251 1774
1251 1578 1774
1774 1251 1578
2879 2516 2558
2558 2516 2879
2516 2558 2879
2206 2455 2605
2455 2206 2605
2605 2206 2455
1893 2311 2979
2311 1893 2979
2979 1893 2311
2024 827 2270
827 2024 2270
2270 827 2024
2486 506 1380
1380 506 2486
506 1380 2486
665 1746 2948
1746 665 2948
2948 665 1746
1566 341 1552
1552 341 1566
341 1552 1566
2246 591 2860
2860 591 2246
591 2246 2860
340 382 1537
1537 340 382
382 340 1537
888 533 2644
2644 533 888
533 888 2644
1922 1639 2387
1639 1922 2387
2387 1639 1922
779 73 75
73 75 779
75 73 779
259 1065 1502
1502 259 1065
1065 259 1502
1624 1991 2319
1991 1624 2319
2319 1624 1991
950 582 1772
1772 582 950
582 950 1772
1364 617 789
617 789 1364
789 617 1364
1211 107 2896
107 1211 2896
2896 107 1211
1324 1793 2579
2579 1324 1793
1793 1324 2579
2449 1500 2370
1500 2370 2449
2370 1500 2449
23 1642 2849
1642 23 2849
2849 23 1642
2023 153 2338
153 2023 2338
2338 153 2023
2280 2171 2617
2617 2171 2280
2171 2280 2617
2607 82 1906
1906 82 2607
82 1906 2607
190 2526 2976
2526 190 2976
2976 190 2526
1111 395 1590
1590 395 1111
395 1111 1590
2963 61 98
98 61 2963
61 98 2963
2717 890 1538
890 1538 2717
1538 890 2717
625 48 702
48 625 702
702 48 625
254 1479 2341
1479 254 2341
2341 254 1479
907 2012 2184
2184 907 2012
2012 907 2184
2578 380 1978
380 1978 2578
1978 380 2578
1703 733 2011
2011 733 1703
733 1703 2011
803 1812 2154
1812 803 2154
2154 803 1812
18 1593 2983
1593 18 2983
2983 18 1593
2 346 2148
2148 2 346
346 2 2148
199 1807 2359
2359 199 1807
1807 199 2359
1422 2145 2461
2145 1422 2461
2461 1422 2145
2692 1591 1974
1591 1974 2692
1974 1591 2692
1667 287 1277
1277 287 1667
287 1277 1667
1115 1953 2235
2235 1115 1953
1953 1115 2235
2506 1394 2637
1394 2506 2637
2637 1394 2506
1972 357 892
357 892 1972
892 357 1972
1238 41 2827
41 1238 2827
2827 41 1238
2008 333 1093
333 1093 2008
1093 333 2008
815 895 1066
895 815 1066
1066 815 895
272 656 2005
656 272 2005
2005 272 656
2873 601 2165
601 2165 2873
2165 601 2873
675 62 1656
62 675 1656
1656 62 675
1886 143 2906
143 1886 2906
2906 143 1886
1762 867 2515
867 1762 2515
2515 867 1762
327 1653 2397
2397 327 1653
1653 327 2397
2695 1305 2232
1305 2232 2695
2232 1305 2695
433 1042 2562
1042 433 2562
2562 433 1042
93 1503 2122
2122 93 1503
1503 93 2122
289 1671 2589
1671 289 2589
2589 289 1671
1023 1001 1863
1863 1001 1023
1001 1023 1863
1150 1022 1866
1022 1150 1866
1866 1022 1150
2119 46 1454
46 1454 2119
1454 46 2119
552 801 1493
801 552 1493
1493 552 801
2730 800 1288
800 1288 2730
1288 800 2730
2107 933 2551
2551 933 2107
933 2107 2551
345 788 1856
788 345 1856
1856 345 788
2880 541 2694
541 2694 2880
2694 541 2880
1846 397 508
397 508 1846
508 397 1846
1801 822 1338
1338 822 1801
822 1338 1801
790 1834 2800
1834 790 2800
2800 790 1834
1212 639 2488
639 1212 2488
2488 639 1212
547 1123 1694
1123 547 1694
1694 547 1123
1926 313 2892
313 1926 2892
2892 313 1926
72 160 1108
1108 72 160
160 72 1108
219 1964 2601
2601 219 1964
1964 219 2601
1579 913 1414
1414 913 1579
913 1414 1579
2007 214 1326
214 1326 2007
1326 214 2007
1262 1618 2479
2479 1262 1618
1618 1262 2479
130 317 1217
317 130 1217
1217 130 317
958 597 1198
597 958 1198
1198 597 958
2875 557 1128
1128 557 2875
557 1128 2875
2212 347 1915
1915 347 2212
347 1915 2212
1718 608 1352
608 1352 1718
1352 608 1718
697 1074 1930
1930 697 1074
1074 697 1930
1054 136 2959
136 1054 2959
2959 136 1054
2048 572 2376
2376 572 2048
572 2048 2376
1446 383 2239
383 1446 2239
2239 383 1446
455 1447 2302
1447 455 2302
2302 455 1447
2433 545 2352
545 2352 2433
2352 545 2433
820 856 2521
2521 820 856
856 820 2521
710 1010 1689
1010 710 1689
1689 710 1010
1256 1116 2659
2659 1116 1256
1116 1256 2659
2719 247 818
247 818 2719
818 247 2719
141 757 2531
2531 141 757
757 141 2531
990 2026 2276
2276 990 2026
2026 990 2276
521 1603 2229
1603 521 2229
2229 521 1603
2294 26 2612
2612 26 2294
26 2294 2612
2640 1058 1923
1923 1058 2640
1058 1923 2640
566 2528 2557
2528 566 2557
2557 566 2528
1791 729 2951
729 1791 2951
2951 729 1791
1141 274 2477
274 1141 2477
2477 274 1141
2820 705 2600
2600 705 2820
705 2600 2820
1568 2357 2932
2932 1568 2357
2357 1568 2932
1178 1169 2369
2369 1169 1178
1169 1178 2369
1888 850 1248
1248 850 1888
850 1248 1888
2774 100 125
125 100 2774
100 125 2774
