23085 25163 27042
27042 23085 25163
25163 23085 27042
19434 8168 25319
25319 8168 19434
8168 19434 25319
28674 14352 17376
17376 14352 28674
14352 17376 28674
7421 4814 8406
4814 7421 8406
8406 4814 7421
10013 1738 25553
1738 10013 25553
25553 1738 10013
2508 10585 12843
10585 2508 12843
12843 2508 10585
10594 335 19837
19837 335 10594
335 10594 19837
713 3804 26008
3804 713 26008
26008 713 3804
16144 15735 20637
20637 15735 16144
15735 16144 20637
17068 7136 17462
17462 7136 17068
7136 17068 17462
10825 2655 15947
15947 2655 10825
2655 10825 15947
18771 22430 28457
22430 18771 28457
28457 18771 22430
24999 16784 28071
28071 16784 24999
16784 24999 28071
4449 21071 26971
26971 4449 21071
21071 4449 26971
9446 20346 23270
20346 9446 23270
23270 9446 20346
11638 19296 23513
19296 11638 23513
23513 11638 19296
17142 17401 26345
26345 17142 17401
17401 17142 26345
20039 2688 11092
2688 11092 20039
11092 2688 20039
6702 11702 15139
11702 6702 15139
15139 6702 11702
22066 5789 26714
5789 22066 26714
26714 5789 22066
28485 6544 28619
28619 6544 28485
6544 28485 28619
19672 22712 27812
27812 19672 22712
22712 19672 27812
28317 13387 13986
13387 13986 28317
13986 13387 28317
6659 5274 14639
5274 6659 14639
14639 5274 6659
2067 21231 26262
21231 2067 26262
26262 2067 21231
19171 21502 26810
26810 19171 21502
21502 19171 26810
3381 7758 27809
27809 3381 7758
7758 3381 27809
17822 4248 26346
4248 17822 26346
26346 4248 17822
9168 5512 23950
5512 9168 23950
23950 5512 9168
29498 7506 19625
7506 19625 29498
19625 7506 29498
7481 18156 28584
18156 7481 28584
28584 7481 18156
20359 27298 28132
28132 20359 27298
27298 20359 28132
7368 20620 27709
27709 7368 20620
20620 7368 27709
23283 2308 7575
7575 2308 23283
2308 7575 23283
23064 6951 20453
6951 20453 23064
20453 6951 23064
18053 24666 24977
24977 18053 24666
24666 18053 24977
17961 1203 6058
1203 6058 17961
6058 1203 17961
22101 12154 26272
12154 22101 26272
26272 12154 22101
10166 24909 27105
24909 10166 27105
27105 10166 24909
10881 7220 24164
7220 10881 24164
24164 7220 10881
1533 23192 29596
23192 1533 29596
29596 1533 23192
14518 12587 26356
12587 14518 26356
26356 12587 14518
19865 12719 15594
15594 12719 19865
12719 15594 19865
16804 21585 24444
24444 16804 21585
21585 16804 24444
12582 7057 14716
14716 7057 12582
7057 12582 14716
27438 22841 28614
28614 22841 27438
22841 27438 28614
4642 12394 27448
12394 4642 27448
27448 4642 12394
20582 13625 29608
29608 13625 20582
13625 20582 29608
20725 1952 6193
1952 6193 20725
6193 1952 20725
13166 7927 26755
7927 13166 26755
26755 7927 13166
12406 1973 5173
5173 1973 12406
1973 5173 12406
19747 663 11590
11590 663 19747
663 11590 19747
4563 11329 13760
11329 4563 13760
13760 4563 11329
19040 5552 29432
29432 5552 19040
5552 19040 29432
3859 22529 29028
29028 3859 22529
22529 3859 29028
13652 5232 21164
21164 5232 13652
5232 13652 21164
9993 3392 20524
3392 9993 20524
20524 3392 9993
19483 8482 27497
8482 19483 27497
27497 8482 19483
3419 12583 22410
12583 3419 22410
22410 3419 12583
9662 5373 8067
5373 8067 9662
8067 5373 9662
7872 14648 19735
14648 7872 19735
19735 7872 14648
4931 19579 23769
19579 4931 23769
23769 4931 19579
19370 15324 25338
15324 19370 25338
25338 15324 19370
26540 26140 27808
26140 26540 27808
27808 26140 26540
6191 1648 6653
1648 6191 6653
6653 1648 6191
3725 10095 18255
10095 3725 18255
18255 3725 10095
5602 1360 5884
5884 1360 5602
1360 5602 5884
29338 6267 12009
12009 6267 29338
6267 12009 29338
12437 1152 3678
1152 3678 12437
3678 1152 12437
11458 7298 27372
7298 11458 27372
27372 7298 11458
16813 17885 23410
17885 16813 23410
23410 16813 17885
1388 368 20155
20155 368 1388
368 1388 20155
4194 1723 27147
27147 1723 4194
1723 4194 27147
22641 4073 25383
4073 22641 25383
25383 4073 22641
5648 1866 28035
28035 1866 5648
1866 5648 28035
2176 1668 6149
1668 2176 6149
6149 1668 2176
5706 8388 27469
8388 5706 27469
27469 5706 8388
14777 1671 9879
9879 1671 14777
1671 9879 14777
21739 1051 9487
9487 1051 21739
1051 9487 21739
810 10420 27268
27268 810 10420
10420 810 27268
7587 23566 25656
25656 7587 23566
23566 7587 25656
20642 724 9490
724 9490 20642
9490 724 20642
29328 26213 26897
26213 26897 29328
26897 26213 29328
19900 15765 19111
15765 19111 19900
19111 15765 19900
17726 4228 28211
28211 4228 17726
4228 17726 28211
21360 11229 26058
11229 21360 26058
26058 11229 21360
21978 15510 19467
15510 19467 21978
19467 15510 21978
8305 886 25515
886 8305 25515
25515 886 8305
18345 2282 20185
2282 18345 20185
20185 2282 18345
19541 92 16599
16599 92 19541
92 16599 19541
7429 19560 28446
19560 7429 28446
28446 7429 19560
7944 26411 29704
29704 7944 26411
26411 7944 29704
28430 16043 21991
16043 21991 28430
21991 16043 28430
23716 8279 19082
8279 19082 23716
19082 8279 23716
27053 19157 21415
19157 21415 27053
21415 19157 27053
14266 18363 18680
18680 14266 18363
18363 14266 18680
26234 15058 16717
15058 16717 26234
16717 15058 26234
29110 2552 16469
16469 2552 29110
2552 16469 29110
14593 16827 22747
22747 14593 16827
16827 14593 22747
1700 5137 7098
5137 1700 7098
7098 1700 5137
22308 18077 23965
18077 22308 23965
23965 18077 22308
10464 10132 27801
10132 10464 27801
27801 10132 10464
23123 2302 12170
12170 2302 23123
2302 12170 23123
29463 14207 20128
20128 14207 29463
14207 20128 29463
11091 5501 24391
24391 5501 11091
5501 11091 24391
7292 10163 16359
10163 7292 16359
16359 7292 10163
7788 16153 21881
21881 7788 16153
16153 7788 21881
2568 17838 23569
23569 2568 17838
17838 2568 23569
4319 18125 25215
25215 4319 18125
18125 4319 25215
17906 3706 12044
3706 12044 17906
12044 3706 17906
19983 13390 14451
13390 14451 19983
14451 13390 19983
5499 18414 25008
25008 5499 18414
18414 5499 25008
23133 23335 28416
23335 23133 28416
28416 23133 23335
28023 8419 9766
8419 9766 28023
9766 8419 28023
1785 8216 27620
8216 1785 27620
27620 1785 8216
6782 6984 12868
6984 6782 12868
12868 6782 6984
17369 14808 28764
28764 14808 17369
14808 17369 28764
28747 6748 17131
6748 17131 28747
17131 6748 28747
27267 3992 6864
6864 3992 27267
3992 6864 27267
29441 759 28542
28542 759 29441
759 28542 29441
27189 7034 23684
23684 7034 27189
7034 23684 27189
1722 15359 23924
15359 1722 23924
23924 1722 15359
28081 8745 25830
8745 25830 28081
25830 8745 28081
4713 15376 15744
15376 4713 15744
15744 4713 15376
24403 3452 16651
16651 3452 24403
3452 16651 24403
15365 1025 12626
1025 12626 15365
12626 1025 15365
16023 8889 24326
24326 8889 16023
8889 16023 24326
27165 12959 14938
14938 12959 27165
12959 14938 27165
14832 17099 21261
21261 14832 17099
17099 14832 21261
17904 13957 23653
13957 17904 23653
23653 13957 17904
27579 1802 23638
1802 23638 27579
23638 1802 27579
15317 3988 21547
3988 15317 21547
21547 3988 15317
22294 738 15595
738 15595 22294
15595 738 22294
20603 6487 25764
25764 6487 20603
6487 20603 25764
19813 2612 12861
12861 2612 19813
2612 12861 19813
29962 2809 20801
2809 20801 29962
20801 2809 29962
18134 13350 21439
13350 18134 21439
21439 13350 18134
28690 21843 25239
21843 25239 28690
25239 21843 28690
3642 18649 27671
27671 3642 18649
18649 3642 27671
16665 8202 28150
28150 8202 16665
8202 16665 28150
2277 3030 14825
3030 2277 14825
14825 2277 3030
21754 13142 27597
13142 21754 27597
27597 13142 21754
10027 13935 26352
13935 10027 26352
26352 10027 13935
747 18474 24920
24920 747 18474
18474 747 24920
21813 20057 23733
20057 21813 23733
23733 20057 21813
13831 7443 15617
7443 13831 15617
15617 7443 13831
17327 5902 17460
17460 5902 17327
5902 17327 17460
11500 9999 21212
9999 11500 21212
21212 9999 11500
5075 6159 27317
6159 5075 27317
27317 5075 6159
25289 21187 21483
21187 21483 25289
21483 21187 25289
2394 15388 16174
15388 2394 16174
16174 2394 15388
2243 20412 26893
26893 2243 20412
20412 2243 26893
11999 10635 15630
10635 11999 15630
15630 10635 11999
6118 14147 21147
14147 6118 21147
21147 6118 14147
4744 10193 12332
10193 4744 12332
12332 4744 10193
431 25039 27922
25039 431 27922
27922 431 25039
1262 3765 4328
4328 1262 3765
3765 1262 4328
19193 9356 23865
9356 19193 23865
23865 9356 19193
10798 8361 20927
20927 8361 10798
8361 10798 20927
7285 7426 27260
7426 7285 27260
27260 7285 7426
13334 2617 26927
26927 2617 13334
2617 13334 26927
14887 7087 13237
13237 7087 14887
7087 13237 14887
7399 5673 15819
15819 5673 7399
5673 7399 15819
1775 10776 16776
10776 1775 16776
16776 1775 10776
18565 4433 18353
18353 4433 18565
4433 18353 18565
15234 696 4142
4142 696 15234
696 4142 15234
14431 5297 23119
23119 5297 14431
5297 14431 23119
15498 9576 20856
20856 9576 15498
9576 15498 20856
4602 10710 27681
10710 4602 27681
27681 4602 10710
18605 20913 27340
20913 18605 27340
27340 18605 20913
23978 1650 7819
1650 7819 23978
7819 1650 23978
19655 19611 24324
19611 19655 24324
24324 19611 19655
11831 6232 18618
18618 6232 11831
6232 11831 18618
7946 9883 15129
15129 7946 9883
9883 7946 15129
26929 8667 17599
17599 8667 26929
8667 17599 26929
15996 17163 17884
17163 15996 17884
17884 15996 17163
2577 16828 27444
27444 2577 16828
16828 2577 27444
8960 2551 6023
6023 2551 8960
2551 6023 8960
6340 9577 24176
24176 6340 9577
9577 6340 24176
23314 9546 25956
25956 9546 23314
9546 23314 25956
9971 22611 25367
25367 9971 22611
22611 9971 25367
8366 19392 20378
19392 8366 20378
20378 8366 19392
6151 728 10150
10150 728 6151
728 6151 10150
29635 165 12913
12913 165 29635
165 12913 29635
26797 10872 18341
18341 10872 26797
10872 18341 26797
14453 7181 21765
7181 14453 21765
21765 7181 14453
19844 11468 20552
11468 19844 20552
20552 11468 19844
16001 11581 19319
19319 11581 16001
11581 16001 19319
10143 5821 16963
5821 10143 16963
16963 5821 10143
14862 4610 4977
4610 4977 14862
4977 4610 14862
25500 3756 6595
6595 3756 25500
3756 6595 25500
28123 591 20308
20308 591 28123
591 20308 28123
19945 12766 24292
12766 19945 24292
24292 12766 19945
16240 2505 28451
2505 16240 28451
28451 2505 16240
991 4242 17644
4242 991 17644
17644 991 4242
25207 19814 29746
29746 19814 25207
19814 25207 29746
24887 12505 18778
18778 12505 24887
12505 18778 24887
18163 26461 29029
26461 18163 29029
29029 18163 26461
22826 6067 11453
6067 11453 22826
11453 6067 22826
6865 3825 7096
7096 3825 6865
3825 6865 7096
10141 17596 25807
17596 10141 25807
25807 10141 17596
24520 2910 11350
2910 11350 24520
11350 2910 24520
4135 1094 26235
1094 4135 26235
26235 1094 4135
25067 28306 29771
29771 25067 28306
28306 25067 29771
12856 6731 12923
6731 12856 12923
12923 6731 12856
15319 4920 11520
4920 11520 15319
11520 4920 15319
20609 662 12851
12851 662 20609
662 12851 20609
4278 9900 23272
23272 4278 9900
9900 4278 23272
21273 19292 27654
27654 19292 21273
19292 21273 27654
12341 8467 19194
19194 8467 12341
8467 12341 19194
13213 14539 25167
14539 13213 25167
25167 13213 14539
22824 7605 16047
7605 16047 22824
16047 7605 22824
19779 7912 8633
8633 7912 19779
7912 8633 19779
1543 4460 29224
4460 1543 29224
29224 1543 4460
7865 3901 29836
29836 3901 7865
3901 7865 29836
8422 3051 22186
3051 8422 22186
22186 3051 8422
29591 388 1962
1962 388 29591
388 1962 29591
8398 18416 24168
18416 8398 24168
24168 8398 18416
22035 23007 29900
23007 22035 29900
29900 22035 23007
17071 1927 21737
21737 1927 17071
1927 17071 21737
28670 384 7540
7540 384 28670
384 7540 28670
25436 14187 14883
14187 14883 25436
14883 14187 25436
13899 15032 22198
15032 13899 22198
22198 13899 15032
14685 12853 25073
12853 14685 25073
25073 12853 14685
4493 741 20354
20354 741 4493
741 4493 20354
16017 1167 24467
24467 1167 16017
1167 16017 24467
13239 7674 17718
7674 13239 17718
17718 7674 13239
5976 15798 17432
17432 5976 15798
15798 5976 17432
21035 7187 27578
7187 21035 27578
27578 7187 21035
14846 21629 24040
24040 14846 21629
21629 14846 24040
3356 9416 27920
27920 3356 9416
9416 3356 27920
2448 4722 25760
4722 2448 25760
25760 2448 4722
3305 4485 7270
7270 3305 4485
4485 3305 7270
18559 16089 17066
17066 16089 18559
16089 17066 18559
1097 10601 29040
29040 1097 10601
10601 1097 29040
4428 16229 16935
16935 4428 16229
16229 4428 16935
5980 14819 20053
14819 5980 20053
20053 5980 14819
28011 22522 26392
22522 26392 28011
26392 22522 28011
1904 5134 20287
5134 1904 20287
20287 1904 5134
12880 1120 26855
1120 12880 26855
26855 1120 12880
19639 18158 22966
22966 18158 19639
18158 19639 22966
2545 8826 15654
15654 2545 8826
8826 2545 15654
13463 18704 29687
29687 13463 18704
18704 13463 29687
7655 767 20755
767 7655 20755
20755 767 7655
5687 11647 26186
11647 5687 26186
26186 5687 11647
15705 274 29765
29765 274 15705
274 15705 29765
908 13925 27554
13925 908 27554
27554 908 13925
19147 4209 11790
4209 11790 19147
11790 4209 19147
5420 22787 25510
22787 5420 25510
25510 5420 22787
24833 13392 24475
24475 13392 24833
13392 24475 24833
18069 1890 8647
8647 1890 18069
1890 8647 18069
19282 26029 27983
26029 19282 27983
27983 19282 26029
18001 7001 19429
19429 7001 18001
7001 18001 19429
9862 6869 10423
6869 9862 10423
10423 6869 9862
26093 4005 14537
14537 4005 26093
4005 14537 26093
15168 170 19328
19328 170 15168
170 15168 19328
19609 9053 22908
9053 19609 22908
22908 9053 19609
28166 2843 17611
2843 17611 28166
17611 2843 28166
22593 1781 27266
1781 22593 27266
27266 1781 22593
22562 533 6683
533 6683 22562
6683 533 22562
15437 12730 17866
12730 15437 17866
17866 12730 15437
25081 5930 9461
5930 9461 25081
9461 5930 25081
12848 5591 15304
15304 5591 12848
5591 12848 15304
12691 25882 28821
28821 12691 25882
25882 12691 28821
4640 5339 7488
7488 4640 5339
5339 4640 7488
4017 3251 24306
3251 4017 24306
24306 3251 4017
11471 19696 26498
26498 11471 19696
19696 11471 26498
27441 20748 27474
20748 27441 27474
27474 20748 27441
22571 121 11755
11755 121 22571
121 11755 22571
19854 2096 10570
10570 2096 19854
2096 10570 19854
7830 5375 5429
5429 5375 7830
5375 5429 7830
1940 11660 23437
23437 1940 11660
11660 1940 23437
23708 9738 11585
11585 9738 23708
9738 11585 23708
26269 6271 11751
11751 6271 26269
6271 11751 26269
27501 12488 16801
16801 12488 27501
12488 16801 27501
19314 2966 27652
2966 19314 27652
27652 2966 19314
6621 1127 1761
1761 1127 6621
1127 1761 6621
26670 5121 15782
5121 15782 26670
15782 5121 26670
13721 12663 25153
12663 13721 25153
25153 12663 13721
7617 17464 23704
23704 7617 17464
17464 7617 23704
14644 9819 29131
9819 14644 29131
29131 9819 14644
17524 1596 15108
15108 1596 17524
1596 15108 17524
16305 7213 18342
7213 16305 18342
18342 7213 16305
18131 6668 21761
6668 18131 21761
21761 6668 18131
8935 5381 5779
5381 5779 8935
5779 5381 8935
1053 7831 24726
7831 1053 24726
24726 1053 7831
1634 5293 16314
5293 1634 16314
16314 1634 5293
1780 5038 29207
5038 1780 29207
29207 1780 5038
11187 9741 17990
17990 9741 11187
9741 11187 17990
3146 7790 17143
7790 3146 17143
17143 3146 7790
13780 22429 26825
22429 13780 26825
26825 13780 22429
29242 16566 25843
25843 16566 29242
16566 25843 29242
5660 7018 18152
7018 5660 18152
18152 5660 7018
2006 11301 20962
20962 2006 11301
11301 2006 20962
8144 3267 14649
14649 3267 8144
3267 8144 14649
14255 1782 16424
1782 14255 16424
16424 1782 14255
1417 17651 20030
17651 1417 20030
20030 1417 17651
11967 960 4369
960 4369 11967
4369 960 11967
20745 12669 21425
21425 12669 20745
12669 20745 21425
6957 15910 22368
22368 6957 15910
15910 6957 22368
22834 14879 23404
14879 22834 23404
23404 14879 22834
11523 17772 24829
17772 11523 24829
24829 11523 17772
15327 13314 25288
13314 15327 25288
25288 13314 15327
23568 21230 24561
24561 21230 23568
21230 23568 24561
19501 10105 24300
10105 19501 24300
24300 10105 19501
21321 5395 9348
5395 9348 21321
9348 5395 21321
12681 10338 26835
26835 10338 12681
10338 12681 26835
14827 251 24505
24505 251 14827
251 14827 24505
25414 3885 15909
3885 15909 25414
15909 3885 25414
8968 21723 22236
22236 8968 21723
21723 8968 22236
7416 13090 28741
28741 7416 13090
13090 7416 28741
20925 20641 29236
29236 20641 20925
20641 20925 29236
5699 8356 28861
28861 5699 8356
8356 5699 28861
24068 6145 24106
24106 6145 24068
6145 24068 24106
17496 1500 3417
1500 3417 17496
3417 1500 17496
20353 14011 24852
14011 20353 24852
24852 14011 20353
21366 10024 14486
14486 10024 21366
10024 14486 21366
6509 10442 25922
10442 6509 25922
25922 6509 10442
25516 8063 16714
8063 16714 25516
16714 8063 25516
14071 5157 28648
28648 5157 14071
5157 14071 28648
5256 2290 13118
2290 5256 13118
13118 2290 5256
5659 6332 22757
6332 5659 22757
22757 5659 6332
235 20223 27092
27092 235 20223
20223 235 27092
25476 78 29335
78 25476 29335
29335 78 25476
17311 9510 22543
22543 9510 17311
9510 17311 22543
18522 8184 17319
17319 8184 18522
8184 17319 18522
18945 4862 23690
23690 4862 18945
4862 18945 23690
1301 20878 21329
21329 1301 20878
20878 1301 21329
6753 6738 22343
22343 6738 6753
6738 6753 22343
11287 5223 13069
5223 11287 13069
13069 5223 11287
7217 6324 8759
6324 7217 8759
8759 6324 7217
2792 7089 11363
11363 2792 7089
7089 2792 11363
9974 15131 15652
15652 9974 15131
15131 9974 15652
26386 17832 28206
28206 17832 26386
17832 26386 28206
29674 5717 28569
28569 5717 29674
5717 28569 29674
18725 13743 18819
13743 18725 18819
18819 13743 18725
11782 10801 14442
10801 11782 14442
14442 10801 11782
19405 20048 29663
29663 19405 20048
20048 19405 29663
16386 21387 28191
28191 16386 21387
21387 16386 28191
8608 23521 29283
29283 8608 23521
23521 8608 29283
12232 579 9709
579 9709 12232
9709 579 12232
6272 4570 18776
18776 4570 6272
4570 6272 18776
14106 102 25560
25560 102 14106
102 14106 25560
26751 2093 9094
9094 2093 26751
2093 9094 26751
23376 11345 24836
11345 23376 24836
24836 11345 23376
10600 158 25710
25710 158 10600
158 10600 25710
20452 6598 8963
8963 6598 20452
6598 8963 20452
14772 27367 27383
27383 14772 27367
27367 14772 27383
8035 24409 27093
27093 8035 24409
24409 8035 27093
29425 16231 21211
16231 21211 29425
21211 16231 29425
1485 11686 21492
11686 1485 21492
21492 1485 11686
5456 14060 15243
14060 5456 15243
15243 5456 14060
18266 23778 28773
23778 18266 28773
28773 18266 23778
27496 13584 17208
13584 17208 27496
17208 13584 27496
13932 15736 25147
15736 13932 25147
25147 13932 15736
2703 7648 18089
18089 2703 7648
7648 2703 18089
4297 4558 19674
19674 4297 4558
4558 4297 19674
26978 3243 22373
3243 22373 26978
22373 3243 26978
26170 1960 7553
1960 7553 26170
7553 1960 26170
11142 14810 26465
26465 11142 14810
14810 11142 26465
3068 20857 28910
28910 3068 20857
20857 3068 28910
6698 627 8971
8971 627 6698
627 6698 8971
25029 5503 9921
5503 9921 25029
9921 5503 25029
5091 7956 9361
9361 5091 7956
7956 5091 9361
25248 5377 27098
5377 25248 27098
27098 5377 25248
1649 5590 24533
24533 1649 5590
5590 1649 24533
20840 15302 28974
15302 20840 28974
28974 15302 20840
52 1223 16351
16351 52 1223
1223 52 16351
937 9332 24805
24805 937 9332
9332 937 24805
27613 8748 16249
16249 8748 27613
8748 16249 27613
11956 1406 23852
1406 11956 23852
23852 1406 11956
18298 4479 17353
17353 4479 18298
4479 17353 18298
811 440 14073
14073 440 811
440 811 14073
1332 456 4856
456 1332 4856
4856 456 1332
7464 15036 29788
15036 7464 29788
29788 7464 15036
1285 18403 28527
18403 1285 28527
28527 1285 18403
21903 21872 23452
23452 21872 21903
21872 21903 23452
13524 4767 26413
4767 13524 26413
26413 4767 13524
23686 34 10045
34 10045 23686
10045 34 23686
20625 23471 27589
23471 20625 27589
27589 20625 23471
8431 8005 20926
20926 8005 8431
8005 8431 20926
21476 5927 14953
14953 5927 21476
5927 14953 21476
16847 9397 17735
17735 9397 16847
9397 16847 17735
15003 5079 8227
8227 5079 15003
5079 8227 15003
16041 5853 10409
5853 10409 16041
10409 5853 16041
29993 1736 15962
15962 1736 29993
1736 15962 29993
29201 12456 17921
17921 12456 29201
12456 17921 29201
11603 21935 25016
21935 11603 25016
25016 11603 21935
28488 12633 13478
13478 12633 28488
12633 13478 28488
8232 4518 14212
4518 8232 14212
14212 4518 8232
24677 1192 27558
1192 24677 27558
27558 1192 24677
5004 6919 7784
7784 5004 6919
6919 5004 7784
27117 22943 29867
29867 22943 27117
22943 27117 29867
12780 6908 27017
27017 6908 12780
6908 12780 27017
24601 4802 7974
7974 4802 24601
4802 7974 24601
7037 14078 24587
14078 7037 24587
24587 7037 14078
14587 3128 16015
3128 14587 16015
16015 3128 14587
22855 2450 22040
2450 22040 22855
22040 2450 22855
23337 22970 29653
22970 23337 29653
29653 22970 23337
18787 5382 13545
5382 13545 18787
13545 5382 18787
2556 4470 20542
20542 2556 4470
4470 2556 20542
17974 6488 12564
12564 6488 17974
6488 12564 17974
7044 11633 18937
18937 7044 11633
11633 7044 18937
18587 19367 19382
19367 18587 19382
19382 18587 19367
28469 19760 21259
19760 21259 28469
21259 19760 28469
1967 4761 28427
4761 1967 28427
28427 1967 4761
20602 9781 24695
9781 20602 24695
24695 9781 20602
12443 15748 17662
15748 12443 17662
17662 12443 15748
432 15740 22719
15740 432 22719
22719 432 15740
9994 8362 13674
13674 8362 9994
8362 9994 13674
2825 314 17357
314 2825 17357
17357 314 2825
1346 12051 15701
15701 1346 12051
12051 1346 15701
5253 343 626
343 626 5253
626 343 5253
5831 6854 14069
6854 5831 14069
14069 5831 6854
20298 523 21400
21400 523 20298
523 20298 21400
17095 8282 21913
21913 8282 17095
8282 17095 21913
5237 19258 22847
22847 5237 19258
19258 5237 22847
26435 11658 25373
25373 11658 26435
11658 25373 26435
4267 10149 10299
10299 4267 10149
10149 4267 10299
4598 1719 12541
1719 4598 12541
12541 1719 4598
1454 3010 28833
28833 1454 3010
3010 1454 28833
15896 1969 11355
1969 11355 15896
11355 1969 15896
132 17669 29429
17669 132 29429
29429 132 17669
15900 7370 16319
7370 15900 16319
16319 7370 15900
13089 15730 29584
29584 13089 15730
15730 13089 29584
28130 25952 27784
25952 27784 28130
27784 25952 28130
10216 3865 23953
3865 10216 23953
23953 3865 10216
8262 5245 29437
5245 8262 29437
29437 5245 8262
12157 6756 22185
22185 6756 12157
6756 12157 22185
18928 6249 10354
6249 10354 18928
10354 6249 18928
6428 6825 24392
24392 6428 6825
6825 6428 24392
28253 4600 10093
4600 10093 28253
10093 4600 28253
5104 17486 26840
17486 5104 26840
26840 5104 17486
8166 2435 29112
2435 8166 29112
29112 2435 8166
26709 17263 27013
17263 26709 27013
27013 17263 26709
1535 3805 29317
3805 1535 29317
29317 1535 3805
15716 11086 11284
11284 11086 15716
11086 11284 15716
8090 16791 19647
16791 8090 19647
19647 8090 16791
16503 1291 7325
1291 7325 16503
7325 1291 16503
21118 15082 19987
15082 19987 21118
19987 15082 21118
8547 13532 16858
13532 8547 16858
16858 8547 13532
24304 8214 27934
27934 8214 24304
8214 24304 27934
11588 82 6790
6790 82 11588
82 6790 11588
49 18415 22705
22705 49 18415
18415 49 22705
27796 12241 14696
14696 12241 27796
12241 14696 27796
3698 396 23650
396 3698 23650
23650 396 3698
9876 16007 25917
25917 9876 16007
16007 9876 25917
27581 11265 21209
11265 21209 27581
21209 11265 27581
22889 20719 29727
29727 20719 22889
20719 22889 29727
7513 23889 28034
28034 7513 23889
23889 7513 28034
26946 7257 11494
11494 7257 26946
7257 11494 26946
3131 4552 20037
20037 3131 4552
4552 3131 20037
24479 2017 16198
2017 16198 24479
16198 2017 24479
18094 1427 12079
12079 1427 18094
1427 12079 18094
8811 11200 28458
11200 8811 28458
28458 8811 11200
10394 19394 24800
19394 10394 24800
24800 10394 19394
22830 20881 26120
26120 20881 22830
20881 22830 26120
14694 6426 9908
6426 9908 14694
9908 6426 14694
28780 15998 28988
28988 15998 28780
15998 28780 28988
7832 1996 15805
1996 7832 15805
15805 1996 7832
13689 5882 17256
17256 5882 13689
5882 13689 17256
15005 20005 24731
20005 15005 24731
24731 15005 20005
8609 952 21010
952 8609 21010
21010 952 8609
17022 6289 25047
25047 6289 17022
6289 17022 25047
5812 11642 13987
13987 5812 11642
11642 5812 13987
16066 12001 29403
29403 12001 16066
12001 16066 29403
4103 9847 17980
17980 4103 9847
9847 4103 17980
2684 1743 8589
1743 2684 8589
8589 1743 2684
26658 4832 12118
4832 12118 26658
12118 4832 26658
14297 4476 24793
4476 14297 24793
24793 4476 14297
5801 26165 29724
29724 5801 26165
26165 5801 29724
9562 4991 10632
10632 4991 9562
4991 9562 10632
28202 555 27586
555 27586 28202
27586 555 28202
26454 5300 9601
5300 9601 26454
9601 5300 26454
19693 1906 23960
1906 19693 23960
23960 1906 19693
372 21741 29293
29293 372 21741
21741 372 29293
20462 21399 27956
21399 20462 27956
27956 20462 21399
3717 12395 13444
13444 3717 12395
12395 3717 13444
27702 4271 22235
22235 4271 27702
4271 22235 27702
378 17201 26048
17201 378 26048
26048 378 17201
17141 7903 24207
7903 17141 24207
24207 7903 17141
3453 4880 23049
4880 3453 23049
23049 3453 4880
17968 17145 22069
17145 17968 22069
22069 17145 17968
13839 5093 10496
10496 5093 13839
5093 10496 13839
4572 23164 27545
27545 4572 23164
23164 4572 27545
16355 3176 21811
3176 16355 21811
21811 3176 16355
14865 7699 9080
7699 9080 14865
9080 7699 14865
17852 115 3228
3228 115 17852
115 3228 17852
612 5540 12146
12146 612 5540
5540 612 12146
18176 9177 15970
15970 9177 18176
9177 15970 18176
951 67 9014
9014 67 951
67 951 9014
3849 5783 15958
5783 3849 15958
15958 3849 5783
21295 2242 19117
19117 2242 21295
2242 19117 21295
18052 13404 18626
13404 18052 18626
18626 13404 18052
19633 1565 26444
1565 19633 26444
26444 1565 19633
8548 21451 22330
21451 8548 22330
22330 8548 21451
3633 12740 27428
12740 3633 27428
27428 3633 12740
4967 25408 26669
25408 4967 26669
26669 4967 25408
1476 497 29032
29032 497 1476
497 1476 29032
28255 17561 29284
29284 17561 28255
17561 28255 29284
25437 7623 11615
11615 7623 25437
7623 11615 25437
18901 21233 26665
21233 18901 26665
26665 18901 21233
25499 4765 22507
22507 4765 25499
4765 22507 25499
13115 5320 15100
5320 13115 15100
15100 5320 13115
16217 2307 8907
2307 8907 16217
8907 2307 16217
21762 3297 24163
24163 3297 21762
3297 21762 24163
28499 22662 27546
22662 27546 28499
27546 22662 28499
21809 11156 25891
11156 21809 25891
25891 11156 21809
9438 6407 17479
6407 9438 17479
17479 6407 9438
3368 15788 22821
22821 3368 15788
15788 3368 22821
6013 1381 22328
1381 6013 22328
22328 1381 6013
12003 8821 16649
16649 8821 12003
8821 12003 16649
3616 9547 29832
9547 3616 29832
29832 3616 9547
9362 2272 13287
13287 2272 9362
2272 9362 13287
16019 1531 4532
1531 4532 16019
4532 1531 16019
6036 4693 23218
4693 6036 23218
23218 4693 6036
19728 1395 6763
6763 1395 19728
1395 6763 19728
11934 15775 22174
22174 11934 15775
15775 11934 22174
27915 520 8671
520 8671 27915
8671 520 27915
13482 10578 18340
10578 13482 18340
18340 10578 13482
1794 6681 26266
6681 1794 26266
26266 1794 6681
2991 8174 18365
18365 2991 8174
8174 2991 18365
4893 13326 22405
22405 4893 13326
13326 4893 22405
4635 6437 20528
20528 4635 6437
6437 4635 20528
8381 11698 28426
11698 8381 28426
28426 8381 11698
7895 1807 13245
1807 7895 13245
13245 1807 7895
12239 3807 11780
3807 11780 12239
11780 3807 12239
27310 24301 28828
24301 27310 28828
28828 24301 27310
25012 8081 8571
8081 8571 25012
8571 8081 25012
24477 15675 25498
25498 15675 24477
15675 24477 25498
7332 14722 28270
14722 7332 28270
28270 7332 14722
6815 4613 24093
24093 4613 6815
4613 6815 24093
2151 6092 8806
8806 2151 6092
6092 2151 8806
1141 2695 9809
2695 1141 9809
9809 1141 2695
9082 1145 10495
1145 9082 10495
10495 1145 9082
12366 7076 26219
7076 12366 26219
26219 7076 12366
23973 17023 25157
25157 17023 23973
17023 23973 25157
16837 2408 26302
2408 16837 26302
26302 2408 16837
25915 22118 24573
22118 24573 25915
24573 22118 25915
4565 9917 20667
20667 4565 9917
9917 4565 20667
5866 2088 25867
2088 5866 25867
25867 2088 5866
4058 9955 14299
14299 4058 9955
9955 4058 14299
11242 4000 26095
26095 4000 11242
4000 11242 26095
99 23674 24851
23674 99 24851
24851 99 23674
9251 2063 8197
8197 2063 9251
2063 8197 9251
26407 24084 25778
24084 25778 26407
25778 24084 26407
6111 10747 16823
10747 6111 16823
16823 6111 10747
6434 9796 10912
10912 6434 9796
9796 6434 10912
4314 4996 13223
13223 4314 4996
4996 4314 13223
8511 1029 14084
14084 1029 8511
1029 8511 14084
28874 27698 28050
28050 27698 28874
27698 28050 28874
14536 18500 27445
27445 14536 18500
18500 14536 27445
22354 16939 22157
16939 22157 22354
22157 16939 22354
2757 4510 6344
4510 2757 6344
6344 2757 4510
12613 13759 14842
13759 12613 14842
14842 12613 13759
98 15837 21819
21819 98 15837
15837 98 21819
8666 7880 28184
7880 8666 28184
28184 7880 8666
1515 24473 27466
27466 1515 24473
24473 1515 27466
15949 2937 22366
22366 2937 15949
2937 15949 22366
14960 6477 11835
11835 6477 14960
6477 11835 14960
18694 19725 20787
19725 18694 20787
20787 18694 19725
7957 9502 22492
22492 7957 9502
9502 7957 22492
20952 10885 21783
21783 10885 20952
10885 20952 21783
23669 1702 9296
1702 9296 23669
9296 1702 23669
19702 13457 29141
29141 13457 19702
13457 19702 29141
2142 3296 29901
3296 2142 29901
29901 2142 3296
13412 45 19283
19283 45 13412
45 13412 19283
9606 5607 20158
5607 9606 20158
20158 5607 9606
19834 10652 24667
10652 19834 24667
24667 10652 19834
9685 9193 18534
9193 9685 18534
18534 9193 9685
11382 18063 29602
18063 11382 29602
29602 11382 18063
3910 10070 22550
22550 3910 10070
10070 3910 22550
6933 9864 23304
9864 6933 23304
23304 6933 9864
15145 7875 26614
26614 7875 15145
7875 15145 26614
21193 4777 11148
11148 4777 21193
4777 11148 21193
19556 8509 14764
14764 8509 19556
8509 14764 19556
9897 25222 25677
25222 9897 25677
25677 9897 25222
11383 8181 14670
14670 8181 11383
8181 11383 14670
15039 8948 12321
8948 12321 15039
12321 8948 15039
11983 8743 16180
16180 8743 11983
8743 11983 16180
27228 16970 29921
16970 27228 29921
29921 16970 27228
17740 10364 23672
10364 17740 23672
23672 10364 17740
8751 2657 11204
11204 2657 8751
2657 8751 11204
18478 6996 18046
18046 6996 18478
6996 18046 18478
6830 11594 17136
17136 6830 11594
11594 6830 17136
10978 3211 10153
3211 10153 10978
10153 3211 10978
7803 15272 16357
15272 7803 16357
16357 7803 15272
13041 11038 11618
11038 11618 13041
11618 11038 13041
1244 18659 18849
18849 1244 18659
18659 1244 18849
24259 4247 29184
4247 24259 29184
29184 4247 24259
18509 2045 2890
2890 2045 18509
2045 2890 18509
6652 15831 27803
15831 6652 27803
27803 6652 15831
5416 8921 28007
28007 5416 8921
8921 5416 28007
16251 8295 18232
18232 8295 16251
8295 16251 18232
29881 2241 21749
21749 2241 29881
2241 21749 29881
17133 6689 17088
17088 6689 17133
6689 17088 17133
7459 15625 20690
15625 7459 20690
20690 7459 15625
10844 12249 26707
12249 10844 26707
26707 10844 12249
24216 2517 9300
2517 9300 24216
9300 2517 24216
16677 1891 20189
1891 16677 20189
20189 1891 16677
19130 12071 17228
12071 17228 19130
17228 12071 19130
11747 7629 13661
13661 7629 11747
7629 11747 13661
7598 7118 17314
7118 7598 17314
17314 7118 7598
25349 519 6800
6800 519 25349
519 6800 25349
10625 2834 21218
2834 10625 21218
21218 2834 10625
14549 10749 21597
21597 10749 14549
10749 14549 21597
26875 2365 5531
5531 2365 26875
2365 5531 26875
6373 12457 24257
12457 6373 24257
24257 6373 12457
420 12080 20466
12080 420 20466
20466 420 12080
4179 1583 3337
1583 3337 4179
3337 1583 4179
7718 1873 11557
11557 1873 7718
1873 7718 11557
12441 6078 22515
6078 12441 22515
22515 6078 12441
2119 18442 21713
18442 2119 21713
21713 2119 18442
5566 9010 25010
25010 5566 9010
9010 5566 25010
24870 12635 16576
12635 16576 24870
16576 12635 24870
24890 23524 25672
25672 23524 24890
23524 24890 25672
12878 4132 5727
5727 4132 12878
4132 5727 12878
18857 18708 27156
18708 18857 27156
27156 18708 18857
3406 12607 13558
13558 3406 12607
12607 3406 13558
6516 26320 28362
26320 6516 28362
28362 6516 26320
7562 9901 22102
9901 7562 22102
22102 7562 9901
12163 1443 8199
8199 1443 12163
1443 8199 12163
22166 879 4917
4917 879 22166
879 4917 22166
18498 647 22857
647 18498 22857
22857 647 18498
20585 8614 17594
17594 8614 20585
8614 17594 20585
13574 3044 18811
3044 13574 18811
18811 3044 13574
19351 16284 21299
16284 19351 21299
21299 16284 19351
3777 2437 12143
2437 3777 12143
12143 2437 3777
14933 17194 24372
24372 14933 17194
17194 14933 24372
6306 5115 11685
11685 5115 6306
5115 6306 11685
17714 14775 21857
14775 17714 21857
21857 14775 17714
8652 18913 19573
19573 8652 18913
18913 8652 19573
19433 3144 6663
3144 6663 19433
6663 3144 19433
22386 19401 24272
24272 19401 22386
19401 22386 24272
20824 24834 28320
28320 20824 24834
24834 20824 28320
28437 5758 8148
5758 8148 28437
8148 5758 28437
24086 3327 27077
3327 24086 27077
27077 3327 24086
7210 3750 22195
3750 7210 22195
22195 3750 7210
507 6423 28492
28492 507 6423
6423 507 28492
13906 9149 12370
9149 12370 13906
12370 9149 13906
14505 21785 26138
26138 14505 21785
21785 14505 26138
7144 155 9998
155 7144 9998
9998 155 7144
20290 2597 12452
2597 12452 20290
12452 2597 20290
12494 1275 24442
24442 1275 12494
1275 12494 24442
14230 5911 17076
17076 5911 14230
5911 14230 17076
16156 9624 9792
9792 9624 16156
9624 9792 16156
26175 26318 27187
26318 26175 27187
27187 26175 26318
26993 3303 26830
3303 26830 26993
26830 3303 26993
27318 3595 28757
28757 3595 27318
3595 27318 28757
11943 16164 18423
16164 11943 18423
18423 11943 16164
218 10731 18789
18789 218 10731
10731 218 18789
18754 5782 25462
25462 5782 18754
5782 18754 25462
6718 25634 28359
28359 6718 25634
25634 6718 28359
14473 4312 22075
4312 14473 22075
22075 4312 14473
16521 10213 25117
10213 16521 25117
25117 10213 16521
19210 17896 22860
17896 19210 22860
22860 17896 19210
11715 10814 14954
10814 11715 14954
14954 10814 11715
5227 8259 22658
8259 5227 22658
22658 5227 8259
875 5158 28044
28044 875 5158
5158 875 28044
22991 5798 19626
5798 19626 22991
19626 5798 22991
6916 1846 3969
3969 1846 6916
1846 3969 6916
8008 8123 16396
8123 8008 16396
16396 8008 8123
21266 3634 8048
3634 8048 21266
8048 3634 21266
597 2549 12445
12445 597 2549
2549 597 12445
2060 1586 27299
1586 2060 27299
27299 1586 2060
22393 13684 16134
13684 16134 22393
16134 13684 22393
3444 3326 24510
24510 3326 3444
3326 3444 24510
9595 2654 5713
5713 2654 9595
2654 5713 9595
2355 11481 22265
22265 2355 11481
11481 2355 22265
2436 8760 26748
8760 2436 26748
26748 2436 8760
22716 19387 25378
19387 22716 25378
25378 19387 22716
11608 664 11736
664 11608 11736
11736 664 11608
17705 4221 8798
8798 4221 17705
4221 8798 17705
72 2694 9027
9027 72 2694
2694 72 9027
21485 27494 29200
29200 21485 27494
27494 21485 29200
10128 2731 14978
14978 2731 10128
2731 10128 14978
10633 9762 16558
9762 10633 16558
16558 9762 10633
7934 27442 28706
27442 7934 28706
28706 7934 27442
21298 541 14534
541 14534 21298
14534 541 21298
9236 12821 18175
12821 9236 18175
18175 9236 12821
18640 9229 25600
25600 9229 18640
9229 18640 25600
21674 23884 26874
26874 21674 23884
23884 21674 26874
5770 2148 5888
5888 2148 5770
2148 5770 5888
20697 19798 29206
19798 20697 29206
29206 19798 20697
25860 1694 7204
1694 7204 25860
7204 1694 25860
11825 2396 7386
2396 7386 11825
7386 2396 11825
23537 334 20329
20329 334 23537
334 20329 23537
25545 2495 22998
2495 22998 25545
22998 2495 25545
15065 13663 16680
16680 13663 15065
13663 15065 16680
24294 19447 21924
19447 21924 24294
21924 19447 24294
15344 20570 23906
20570 15344 23906
23906 15344 20570
19517 7040 10618
10618 7040 19517
7040 10618 19517
3194 19152 21067
21067 3194 19152
19152 3194 21067
14128 5231 25410
5231 14128 25410
25410 5231 14128
28025 14812 29326
29326 14812 28025
14812 28025 29326
24043 8703 23609
8703 23609 24043
23609 8703 24043
6964 19091 26736
26736 6964 19091
19091 6964 26736
8675 9704 24705
9704 8675 24705
24705 8675 9704
26769 10133 18962
10133 18962 26769
18962 10133 26769
10337 9655 20163
20163 9655 10337
9655 10337 20163
21619 12256 27170
27170 12256 21619
12256 21619 27170
376 3188 16228
3188 376 16228
16228 376 3188
3495 7847 10390
10390 3495 7847
7847 3495 10390
10184 13447 29801
29801 10184 13447
13447 10184 29801
26185 13667 23879
23879 13667 26185
13667 23879 26185
21100 13995 20592
13995 20592 21100
20592 13995 21100
14193 361 25609
25609 361 14193
361 14193 25609
26102 7195 28588
7195 26102 28588
28588 7195 26102
19624 10037 25418
10037 19624 25418
25418 10037 19624
1721 699 8496
8496 699 1721
699 1721 8496
29648 14606 21416
21416 14606 29648
14606 21416 29648
12447 22322 23847
23847 12447 22322
22322 12447 23847
21997 16468 23821
23821 16468 21997
16468 21997 23821
19972 5973 16737
16737 5973 19972
5973 16737 19972
14673 239 25731
25731 239 14673
239 14673 25731
28938 9909 20942
20942 9909 28938
9909 20942 28938
5617 1159 15085
15085 1159 5617
1159 5617 15085
20217 19804 29592
19804 20217 29592
29592 19804 20217
10729 2783 7200
7200 2783 10729
2783 7200 10729
9228 20807 26761
26761 9228 20807
20807 9228 26761
13778 12125 25776
25776 12125 13778
12125 13778 25776
9484 26094 27083
26094 9484 27083
27083 9484 26094
14489 802 22320
802 14489 22320
22320 802 14489
1849 22872 29538
29538 1849 22872
22872 1849 29538
473 13586 21123
13586 473 21123
21123 473 13586
5702 21958 23738
23738 5702 21958
21958 5702 23738
21177 19419 19628
19628 19419 21177
19419 19628 21177
20082 20326 24408
24408 20082 20326
20326 20082 24408
22758 18411 25774
25774 18411 22758
18411 22758 25774
27112 8054 20973
8054 20973 27112
20973 8054 27112
21384 7959 10827
10827 7959 21384
7959 10827 21384
13620 15294 18936
18936 13620 15294
15294 13620 18936
21053 18065 22152
18065 21053 22152
22152 18065 21053
7541 1628 13711
13711 1628 7541
1628 7541 13711
17447 2222 12954
2222 12954 17447
12954 2222 17447
2582 15895 16834
15895 2582 16834
16834 2582 15895
3830 19722 23977
19722 3830 23977
23977 3830 19722
8859 23651 24213
24213 8859 23651
23651 8859 24213
12926 13232 28994
28994 12926 13232
13232 12926 28994
569 17907 20454
20454 569 17907
17907 569 20454
27699 3735 14433
14433 3735 27699
3735 14433 27699
19272 13824 13977
13977 13824 19272
13824 13977 19272
17035 4678 15639
15639 4678 17035
4678 15639 17035
2709 10919 23599
23599 2709 10919
10919 2709 23599
27314 12455 12974
12974 12455 27314
12455 12974 27314
5581 10223 10469
10223 5581 10469
10469 5581 10223
24710 14875 17857
17857 14875 24710
14875 17857 24710
8981 6254 24858
6254 8981 24858
24858 6254 8981
12037 5521 19150
5521 12037 19150
19150 5521 12037
25942 7049 8065
8065 7049 25942
7049 8065 25942
4525 8813 15402
8813 4525 15402
15402 4525 8813
21612 13613 20289
13613 20289 21612
20289 13613 21612
6227 5292 12844
12844 5292 6227
5292 6227 12844
19895 22560 28895
28895 19895 22560
22560 19895 28895
6859 1697 17493
17493 1697 6859
1697 6859 17493
29271 12305 25152
25152 12305 29271
12305 25152 29271
22099 2828 3604
2828 3604 22099
3604 2828 22099
14322 14601 28189
28189 14322 14601
14601 14322 28189
14890 15174 16986
16986 14890 15174
15174 14890 16986
24246 4906 22631
22631 4906 24246
4906 22631 24246
20426 5931 25904
25904 5931 20426
5931 20426 25904
5349 10684 15507
10684 5349 15507
15507 5349 10684
18107 11203 24209
11203 18107 24209
24209 11203 18107
21725 3639 10313
3639 10313 21725
10313 3639 21725
9614 1817 21144
1817 9614 21144
21144 1817 9614
14296 9669 14033
14033 9669 14296
9669 14033 14296
28755 17249 28947
28947 17249 28755
17249 28755 28947
21385 18012 23731
23731 18012 21385
18012 21385 23731
10896 17693 24819
17693 10896 24819
24819 10896 17693
22442 15488 29323
15488 22442 29323
29323 15488 22442
2804 26961 29939
26961 2804 29939
29939 2804 26961
148 16370 24692
24692 148 16370
16370 148 24692
1386 17079 17808
17079 1386 17808
17808 1386 17079
7752 24943 25895
25895 7752 24943
24943 7752 25895
13324 827 15739
827 13324 15739
15739 827 13324
9865 21456 27159
27159 9865 21456
21456 9865 27159
7633 16222 19645
19645 7633 16222
16222 7633 19645
19709 5380 5775
5775 5380 19709
5380 5775 19709
3837 17125 26429
17125 3837 26429
26429 3837 17125
13420 2891 21475
21475 2891 13420
2891 13420 21475
23655 5693 29325
5693 23655 29325
29325 5693 23655
16888 21822 26573
21822 16888 26573
26573 16888 21822
16446 2918 19897
2918 16446 19897
19897 2918 16446
21270 1976 15704
15704 1976 21270
1976 15704 21270
5621 3908 26312
26312 3908 5621
3908 5621 26312
1821 5954 8498
5954 1821 8498
8498 1821 5954
10388 27137 27283
27137 10388 27283
27283 10388 27137
15602 674 903
903 674 15602
674 903 15602
21884 11771 17300
11771 17300 21884
17300 11771 21884
12982 29683 29787
29787 12982 29683
29683 12982 29787
10103 7798 22044
22044 7798 10103
7798 10103 22044
25317 11766 20455
11766 20455 25317
20455 11766 25317
24395 4447 17205
