1968 2051 2615
2615 1968 2051
2051 1968 2615
1473 1920 2722
1920 1473 2722
2722 1473 1920
344 97 705
705 97 344
97 344 705
667 40 2175
40 667 2175
2175 40 667
189 62 597
597 62 189
62 189 597
2107 1559 1720
1559 1720 2107
1720 1559 2107
585 420 533
420 533 585
533 420 585
2795 8 1350
8 1350 2795
1350 8 2795
1679 744 843
744 843 1679
843 744 1679
59 651 740
740 59 651
651 59 740
1374 1189 2555
2555 1189 1374
1189 1374 2555
1613 1102 2306
2306 1102 1613
1102 1613 2306
2180 227 1049
1049 227 2180
227 1049 2180
1980 500 2651
500 1980 2651
2651 500 1980
2461 558 2752
2752 558 2461
558 2461 2752
1952 54 2337
2337 54 1952
54 1952 2337
1686 893 2524
2524 893 1686
893 1686 2524
1790 729 1143
729 1143 1790
1143 729 1790
2830 268 1074
268 1074 2830
1074 268 2830
665 288 871
871 288 665
288 665 871
1075 76 795
795 76 1075
76 795 1075
1617 825 1856
1856 825 1617
825 1617 1856
1262 362 1930
362 1262 1930
1930 362 1262
37 174 2800
174 37 2800
2800 37 174
870 92 1916
92 870 1916
1916 92 870
2025 1794 2621
1794 2025 2621
2621 1794 2025
298 1157 1303
1303 298 1157
1157 298 1303
47 233 1308
1308 47 233
233 47 1308
1751 309 858
309 858 1751
858 309 1751
1165 418 1396
1396 418 1165
418 1165 1396
2976 1459 2708
2708 1459 2976
1459 2708 2976
1357 1541 2876
1541 1357 2876
2876 1357 1541
283 1726 2747
1726 283 2747
2747 283 1726
901 394 1077
1077 394 901
394 901 1077
1919 1510 1748
1748 1510 1919
1510 1748 1919
2989 1168 1493
1168 1493 2989
1493 1168 2989
1507 701 2518
701 1507 2518
2518 701 1507
1371 171 1872
1872 171 1371
171 1371 1872
1467 513 1967
513 1467 1967
1967 513 1467
2819 844 1132
1132 844 2819
844 1132 2819
2942 1475 2139
2139 1475 2942
1475 2139 2942
2125 2616 2700
2700 2125 2616
2616 2125 2700
2865 706 1865
706 1865 2865
1865 706 2865
1595 885 2150
885 1595 2150
2150 885 1595
1359 409 1160
1160 409 1359
409 1160 1359
2218 520 1340
520 1340 2218
1340 520 2218
932 1315 2807
2807 932 1315
1315 932 2807
2654 299 2952
2952 299 2654
299 2654 2952
363 1523 2655
2655 363 1523
1523 363 2655
460 866 2197
866 460 2197
2197 460 866
1995 1434 1693
1434 1693 1995
1693 1434 1995
567 2360 2402
2402 567 2360
2360 567 2402
2142 2632 2818
2632 2142 2818
2818 2142 2632
1011 1622 2732
1622 1011 2732
2732 1011 1622
1407 1709 2452
2452 1407 1709
1709 1407 2452
1758 2512 2927
2512 1758 2927
2927 1758 2512
626 923 1886
923 626 1886
1886 626 923
648 627 1718
627 648 1718
1718 627 648
422 86 863
863 86 422
86 422 863
837 276 1705
276 837 1705
1705 276 837
1604 18 108
108 18 1604
18 108 1604
2755 504 963
963 504 2755
504 963 2755
2338 2294 2863
2294 2338 2863
2863 2294 2338
857 1108 1450
1108 857 1450
1450 857 1108
2222 782 1354
782 1354 2222
1354 782 2222
5 1499 2857
1499 5 2857
2857 5 1499
2748 53 2605
53 2605 2748
2605 53 2748
57 2529 2804
2804 57 2529
2529 57 2804
2193 505 507
507 505 2193
505 507 2193
1542 200 441
441 200 1542
200 441 1542
2340 2028 2694
2028 2340 2694
2694 2028 2340
2781 279 1990
1990 279 2781
279 1990 2781
2386 1404 1694
1694 1404 2386
1404 1694 2386
2666 182 1249
1249 182 2666
182 1249 2666
1893 916 2647
916 1893 2647
2647 916 1893
102 156 2433
156 102 2433
2433 102 156
1530 591 754
591 754 1530
754 591 1530
2943 1913 2199
2199 1913 2943
1913 2199 2943
1061 553 913
553 913 1061
913 553 1061
2533 1738 2196
1738 2196 2533
2196 1738 2533
2510 784 1706
784 1706 2510
1706 784 2510
104 70 2847
2847 70 104
70 104 2847
2691 483 2108
483 2108 2691
2108 483 2691
1942 94 438
94 438 1942
438 94 1942
2579 1226 2496
1226 2496 2579
2496 1226 2579
2787 282 2978
282 2787 2978
2978 282 2787
823 214 1854
214 823 1854
1854 214 823
291 2188 2940
2940 291 2188
2188 291 2940
1022 979 2825
979 1022 2825
2825 979 1022
1179 535 1164
1164 535 1179
535 1164 1179
1120 1681 1810
1681 1120 1810
1810 1120 1681
443 810 1482
810 443 1482
1482 443 810
1399 1235 2185
1235 1399 2185
2185 1235 1399
2663 895 2334
2334 895 2663
895 2334 2663
459 1934 2559
1934 459 2559
2559 459 1934
1420 1052 2802
2802 1052 1420
1052 1420 2802
1545 1026 1834
1026 1545 1834
1834 1026 1545
1261 534 1895
534 1261 1895
1895 534 1261
308 2059 2081
2059 308 2081
2081 308 2059
1201 395 2770
2770 395 1201
395 1201 2770
1853 1717 2319
1717 1853 2319
2319 1717 1853
1556 369 1430
369 1430 1556
1430 369 1556
2763 1109 2093
1109 2093 2763
2093 1109 2763
1216 2168 2796
2796 1216 2168
2168 1216 2796
2970 1104 1268
1104 1268 2970
1268 1104 2970
2707 774 2201
2201 774 2707
774 2201 2707
1243 327 2767
2767 327 1243
327 1243 2767
1373 256 2446
2446 256 1373
256 1373 2446
2348 1486 2116
2116 1486 2348
1486 2116 2348
1141 1962 2112
2112 1141 1962
1962 1141 2112
1543 2144 2931
2144 1543 2931
2931 1543 2144
595 518 1958
1958 518 595
518 595 1958
278 2926 2979
2979 278 2926
2926 278 2979
1733 274 498
274 498 1733
498 274 1733
1 67 2936
2936 1 67
67 1 2936
2934 2441 2484
2441 2484 2934
2484 2441 2934
814 1977 2574
1977 814 2574
2574 814 1977
36 181 880
880 36 181
181 36 880
2930 82 2556
2556 82 2930
82 2556 2930
1637 1714 2463
1714 1637 2463
2463 1637 1714
150 2773 2837
2837 150 2773
2773 150 2837
1602 719 2538
719 1602 2538
2538 719 1602
632 365 702
365 632 702
702 365 632
808 1727 2179
1727 808 2179
2179 808 1727
723 734 1006
734 723 1006
1006 723 734
997 284 1902
1902 284 997
284 997 1902
2674 845 2968
845 2674 2968
2968 845 2674
2156 356 2689
356 2156 2689
2689 356 2156
1898 1394 2548
1394 1898 2548
2548 1394 1898
430 391 606
606 391 430
391 430 606
1969 544 1938
1938 544 1969
544 1938 1969
785 2006 2173
2173 785 2006
2006 785 2173
964 1477 1786
1786 964 1477
1477 964 1786
688 83 2761
83 688 2761
2761 83 688
1610 548 1364
548 1364 1610
1364 548 1610
25 1322 1757
1757 25 1322
1322 25 1757
1684 1625 2572
2572 1625 1684
1625 1684 2572
384 952 2586
2586 384 952
952 384 2586
2129 1797 2890
1797 2129 2890
2890 1797 2129
1804 1500 2270
2270 1500 1804
1500 1804 2270
259 982 1310
1310 259 982
982 259 1310
1453 976 2724
976 1453 2724
2724 976 1453
1550 1917 2274
2274 1550 1917
1917 1550 2274
1326 562 1297
1297 562 1326
562 1297 1326
1379 244 2932
2932 244 1379
244 1379 2932
748 1498 2704
1498 748 2704
2704 748 1498
194 2008 2477
2477 194 2008
2008 194 2477
2 95 966
966 2 95
95 2 966
1692 703 2925
703 1692 2925
2925 703 1692
1219 664 759
759 664 1219
664 759 1219
930 469 730
730 469 930
469 730 930
1383 165 2065
165 1383 2065
2065 165 1383
947 950 2187
950 947 2187
2187 947 950
2937 2074 2646
2646 2074 2937
2074 2646 2937
542 1725 2613
2613 542 1725
1725 542 2613
2407 1224 2346
1224 2346 2407
2346 1224 2407
1402 2141 2756
2756 1402 2141
2141 1402 2756
699 242 1163
1163 242 699
242 699 1163
1254 2408 2917
2917 1254 2408
2408 1254 2917
2358 389 434
434 389 2358
389 434 2358
100 1043 1956
1043 100 1956
1956 100 1043
2165 360 908
908 360 2165
360 908 2165
252 493 750
750 252 493
493 252 750
1460 760 1731
760 1460 1731
1731 760 1460
353 2311 2379
2311 353 2379
2379 353 2311
1520 60 1909
1909 60 1520
60 1520 1909
1910 1939 2205
1939 1910 2205
2205 1910 1939
1137 1094 1747
1747 1094 1137
1094 1137 1747
1081 1062 1225
1062 1081 1225
1225 1062 1081
2509 2745 2896
2745 2509 2896
2896 2509 2745
2618 1472 1784
1472 1784 2618
1784 1472 2618
711 695 1702
1702 695 711
695 711 1702
135 584 1312
584 135 1312
1312 135 584
2668 497 2221
2221 497 2668
497 2221 2668
624 2275 2388
2275 624 2388
2388 624 2275
247 1127 1833
1127 247 1833
1833 247 1127
2290 600 2131
600 2131 2290
2131 600 2290
2786 2350 2383
2350 2383 2786
2383 2350 2786
453 2769 2951
2769 453 2951
2951 453 2769
961 1098 2021
2021 961 1098
1098 961 2021
2240 571 2454
571 2240 2454
2454 571 2240
58 912 2914
912 58 2914
2914 58 912
48 239 2501
2501 48 239
239 48 2501
387 1915 2721
1915 387 2721
2721 387 1915
1184 151 161
151 161 1184
161 151 1184
231 1437 2444
2444 231 1437
1437 231 2444
973 1488 2891
2891 973 1488
1488 973 2891
2590 4 2980
2980 4 2590
4 2590 2980
2561 532 2292
532 2292 2561
2292 532 2561
1891 1204 1822
1822 1204 1891
1204 1822 1891
621 941 1882
1882 621 941
941 621 1882
141 1045 1345
1345 141 1045
1045 141 1345
68 1778 1925
1778 68 1925
1925 68 1778
192 1234 2140
1234 192 2140
2140 192 1234
2005 2380 2919
2919 2005 2380
2380 2005 2919
2420 149 2673
149 2420 2673
2673 149 2420
2808 508 1195
1195 508 2808
508 1195 2808
2547 2256 2739
2256 2547 2739
2739 2256 2547
2881 605 1838
1838 605 2881
605 1838 2881
763 50 1736
50 763 1736
1736 50 763
2390 2243 2929
2243 2390 2929
2929 2243 2390
1039 579 1267
1267 579 1039
579 1039 1267
32 1584 1863
1863 32 1584
1584 32 1863
2267 817 2754
2754 817 2267
817 2267 2754
1940 622 1000
1000 622 1940
622 1000 1940
2284 736 1799
736 1799 2284
1799 736 2284
1318 210 1296
210 1296 1318
1296 210 1318
1257 1585 2776
2776 1257 1585
1585 1257 2776
159 662 2287
662 159 2287
2287 159 662
555 700 1896
700 555 1896
1896 555 700
921 1563 2734
1563 921 2734
2734 921 1563
969 119 1696
1696 119 969
119 969 1696
2709 466 2470
2470 466 2709
466 2470 2709
2475 1057 2466
2466 1057 2475
1057 2466 2475
1894 154 1114
1114 154 1894
154 1114 1894
570 1051 1798
1798 570 1051
1051 570 1798
2289 1400 1592
1592 1400 2289
1400 1592 2289
1291 573 2822
2822 573 1291
573 1291 2822
2208 574 2862
574 2208 2862
2862 574 2208
1119 2660 2753
2753 1119 2660
2660 1119 2753
163 769 2280
769 163 2280
2280 163 769
2249 1124 2757
2757 1124 2249
1124 2249 2757
1571 1984 2558
1984 1571 2558
2558 1571 1984
687 1328 2056
1328 687 2056
2056 687 1328
2330 824 833
833 824 2330
824 833 2330
1439 2373 2476
2476 1439 2373
2373 1439 2476
1197 267 454
267 454 1197
454 267 1197
2087 101 2856
101 2087 2856
2856 101 2087
2272 2247 2253
2247 2253 2272
2253 2247 2272
1421 660 2001
2001 660 1421
660 1421 2001
1190 1842 2728
1842 1190 2728
2728 1190 1842
2530 112 599
599 112 2530
112 599 2530
33 1171 2339
2339 33 1171
1171 33 2339
1875 1232 2158
1232 1875 2158
2158 1232 1875
107 310 1848
310 107 1848
1848 107 310
2048 476 1047
1047 476 2048
476 1047 2048
2877 1471 2072
2072 1471 2877
1471 2072 2877
619 1048 1665
1048 619 1665
1665 619 1048
1840 931 2912
931 1840 2912
2912 931 1840
146 123 234
234 123 146
123 146 234
1123 598 1242
598 1123 1242
1242 598 1123
2600 132 1884
1884 132 2600
132 1884 2600
2597 1248 2003
2003 1248 2597
1248 2003 2597
1528 618 1598
618 1528 1598
1598 618 1528
357 260 1539
260 357 1539
1539 260 357
2617 592 2995
2995 592 2617
592 2617 2995
212 21 1628
21 212 1628
1628 21 212
882 2020 2252
2020 882 2252
2252 882 2020
2838 2226 2534
2226 2534 2838
2534 2226 2838
1384 266 826
826 266 1384
266 826 1384
137 1007 2636
1007 137 2636
2636 137 1007
928 451 1830
1830 451 928
451 928 1830
2365 899 2814
899 2365 2814
2814 899 2365
1691 1683 2743
1683 1691 2743
2743 1683 1691
1606 2342 2508
2508 1606 2342
2342 1606 2508
2345 806 934
934 806 2345
806 934 2345
1389 2231 2680
2680 1389 2231
2231 1389 2680
514 630 2277
630 514 2277
2277 514 630
803 940 1103
940 803 1103
1103 803 940
1870 643 2341
2341 643 1870
643 1870 2341
1445 563 1828
1828 563 1445
563 1445 1828
1544 43 2355
43 1544 2355
2355 43 1544
957 1130 2652
1130 957 2652
2652 957 1130
2325 1537 2772
1537 2325 2772
2772 1537 2325
432 1631 2991
1631 432 2991
2991 432 1631
2445 270 2062
270 2062 2445
2062 270 2445
1122 292 2328
292 1122 2328
2328 292 1122
114 348 1429
1429 114 348
348 114 1429
7 354 1673
1673 7 354
354 7 1673
240 1770 2075
2075 240 1770
1770 240 2075
672 1183 2993
2993 672 1183
1183 672 2993
1591 475 2082
475 1591 2082
2082 475 1591
317 1553 2101
2101 317 1553
1553 317 2101
2440 489 894
894 489 2440
489 894 2440
2251 1791 2522
1791 2251 2522
2522 1791 2251
378 1403 1879
1403 378 1879
1879 378 1403
1600 341 1008
341 1008 1600
1008 341 1600
2697 634 1111
634 1111 2697
1111 634 2697
805 1176 2975
2975 805 1176
1176 805 2975
1067 1166 1766
1166 1067 1766
1766 1067 1166
1293 739 1583
1583 739 1293
739 1293 1583
635 1950 2067
2067 635 1950
1950 635 2067
2699 445 2922
2922 445 2699
445 2699 2922
1009 1512 1808
1512 1009 1808
1808 1009 1512
477 757 1245
1245 477 757
757 477 1245
2229 1515 2230
1515 2229 2230
2230 1515 2229
318 1405 2058
1405 318 2058
2058 318 1405
2609 954 2225
954 2225 2609
2225 954 2609
673 1632 2468
1632 673 2468
2468 673 1632
1148 1433 2429
2429 1148 1433
1433 1148 2429
473 556 1761
1761 473 556
556 473 1761
2301 121 232
121 232 2301
232 121 2301
1037 742 1850
1850 742 1037
742 1037 1850
2239 1873 2638
2638 1873 2239
1873 2239 2638
1953 1764 2088
1764 1953 2088
2088 1764 1953
198 1496 2887
2887 198 1496
1496 198 2887
423 1845 2114
2114 423 1845
1845 423 2114
530 1161 2485
2485 530 1161
1161 530 2485
2295 1490 1809
1809 1490 2295
1490 1809 2295
1385 1501 2564
1501 1385 2564
2564 1385 1501
89 867 1644
867 89 1644
1644 89 867
1723 965 2766
2766 965 1723
965 1723 2766
404 1030 1551
1551 404 1030
1030 404 1551
2904 1783 2544
1783 2544 2904
2544 1783 2904
184 419 1072
1072 184 419
419 184 1072
1386 410 2453
2453 410 1386
410 1386 2453
2381 81 2589
2589 81 2381
81 2381 2589
219 674 1443
1443 219 674
674 219 1443
2823 90 307
307 90 2823
90 307 2823
1744 1390 1839
1839 1390 1744
1390 1744 1839
2793 93 802
802 93 2793
93 802 2793
335 1636 1638
1636 335 1638
1638 335 1636
911 28 1878
28 911 1878
1878 28 911
254 671 2123
671 254 2123
2123 254 671
1096 386 612
386 612 1096
612 386 1096
1454 506 1199
506 1199 1454
1199 506 1454
2032 874 2092
874 2032 2092
2092 874 2032
2479 1369 2635
1369 2479 2635
2635 1369 2479
1647 689 1479
689 1479 1647
1479 689 1647
1908 1036 1355
1355 1036 1908
1036 1355 1908
1129 2046 2681
2681 1129 2046
2046 1129 2681
2710 935 2603
935 2603 2710
2603 935 2710
2851 1070 2811
2811 1070 2851
1070 2811 2851
2424 1071 2423
2423 1071 2424
1071 2423 2424
1568 525 2762
2762 525 1568
525 1568 2762
2448 1582 2531
2531 1582 2448
1582 2448 2531
1527 1458 2148
2148 1458 1527
1458 1527 2148
1269 1881 2204
2204 1269 1881
1881 1269 2204
1680 1281 1623
1281 1623 1680
1623 1281 1680
856 1911 2317
2317 856 1911
1911 856 2317
2685 910 1382
1382 910 2685
910 1382 2685
2740 523 1700
1700 523 2740
523 1700 2740
1965 501 1401
1401 501 1965
501 1401 1965
446 332 1561
1561 332 446
332 446 1561
521 623 798
623 521 798
798 521 623
2765 2474 2870
2474 2765 2870
2870 2474 2765
51 1710 2394
1710 51 2394
2394 51 1710
216 732 2266
2266 216 732
732 216 2266
2375 1101 2714
1101 2375 2714
2714 1101 2375
649 1159 1283
1283 649 1159
1159 649 1283
2948 1414 1921
1414 1921 2948
1921 1414 2948
2443 160 2030
160 2030 2443
2030 160 2443
2565 2015 2688
2688 2015 2565
2015 2565 2688
2259 900 2794
2794 900 2259
900 2259 2794
1642 319 515
319 515 1642
515 319 1642
1449 127 1601
127 1449 1601
1601 127 1449
2009 128 960
960 128 2009
128 960 2009
2566 2035 2450
2035 2450 2566
2450 2035 2566
2923 616 1535
1535 616 2923
616 1535 2923
209 458 463
458 209 463
463 209 458
2848 1338 2629
1338 2629 2848
2629 1338 2848
248 1517 2246
2246 248 1517
1517 248 2246
968 2361 2611
2361 968 2611
2611 968 2361
224 1040 1877
1040 224 1877
1877 224 1040
2519 122 153
122 153 2519
153 122 2519
1211 199 1206
1206 199 1211
199 1206 1211
2241 320 337
337 320 2241
320 337 2241
1076 888 2263
2263 888 1076
888 1076 2263
682 1505 2343
2343 682 1505
1505 682 2343
26 38 1997
1997 26 38
38 26 1997
2321 1546 2183
2183 1546 2321
1546 2183 2321
2404 852 2102
2102 852 2404
852 2102 2404
2410 411 2160
2160 411 2410
411 2160 2410
2749 1502 2133
2133 1502 2749
1502 2133 2749
601 872 2236
872 601 2236
2236 601 872
846 983 2569
983 846 2569
2569 846 983
1099 326 2735
2735 326 1099
326 1099 2735
1803 435 2671
435 1803 2671
2671 435 1803
773 1548 2992
2992 773 1548
1548 773 2992
116 609 2601
2601 116 609
609 116 2601
2521 345 918
345 918 2521
918 345 2521
2310 413 650
413 650 2310
650 413 2310
971 1336 1988
1336 971 1988
1988 971 1336
290 1220 1320
1220 290 1320
1320 290 1220
2300 1140 1763
1140 1763 2300
1763 1140 2300
428 373 1068
1068 373 428
373 428 1068
2157 222 949
222 949 2157
949 222 2157
1344 1581 2824
1581 1344 2824
2824 1344 1581
1428 1348 2250
1348 1428 2250
2250 1348 1428
892 524 2190
524 892 2190
2190 524 892
1511 596 929
929 596 1511
596 929 1511
1983 881 2828
2828 881 1983
881 1983 2828
2684 1116 2335
1116 2335 2684
2335 1116 2684
1630 230 1963
230 1630 1963
1963 230 1630
1672 321 2043
321 1672 2043
2043 321 1672
1827 478 1525
1525 478 1827
478 1525 1827
1815 1506 2928
1506 1815 2928
2928 1506 1815
2855 1589 2425
2425 1589 2855
1589 2425 2855
2665 2055 2134
2134 2055 2665
2055 2134 2665
324 1276 1769
1769 324 1276
1276 324 1769
1862 1368 2333
2333 1368 1862
1368 1862 2333
2316 1536 2581
1536 2316 2581
2581 1536 2316
2127 191 2344
2344 191 2127
191 2127 2344
78 2278 2557
2557 78 2278
2278 78 2557
1713 1409 2049
2049 1409 1713
1409 1713 2049
2349 31 2799
31 2349 2799
2799 31 2349
1466 80 2505
80 1466 2505
2505 80 1466
170 1869 1924
1924 170 1869
1869 170 1924
1987 1014 1944
1944 1014 1987
1014 1944 1987
905 1780 2908
1780 905 2908
2908 905 1780
2591 1951 2947
1951 2591 2947
2947 1951 2591
1260 953 2650
953 1260 2650
2650 953 1260
1301 285 1555
1555 285 1301
285 1301 1555
2392 1136 2391
1136 2391 2392
2391 1136 2392
1474 502 2859
502 1474 2859
2859 502 1474
925 2702 2751
2751 925 2702
2702 925 2751
1904 449 2567
449 1904 2567
2567 449 1904
848 2551 2846
2551 848 2846
2846 848 2551
741 334 1082
334 741 1082
1082 334 741
1989 1436 2664
1436 1989 2664
2664 1436 1989
2098 1152 1410
1152 1410 2098
1410 1152 2098
1423 2213 2364
2213 1423 2364
2364 1423 2213
1624 333 2502
2502 333 1624
333 1624 2502
2888 2831 2941
2941 2831 2888
2831 2888 2941
658 1239 2537
2537 658 1239
1239 658 2537
2206 2678 2878
2878 2206 2678
2678 2206 2878
1084 2200 2585
2200 1084 2585
2585 1084 2200
396 1961 2307
2307 396 1961
1961 396 2307
2063 111 300
300 111 2063
111 300 2063
2152 2100 2416
2100 2152 2416
2416 2100 2152
1134 1406 1611
1611 1134 1406
1406 1134 1611
2988 401 2516
401 2516 2988
2516 401 2988
1970 355 414
414 355 1970
355 414 1970
1247 2352 2842
2842 1247 2352
2352 1247 2842
554 1271 2580
1271 554 2580
2580 554 1271
2967 1858 3000
1858 2967 3000
3000 1858 2967
220 311 2073
2073 220 311
311 220 2073
2455 1923 1986
1923 1986 2455
1986 1923 2455
485 1280 1495
1495 485 1280
1280 485 1495
745 834 2628
834 745 2628
2628 745 834
1593 1586 2716
1586 1593 2716
2716 1586 1593
330 726 1250
1250 330 726
726 330 1250
250 1855 2401
2401 250 1855
1855 250 2401
2782 1892 2806
2806 1892 2782
1892 2782 2806
994 1928 2576
1928 994 2576
2576 994 1928
1732 452 1365
1365 452 1732
452 1365 1732
2504 42 2353
2353 42 2504
42 2353 2504
835 832 1697
832 835 1697
1697 832 835
2285 2019 2517
2019 2285 2517
2517 2019 2285
2643 746 970
746 970 2643
970 746 2643
2623 1476 1812
1812 1476 2623
1476 1812 2623
1185 316 2902
2902 316 1185
316 1185 2902
799 115 2192
115 799 2192
2192 115 799
1300 849 1193
1193 849 1300
849 1193 1300
1228 35 1307
1307 35 1228
35 1228 1307
1304 691 1370
691 1304 1370
1370 691 1304
777 9 2637
2637 9 777
9 777 2637
756 1125 2138
1125 756 2138
2138 756 1125
796 1441 1885
1441 796 1885
1885 796 1441
1372 1489 1823
1823 1372 1489
1489 1372 1823
2363 262 433
433 262 2363
262 433 2363
2492 1701 2977
1701 2492 2977
2977 1701 2492
2283 1321 2305
1321 2283 2305
2305 1321 2283
2641 258 2554
258 2554 2641
2554 258 2641
2634 1342 2329
1342 2329 2634
2329 1342 2634
528 537 2282
2282 528 537
537 528 2282
1435 620 1652
1652 620 1435
620 1435 1652
1946 246 2039
246 1946 2039
2039 246 1946
91 1876 2723
1876 91 2723
2723 91 1876
157 545 2085
545 157 2085
2085 157 545
1031 1175 2826
2826 1031 1175
1175 1031 2826
959 731 1612
1612 731 959
731 959 1612
821 1558 2963
1558 821 2963
2963 821 1558
809 399 696
696 399 809
399 696 809
1669 1021 1765
1021 1669 1765
1765 1021 1669
206 975 1844
975 206 1844
1844 206 975
942 1117 2817
2817 942 1117
1117 942 2817
891 1721 2525
1721 891 2525
2525 891 1721
2026 1397 2493
1397 2026 2493
2493 1397 2026
639 440 2827
2827 440 639
440 639 2827
2816 879 2966
879 2816 2966
2966 879 2816
1760 2542 2801
2801 1760 2542
2542 1760 2801
1825 772 1800
772 1800 1825
1800 772 1825
2480 582 2106
582 2106 2480
2106 582 2480
2624 1662 2377
1662 2377 2624
2377 1662 2624
743 1547 1639
1547 743 1639
1639 743 1547
217 223 2885
2885 217 223
223 217 2885
1024 593 2845
2845 593 1024
593 1024 2845
1688 792 1299
792 1299 1688
1299 792 1688
790 951 2132
951 790 2132
2132 790 951
372 1814 2178
1814 372 2178
2178 372 1814
2115 557 1349
557 1349 2115
1349 557 2115
2117 2118 2812
2118 2117 2812
2812 2117 2118
464 1027 2016
2016 464 1027
1027 464 2016
2560 56 361
56 361 2560
361 56 2560
718 2083 2626
2083 718 2626
2626 718 2083
2012 526 2323
2323 526 2012
526 2012 2323
2397 203 405
203 405 2397
405 203 2397
1745 169 1427
1427 169 1745
169 1427 1745
482 776 915
776 482 915
915 482 776
2137 510 2254
2254 510 2137
510 2137 2254
1996 962 2276
962 1996 2276
2276 962 1996
517 1819 2172
1819 517 2172
2172 517 1819
733 791 1237
1237 733 791
791 733 1237
2520 1690 2478
1690 2478 2520
2478 1690 2520
2109 2494 2541
2541 2109 2494
2494 2109 2541
981 850 2128
2128 850 981
850 981 2128
1594 402 2575
2575 402 1594
402 1594 2575
2718 208 572
572 208 2718
208 572 2718
2237 14 425
14 425 2237
425 14 2237
2414 1779 1974
1779 1974 2414
1974 1779 2414
145 117 1319
1319 117 145
117 145 1319
2024 1317 2036
2036 1317 2024
1317 2024 2036
1417 19 1412
19 1412 1417
1412 19 1417
2413 1524 2487
2487 1524 2413
1524 2413 2487
172 884 2302
2302 172 884
884 172 2302
1230 712 1295
712 1230 1295
1295 712 1230
948 1641 2398
2398 948 1641
1641 948 2398
1463 1095 2291
2291 1095 1463
1095 1463 2291
1868 1918 2228
1918 1868 2228
2228 1868 1918
197 722 1975
1975 197 722
722 197 1975
628 1590 2515
2515 628 1590
1590 628 2515
34 339 1012
1012 34 339
339 34 1012
1093 366 614
366 614 1093
614 366 1093
1105 529 2212
2212 529 1105
529 1105 2212
2495 1085 2264
1085 2264 2495
2264 1085 2495
1560 1801 2587
2587 1560 1801
1801 1560 2587
1155 1265 2549
1265 1155 2549
2549 1155 1265
1562 315 1649
1649 315 1562
315 1562 1649
2562 281 465
281 465 2562
465 281 2562
1298 187 1704
187 1298 1704
1704 187 1298
2592 41 561
561 41 2592
41 561 2592
1890 1018 2371
1018 1890 2371
2371 1018 1890
1019 680 1599
680 1019 1599
1599 680 1019
2431 836 1851
836 1851 2431
1851 836 2431
1053 1121 1734
1121 1053 1734
1734 1053 1121
2960 1150 2385
1150 2385 2960
2385 1150 2960
1832 1023 2369
2369 1023 1832
1023 1832 2369
168 887 1286
887 168 1286
1286 168 887
1664 491 666
666 491 1664
491 666 1664
629 636 2972
636 629 2972
2972 629 636
607 448 2145
2145 448 607
448 607 2145
2540 1309 1362
1362 1309 2540
1309 1362 2540
1484 2086 2900
2086 1484 2900
2900 1484 2086
69 495 1274
1274 69 495
495 69 1274
683 486 1142
1142 486 683
486 683 1142
583 158 2174
2174 158 583
158 583 2174
2850 1557 2631
2631 1557 2850
1557 2631 2850
2563 1158 2427
2427 1158 2563
1158 2427 2563
196 654 2744
654 196 2744
2744 196 654
1353 1532 1703
1532 1353 1703
1703 1353 1532
1654 1375 2449
2449 1375 1654
1375 1654 2449
237 110 2459
2459 110 237
110 237 2459
1796 788 1188
788 1188 1796
1188 788 1796
2779 1651 2594
2594 1651 2779
1651 2594 2779
586 693 2167
2167 586 693
693 586 2167
2119 218 1742
1742 218 2119
218 1742 2119
1112 1002 1831
1002 1112 1831
1831 1002 1112
919 133 293
293 133 919
133 293 919
1843 364 1663
1663 364 1843
364 1663 1843
647 85 945
85 647 945
945 85 647
2543 1323 1333
1333 1323 2543
1323 1333 2543
1634 2031 2809
2031 1634 2809
2809 1634 2031
2639 1388 1509
1509 1388 2639
1388 1509 2639
2194 1462 2774
1462 2194 2774
2774 1462 2194
106 294 2462
294 106 2462
2462 106 294
1086 140 1675
140 1086 1675
1675 140 1086
1572 297 768
768 297 1572
297 768 1572
2216 640 2262
640 2216 2262
2262 640 2216
1618 301 1046
1046 301 1618
301 1046 1618
988 1730 2987
2987 988 1730
1730 988 2987
2182 1677 2726
1677 2182 2726
2726 1677 2182
2210 974 1425
974 1425 2210
1425 974 2210
522 167 2627
167 522 2627
2627 167 522
2491 2047 2103
2047 2103 2491
2103 2047 2491
681 2619 2945
2945 681 2619
2619 681 2945
16 226 2792
226 16 2792
2792 16 226
2000 2359 2953
2359 2000 2953
2953 2000 2359
2535 1233 2791
2791 1233 2535
1233 2535 2791
794 263 2768
2768 263 794
263 794 2768
444 1805 2170
2170 444 1805
1805 444 2170
1325 2899 2997
2899 1325 2997
2997 1325 2899
625 1440 2985
1440 625 2985
2985 625 1440
412 55 2203
2203 55 412
55 412 2203
1241 139 1767
139 1241 1767
1767 139 1241
2071 271 924
924 271 2071
271 924 2071
1949 175 205
175 205 1949
205 175 1949
807 1087 2894
1087 807 2894
2894 807 1087
178 1180 2746
2746 178 1180
1180 178 2746
2606 1316 1657
1316 1657 2606
1657 1316 2606
2938 1587 2810
2810 1587 2938
1587 2810 2938
480 1292 2060
2060 480 1292
1292 480 2060
1626 1635 2798
1635 1626 2798
2798 1626 1635
29 566 2045
2045 29 566
566 29 2045
1221 470 752
752 470 1221
470 752 1221
381 431 503
431 381 503
503 381 431
1431 653 775
653 775 1431
775 653 1431
245 1378 2648
2648 245 1378
1378 245 2648
63 993 1452
1452 63 993
993 63 1452
822 120 2464
120 822 2464
2464 120 822
2326 1042 2293
2293 1042 2326
1042 2293 2326
1432 407 492
492 407 1432
407 492 1432
1324 437 2898
2898 437 1324
437 1324 2898
2973 1028 2649
1028 2649 2973
2649 1028 2973
1955 286 1413
286 1413 1955
1413 286 1955
1387 656 1004
1004 656 1387
656 1004 1387
2191 565 1746
1746 565 2191
565 1746 2191
338 49 257
257 49 338
49 257 338
2949 241 2835
2835 241 2949
241 2835 2949
2610 388 2625
388 2610 2625
2625 388 2610
568 1645 2146
1645 568 2146
2146 568 1645
1753 841 1273
1273 841 1753
841 1273 1753
472 564 2389
564 472 2389
2389 472 564
704 1217 2473
2473 704 1217
1217 704 2473
2482 686 762
762 686 2482
686 762 2482
1775 944 1088
1088 944 1775
944 1088 1775
2964 10 305
10 305 2964
305 10 2964
280 1648 2500
1648 280 2500
2500 280 1648
2736 2607 2956
2607 2736 2956
2956 2607 2736
1573 436 1033
1033 436 1573
436 1033 1573
2258 1069 2022
1069 2022 2258
2022 1069 2258
2965 426 2820
426 2820 2965
2820 426 2965
1073 1538 2124
1538 1073 2124
2124 1073 1538
1346 2080 2696
2696 1346 2080
2080 1346 2696
2844 946 2889
946 2844 2889
2889 946 2844
1287 329 2033
329 1287 2033
2033 329 1287
2064 295 1981
295 1981 2064
1981 295 2064
2683 2415 2499
2415 2499 2683
2499 2415 2683
641 1588 2916
2916 641 1588
1588 641 2916
1478 1670 1772
1772 1478 1670
1670 1478 1772
2155 2780 2939
2780 2155 2939
2939 2155 2780
1567 1363 1640
1363 1567 1640
1640 1363 1567
1207 684 2198
684 1207 2198
2198 684 1207
1991 1519 2532
1519 1991 2532
2532 1519 1991
2151 243 2676
243 2151 2676
2676 243 2151
2483 1186 2481
1186 2481 2483
2481 1186 2483
313 1491 1852
1491 313 1852
1852 313 1491
1376 2790 2883
2883 1376 2790
2790 1376 2883
1699 1979 2511
2511 1699 1979
1979 1699 2511
138 235 749
749 138 235
235 138 749
455 1724 2738
2738 455 1724
1724 455 2738
907 550 996
996 550 907
550 907 996
1866 371 1377
1377 371 1866
371 1377 1866
1408 789 2327
789 1408 2327
2327 789 1408
2315 1126 2238
1126 2238 2315
2238 1126 2315
2711 862 2698
2698 862 2711
862 2698 2711
143 15 2166
2166 15 143
15 143 2166
406 1533 1936
1936 406 1533
1533 406 1936
1329 1438 2661
2661 1329 1438
1438 1329 2661
2954 1712 2677
2677 1712 2954
1712 2677 2954
2588 2304 2351
2351 2304 2588
2304 2351 2588
1468 546 1091
1091 546 1468
546 1091 1468
2261 302 2189
2189 302 2261
302 2189 2261
2372 1821 2633
1821 2372 2633
2633 1821 2372
2805 2091 2367
2367 2091 2805
2091 2367 2805
2871 1446 1972
1446 1972 2871
1972 1446 2871
541 707 2436
2436 541 707
707 541 2436
385 1774 2097
1774 385 2097
2097 385 1774
1422 1038 2314
2314 1038 1422
1038 1422 2314
2731 1203 2273
1203 2273 2731
2273 1203 2731
180 1170 1655
1655 180 1170
1170 180 1655
854 96 793
793 96 854
96 793 854
1253 1941 2670
1941 1253 2670
2670 1253 1941
2836 1880 2322
1880 2322 2836
2322 1880 2836
2686 190 633
190 633 2686
633 190 2686
677 494 1516
494 677 1516
1516 494 677
124 1531 1935
1531 124 1935
1935 124 1531
179 1903 2536
1903 179 2536
2536 179 1903
859 886 1897
1897 859 886
886 859 1897
2866 87 1570
1570 87 2866
87 1570 2866
1306 1162 2909
1162 1306 2909
2909 1162 1306
1258 215 2695
2695 215 1258
215 1258 2695
2412 987 2843
2843 987 2412
987 2412 2843
2235 24 668
24 668 2235
668 24 2235
2719 1352 2066
2066 1352 2719
1352 2066 2719
985 1933 2705
1933 985 2705
2705 985 1933
304 130 2741
2741 130 304
130 304 2741
2023 1579 2195
2195 1579 2023
1579 2023 2195
2430 1194 1947
1194 1947 2430
1947 1194 2430
897 2153 2507
2153 897 2507
2507 897 2153
1256 2184 2872
2184 1256 2872
2872 1256 2184
813 1284 1773
1773 813 1284
1284 813 1773
447 1526 2096
2096 447 1526
1526 447 2096
1943 1106 1398
1106 1398 1943
1398 1106 1943
540 1615 2860
1615 540 2860
2860 540 1615
767 2873 2886
2873 767 2886
2886 767 2873
2068 2078 2984
2078 2068 2984
2984 2068 2078
2120 183 416
183 416 2120
416 183 2120
73 890 2406
2406 73 890
890 73 2406
1835 251 1860
251 1835 1860
1860 251 1835
594 1154 2299
2299 594 1154
1154 594 2299
467 552 2368
552 467 2368
2368 467 552
608 898 2268
898 608 2268
2268 608 898
2110 1674 1682
1682 1674 2110
1674 1682 2110
468 2054 2612
2612 468 2054
2054 468 2612
439 2069 2347
2347 439 2069
2069 439 2347
144 1360 2527
2527 144 1360
1360 144 2527
2996 751 1100
751 1100 2996
1100 751 2996
2034 1058 1480
1058 1480 2034
1480 1058 2034
2583 509 1010
1010 509 2583
509 1010 2583
370 2411 2422
2411 370 2422
2422 370 2411
2471 193 343
343 193 2471
193 343 2471
2879 1083 2309
2309 1083 2879
1083 2309 2879
2687 896 1754
896 1754 2687
1754 896 2687
1788 1222 1661
1222 1661 1788
1661 1222 1788
2181 761 1029
1029 761 2181
761 1029 2181
2126 943 2875
2875 943 2126
943 2126 2875
1755 1393 2864
2864 1393 1755
1393 1755 2864
30 204 2829
2829 30 204
204 30 2829
909 1580 1816
1816 909 1580
1580 909 1816
1596 382 778
778 382 1596
382 778 1596
631 1145 1214
1214 631 1145
1145 631 1214
2552 1056 1811
1811 1056 2552
1056 1811 2552
105 134 638
638 105 134
134 105 638
1707 142 2506
2506 142 1707
142 1707 2506
1128 708 2669
2669 708 1128
708 1128 2669
2667 496 1871
1871 496 2667
496 1871 2667
2981 272 902
272 902 2981
902 272 2981
2089 322 1735
1735 322 2089
322 1735 2089
2742 1063 1715
1715 1063 2742
1063 1715 2742
393 1552 1976
1552 393 1976
1976 393 1552
1888 2176 2539
2539 1888 2176
2176 1888 2539
2656 1015 1716
1716 1015 2656
1015 1716 2656
2777 225 670
225 670 2777
670 225 2777
1149 152 2052
152 1149 2052
2052 152 1149
213 238 1671
1671 213 238
238 213 1671
575 939 1191
939 575 1191
1191 575 939
2395 98 512
98 512 2395
512 98 2395
2503 602 1210
602 1210 2503
1210 602 2503
1741 2577 2867
2577 1741 2867
2867 1741 2577
1711 1208 2514
2514 1208 1711
1208 1711 2514
1013 6 1035
6 1013 1035
1035 6 1013
1954 692 876
692 876 1954
876 692 1954
2130 474 2288
2288 474 2130
474 2130 2288
221 1914 2214
2214 221 1914
1914 221 2214
738 1020 2832
2832 738 1020
1020 738 2832
1192 118 269
269 118 1192
118 269 1192
2164 804 2223
2223 804 2164
804 2164 2223
868 471 1177
471 868 1177
1177 471 868
1003 709 2869
709 1003 2869
2869 709 1003
65 2318 2467
2318 65 2467
2467 65 2318
661 79 611
611 79 661
79 611 661
2227 312 2320
2320 312 2227
312 2227 2320
2162 847 1305
1305 847 2162
847 1305 2162
2010 424 644
424 644 2010
644 424 2010
13 590 2260
590 13 2260
2260 13 590
697 1017 2456
2456 697 1017
1017 697 2456
1608 2070 2286
2286 1608 2070
2070 1608 2286
2642 1181 1464
1464 1181 2642
1181 1464 2642
45 1131 1676
1131 45 1676
1676 45 1131
2007 1278 2672
2672 1278 2007
1278 2007 2672
1554 1361 2523
1361 1554 2523
2523 1361 1554
2880 812 2920
812 2880 2920
2920 812 2880
2788 2935 2986
2986 2788 2935
2935 2788 2986
2974 725 999
999 725 2974
725 999 2974
797 1288 1313
1288 797 1313
1313 797 1288
211 253 986
986 211 253
253 211 986
864 1097 1167
1167 864 1097
1097 864 1167
675 1752 2061
1752 675 2061
2061 675 1752
1118 1534 2121
2121 1118 1534
1534 1118 2121
903 1356 2897
2897 903 1356
1356 903 2897
690 771 1781
1781 690 771
771 690 1781
2737 490 2969
490 2737 2969
2969 490 2737
657 920 1739
920 657 1739
1739 657 920
1065 516 2884
516 1065 2884
2884 516 1065
816 2281 2750
2750 816 2281
2281 816 2750
2584 1337 1836
1337 1836 2584
1836 1337 2584
1059 646 980
646 980 1059
980 646 1059
397 2217 2854
2217 397 2854
2854 397 2217
717 264 2207
264 717 2207
2207 264 717
1487 539 1419
539 1419 1487
1419 539 1487
1578 1451 2803
2803 1451 1578
1451 1578 2803
2911 720 1789
1789 720 2911
720 1789 2911
1264 838 2095
838 1264 2095
2095 838 1264
20 375 827
827 20 375
375 20 827
374 878 1066
878 374 1066
1066 374 878
1643 1469 2733
2733 1469 1643
1469 1643 2733
1698 1609 2775
2775 1609 1698
1609 1698 2775
1025 1272 1883
1883 1025 1272
1272 1025 1883
1937 727 1391
1391 727 1937
727 1391 1937
2029 984 2982
984 2029 2982
2982 984 2029
2546 958 1759
958 1759 2546
1759 958 2546
753 75 1829
75 753 1829
1829 75 753
314 265 296
265 296 314
296 265 314
560 655 1294
655 560 1294
1294 560 655
937 589 831
589 831 937
831 589 937
255 155 1906
155 255 1906
1906 155 255
1905 1575 2602
2602 1575 1905
1575 1905 2602
710 2821 2874
2821 710 2874
2874 710 2821
873 613 1236
1236 613 873
613 873 1236
2122 676 1929
1929 676 2122
676 1929 2122
2907 88 2232
2232 88 2907
88 2232 2907
202 481 1945
1945 202 481
481 202 1945
2219 1926 2961
2961 1926 2219
1926 2219 2961
1728 588 2090
2090 588 1728
588 1728 2090
131 77 2526
77 131 2526
2526 77 131
2958 176 2568
176 2568 2958
2568 176 2958
2297 1826 2957
1826 2297 2957
2957 1826 2297
1504 1156 2645
2645 1156 1504
1156 1504 2645
2104 2163 2418
2163 2104 2418
2418 2104 2163
2159 581 2582
581 2159 2582
2582 581 2159
2659 1289 1719
1289 1719 2659
1719 1289 2659
2234 1113 2362
1113 2234 2362
2362 1113 2234
659 188 350
350 188 659
188 350 659
2215 511 2693
2693 511 2215
511 2215 2693
1793 1564 2111
2111 1564 1793
1564 1793 2111
1034 1209 2438
1209 1034 2438
2438 1034 1209
1729 800 1270
800 1270 1729
1270 800 1729
1605 904 2675
904 1605 2675
2675 904 1605
367 72 1055
1055 72 367
72 367 1055
1795 977 1218
977 1218 1795
1218 977 1795
536 390 456
390 456 536
456 390 536
2354 1806 2730
2730 1806 2354
1806 2354 2730
1650 1867 2933
1867 1650 2933
2933 1650 1867
23 603 1229
603 23 1229
1229 23 603
2403 2578 2918
2918 2403 2578
2578 2403 2918
875 610 2608
610 875 2608
2608 610 875
853 1861 2729
2729 853 1861
1861 853 2729
1332 922 1255
1255 922 1332
922 1255 1332
1227 801 1135
1135 801 1227
801 1135 1227
1577 2598 2959
2598 1577 2959
2959 1577 2598
1666 195 1187
195 1187 1666
1187 195 1666
1619 1041 1244
1041 1244 1619
1244 1041 1619
2271 889 1138
1138 889 2271
889 1138 2271
1196 1424 2658
1424 1196 2658
2658 1196 1424
2434 2376 2849
2849 2376 2434
2376 2434 2849
2177 12 1064
1064 12 2177
12 1064 2177
186 74 1817
1817 74 186
74 186 1817
2053 229 781
229 781 2053
781 229 2053
1927 17 1807
17 1807 1927
1807 17 1927
1549 855 933
933 855 1549
855 933 1549
1762 830 1597
1597 830 1762
830 1597 1762
1252 499 1001
499 1001 1252
1001 499 1252
1147 1151 2312
1151 1147 2312
2312 1147 1151
2868 615 1418
615 1418 2868
1418 615 2868
2785 1079 1347
1079 1347 2785
1347 1079 2785
201 1341 1522
1341 201 1522
1522 201 1341
2725 735 1172
1172 735 2725
735 1172 2725
1367 2242 2999
2999 1367 2242
2242 1367 2999
2490 1874 1899
1874 1899 2490
1899 1874 2490
383 617 1771
617 383 1771
1771 383 617
2460 11 1251
11 1251 2460
1251 11 2460
1749 52 417
52 417 1749
417 52 1749
2405 1089 2382
1089 2382 2405
2382 1089 2405
2903 1205 1776
1776 1205 2903
1205 1776 2903
275 1685 2764
2764 275 1685
1685 275 2764
2245 1381 2998
2998 1381 2245
1381 2245 2998
2099 400 2834
2834 400 2099
400 2099 2834
551 1668 1857
1857 551 1668
1668 551 1857
1169 1330 2439
2439 1169 1330
1330 1169 2439
669 1708 2094
1708 669 2094
2094 669 1708
177 914 2815
2815 177 914
914 177 2815
2497 1957 2224
2224 1957 2497
1957 2224 2497
2136 578 877
877 578 2136
578 877 2136
2595 865 1334
1334 865 2595
865 1334 2595
2813 992 1768
1768 992 2813
992 1768 2813
2513 228 2758
2758 228 2513
228 2513 2758
1231 2861 2892
2892 1231 2861
2861 1231 2892
1614 645 1978
1978 645 1614
645 1614 1978
1366 136 2257
136 1366 2257
2257 136 1366
403 1213 2437
1213 403 2437
2437 403 1213
543 861 1658
861 543 1658
1658 543 861
2690 840 1358
1358 840 2690
840 1358 2690
829 851 2662
2662 829 851
851 829 2662
1660 352 1494
1494 352 1660
352 1494 1660
2783 421 2308
421 2308 2783
2308 421 2783
2599 1279 2209
1279 2209 2599
2209 1279 2599
2331 380 2486
2486 380 2331
380 2331 2486
1455 2324 2913
2913 1455 2324
2324 1455 2913
1054 1787 2050
2050 1054 1787
1787 1054 2050
398 377 2169
377 398 2169
2169 377 398
2313 1456 1971
1971 1456 2313
1456 1971 2313
1999 1240 1722
1240 1722 1999
1722 1240 1999
1620 770 2084
770 1620 2084
2084 770 1620
303 2211 2396
2211 303 2396
2396 303 2211
569 261 1497
261 569 1497
1497 261 569
663 685 2044
685 663 2044
2044 663 685
1503 2596 2630
2596 1503 2630
2630 1503 2596
1351 162 2682
162 1351 2682
2682 162 1351
2233 346 679
346 679 2233
679 346 2233
815 289 1285
1285 289 815
289 815 1285
2841 2002 2332
2332 2002 2841
2002 2332 2841
1335 1447 1656
1656 1335 1447
1447 1335 1656
698 1380 1576
1576 698 1380
1380 698 1576
2895 129 2839
2839 129 2895
129 2839 2895
2944 860 1485
860 1485 2944
1485 860 2944
2451 1060 1792
1792 1060 2451
1060 1792 2451
1931 185 1275
1275 185 1931
185 1275 1931
2457 1900 2545
1900 2457 2545
2545 1900 2457
1847 2550 2971
2971 1847 2550
2550 1847 2971
2701 359 2143
2143 359 2701
359 2143 2701
2004 926 1667
926 1667 2004
1667 926 2004
1993 1395 2489
2489 1395 1993
1395 1993 2489
249 1621 2570
1621 249 2570
2570 249 1621
716 1016 2135
1016 716 2135
2135 716 1016
2840 1508 2186
1508 2186 2840
2186 1508 2840
652 1513 1603
1513 652 1603
1603 652 1513
1653 869 1514
869 1514 1653
1514 869 1653
2620 1813 1901
1813 1901 2620
1901 1813 2620
2269 125 1426
1426 125 2269
125 1426 2269
325 1889 2692
2692 325 1889
1889 325 2692
819 479 2255
479 819 2255
2255 479 819
1277 1078 1818
1078 1277 1818
1818 1078 1277
64 747 978
747 64 978
978 64 747
2400 714 2759
2759 714 2400
714 2400 2759
972 2593 2657
2657 972 2593
2593 972 2657
2426 427 1173
427 1173 2426
1173 427 2426
1481 927 1518
927 1481 1518
1518 927 1481
1540 1178 1311
1178 1311 1540
1311 1178 1540
376 147 1032
1032 147 376
147 376 1032
1153 2384 2784
2784 1153 2384
2384 1153 2784
1616 765 2553
765 1616 2553
2553 765 1616
694 1302 2715
1302 694 2715
2715 694 1302
780 109 1849
109 780 1849
1849 109 780
442 2303 2528
2528 442 2303
2303 442 2528
2013 1566 2789
1566 2013 2789
2789 1566 2013
2950 173 1223
1223 173 2950
173 1223 2950
2472 331 1574
1574 331 2472
331 1574 2472
1841 1737 1824
1824 1737 1841
1737 1824 1841
415 27 2778
27 415 2778
2778 27 415
1470 462 2220
462 1470 2220
2220 462 1470
148 22 637
637 22 148
22 148 637
1750 1259 2853
2853 1259 1750
1259 1750 2853
1092 1646 2713
1646 1092 2713
2713 1092 1646
818 1607 1629
1629 818 1607
1607 818 1629
1743 457 1290
1290 457 1743
457 1290 1743
2994 1687 2703
1687 2703 2994
2703 1687 2994
2614 1327 1415
1327 1415 2614
1415 1327 2614
1411 487 1005
487 1005 1411
1005 487 1411
1483 2017 2366
2017 1483 2366
2366 1483 2017
1144 1985 2727
2727 1144 1985
1985 1144 2727
103 328 2465
328 103 2465
2465 103 328
207 126 1966
1966 126 207
126 207 1966
2374 342 906
906 342 2374
342 906 2374
1282 1198 1444
1444 1198 1282
1198 1282 1444
1212 1982 2014
2014 1212 1982
1982 1212 2014
2893 61 1200
1200 61 2893
61 1200 2893
2435 839 1392
1392 839 2435
839 1392 2435
3 2202 2279
2279 3 2202
2202 3 2279
779 1182 2356
2356 779 1182
1182 779 2356
2171 1331 2573
1331 2171 2573
2573 1331 2171
2622 2147 2469
2147 2469 2622
2469 2147 2622
1080 549 604
604 549 1080
549 604 1080
39 758 1959
758 39 1959
1959 39 758
1090 1659 1689
1689 1090 1659
1659 1090 1689
715 1859 2447
2447 715 1859
1859 715 2447
484 766 787
787 484 766
766 484 787
2417 990 2387
990 2387 2417
2387 990 2417
351 66 1964
66 351 1964
1964 66 351
755 1263 2040
2040 755 1263
1263 755 2040
1864 84 2154
84 1864 2154
2154 84 1864
2113 1492 2038
1492 2038 2113
2038 1492 2113
1820 166 2057
166 1820 2057
2057 166 1820
2910 273 587
273 587 2910
587 273 2910
368 1044 1994
1994 368 1044
1044 368 1994
1339 1960 2901
2901 1339 1960
1960 1339 2901
1442 1266 1887
1266 1442 1887
1887 1266 1442
713 531 883
883 531 713
531 713 883
2105 1461 2421
2421 1461 2105
1461 2105 2421
2906 1457 2990
1457 2906 2990
2990 1457 2906
1782 323 2921
323 1782 2921
2921 323 1782
1529 998 2244
2244 998 1529
998 1529 2244
236 164 2076
164 236 2076
2076 164 236
1785 347 2852
347 1785 2852
2852 347 1785
1314 2498 2720
2720 1314 2498
2498 1314 2720
2760 2428 2640
2640 2428 2760
2428 2640 2760
1695 842 1633
1633 842 1695
842 1633 1695
1521 306 936
936 306 1521
306 936 1521
2037 1343 2488
2488 1343 2037
1343 2037 2488
1837 1992 1998
