2627 531 1859
531 1859 2627
1859 531 2627
2487 2238 2259
2259 2238 2487
2238 2259 2487
843 1297 1698
1297 843 1698
1698 843 1297
1103 418 695
695 418 1103
418 695 1103
490 1205 2451
2451 490 1205
1205 490 2451
1950 330 1960
1960 330 1950
330 1950 1960
1622 789 934
789 934 1622
934 789 1622
340 20 673
673 20 340
20 340 673
2153 1472 2931
2931 1472 2153
1472 2153 2931
1318 853 2081
2081 853 1318
853 1318 2081
920 1041 2871
1041 920 2871
2871 920 1041
2142 317 534
534 317 2142
317 534 2142
688 532 1402
532 688 1402
1402 532 688
2585 1690 1757
1757 1690 2585
1690 1757 2585
351 1544 2437
1544 351 2437
2437 351 1544
382 1421 1928
1421 382 1928
1928 382 1421
873 1157 1407
1157 873 1407
1407 873 1157
2192 694 2616
694 2192 2616
2616 694 2192
441 1432 1633
1432 441 1633
1633 441 1432
2827 6 723
6 723 2827
723 6 2827
365 1116 1208
1208 365 1116
1116 365 1208
449 707 1028
707 449 1028
1028 449 707
2281 2028 2698
2698 2028 2281
2028 2281 2698
2572 424 936
936 424 2572
424 936 2572
2693 157 1963
1963 157 2693
157 1963 2693
2545 93 657
93 657 2545
657 93 2545
1537 258 1545
258 1537 1545
1545 258 1537
955 28 1105
28 955 1105
1105 28 955
358 2557 2670
2557 358 2670
2670 358 2557
185 456 1002
456 185 1002
1002 185 456
2597 529 1348
1348 529 2597
529 1348 2597
2520 498 2804
498 2520 2804
2804 498 2520
944 1707 2754
1707 944 2754
2754 944 1707
1197 245 2840
2840 245 1197
245 1197 2840
1664 63 1976
1976 63 1664
63 1664 1976
2558 2136 2170
2136 2170 2558
2170 2136 2558
2420 285 1714
1714 285 2420
285 1714 2420
180 486 1750
1750 180 486
486 180 1750
2777 2794 2869
2794 2777 2869
2869 2777 2794
2041 90 164
90 164 2041
164 90 2041
2579 771 1630
771 1630 2579
1630 771 2579
2905 212 1511
1511 212 2905
212 1511 2905
1830 85 2368
2368 85 1830
85 1830 2368
1062 722 2107
2107 722 1062
722 1062 2107
2071 1809 2708
1809 2071 2708
2708 1809 2071
2337 1459 2055
2055 1459 2337
1459 2055 2337
2110 1523 2184
1523 2110 2184
2184 1523 2110
1682 1189 1356
1356 1189 1682
1189 1356 1682
774 1993 2822
1993 774 2822
2822 774 1993
2233 1602 2450
1602 2233 2450
2450 1602 2233
2339 1616 2440
1616 2339 2440
2440 1616 2339
945 1298 1494
1298 945 1494
1494 945 1298
759 445 2951
2951 445 759
445 759 2951
2672 932 2727
932 2672 2727
2727 932 2672
1810 1681 2038
1681 1810 2038
2038 1681 1810
2223 1495 1718
1718 1495 2223
1495 1718 2223
2237 342 2445
2445 342 2237
342 2237 2445
2485 631 2143
2143 631 2485
631 2143 2485
2821 1306 2373
1306 2373 2821
2373 1306 2821
1083 485 1578
485 1083 1578
1578 485 1083
1007 598 2299
598 1007 2299
2299 598 1007
300 2057 2434
2057 300 2434
2434 300 2057
591 1030 2022
2022 591 1030
1030 591 2022
2493 4 1872
4 1872 2493
1872 4 2493
242 1943 2403
1943 242 2403
2403 242 1943
1827 49 2457
2457 49 1827
49 1827 2457
927 739 1937
1937 739 927
739 927 1937
2207 350 1744
1744 350 2207
350 1744 2207
795 1158 1166
1158 795 1166
1166 795 1158
2031 582 856
856 582 2031
582 856 2031
2947 1429 2212
1429 2212 2947
2212 1429 2947
887 24 1591
1591 24 887
24 887 1591
1987 1210 1504
1210 1504 1987
1504 1210 1987
2632 25 2473
2473 25 2632
25 2473 2632
2197 2040 2603
2040 2197 2603
2603 2040 2197
23 1118 1305
1305 23 1118
1118 23 1305
1419 2108 2514
2108 1419 2514
2514 1419 2108
484 77 705
705 77 484
77 484 705
664 1024 2104
1024 664 2104
2104 664 1024
2930 1445 2711
2711 1445 2930
1445 2711 2930
1625 1522 2039
2039 1522 1625
1522 1625 2039
72 197 2488
2488 72 197
197 72 2488
1109 1513 2689
1513 1109 2689
2689 1109 1513
129 1595 1866
1866 129 1595
1595 129 1866
1424 1428 1474
1428 1424 1474
1474 1424 1428
601 1465 2460
1465 601 2460
2460 601 1465
2249 609 1486
609 1486 2249
1486 609 2249
2076 2532 2660
2660 2076 2532
2532 2076 2660
2781 1520 2649
2649 1520 2781
1520 2649 2781
1174 731 2673
731 1174 2673
2673 731 1174
1597 320 558
320 558 1597
558 320 1597
992 1075 2322
1075 992 2322
2322 992 1075
114 225 2296
225 114 2296
2296 114 225
198 549 1971
549 198 1971
1971 198 549
1554 249 1821
249 1554 1821
1821 249 1554
1996 555 1085
555 1085 1996
1085 555 1996
423 857 1378
1378 423 857
857 423 1378
1447 1044 1905
1905 1044 1447
1044 1447 1905
200 827 2653
827 200 2653
2653 200 827
1956 297 989
297 989 1956
989 297 1956
1273 325 1939
325 1273 1939
1939 325 1273
1539 950 2982
2982 950 1539
950 1539 2982
1640 1159 1246
1159 1246 1640
1246 1159 1640
2508 1038 1763
1038 1763 2508
1763 1038 2508
1147 140 2221
140 1147 2221
2221 140 1147
2584 1140 2968
1140 2584 2968
2968 1140 2584
426 471 2004
471 426 2004
2004 426 471
2922 753 2868
2868 753 2922
753 2868 2922
1880 1060 1326
1060 1326 1880
1326 1060 1880
2796 1550 1923
1923 1550 2796
1550 1923 2796
1098 643 1457
643 1098 1457
1457 643 1098
669 1741 2697
1741 669 2697
2697 669 1741
914 1403 2009
1403 914 2009
2009 914 1403
2782 782 2396
2396 782 2782
782 2396 2782
255 2083 2257
2083 255 2257
2257 255 2083
2275 1443 2231
2231 1443 2275
1443 2231 2275
1162 1381 2015
2015 1162 1381
1381 1162 2015
166 2524 2736
2736 166 2524
2524 166 2736
1679 1458 2829
1458 1679 2829
2829 1458 1679
1032 719 2106
2106 719 1032
719 1032 2106
306 1727 2715
2715 306 1727
1727 306 2715
2427 2318 2699
2318 2427 2699
2699 2318 2427
1125 1382 1439
1382 1125 1439
1439 1125 1382
804 1011 2671
1011 804 2671
2671 804 1011
2226 1376 1406
1376 1406 2226
1406 1376 2226
2740 749 1361
749 1361 2740
1361 749 2740
762 450 1005
1005 450 762
450 762 1005
2174 2592 2808
2592 2174 2808
2808 2174 2592
2618 1984 2149
1984 2149 2618
2149 1984 2618
1319 1394 1656
1656 1319 1394
1394 1319 1656
1890 984 1535
1535 984 1890
984 1535 1890
2845 236 479
479 236 2845
236 479 2845
2002 826 2745
826 2002 2745
2745 826 2002
1114 1173 1580
1580 1114 1173
1173 1114 1580
2765 1526 1814
1526 1814 2765
1814 1526 2765
961 616 2565
2565 616 961
616 961 2565
2230 88 2655
88 2230 2655
2655 88 2230
2529 1565 1651
1565 1651 2529
1651 1565 2529
2160 359 2003
2003 359 2160
359 2003 2160
1276 2372 2481
2481 1276 2372
2372 1276 2481
2806 348 745
745 348 2806
348 745 2806
1478 645 1538
645 1478 1538
1538 645 1478
356 2539 2743
2539 356 2743
2743 356 2539
1978 224 748
748 224 1978
224 748 1978
1153 1393 2269
2269 1153 1393
1393 1153 2269
2658 79 1563
1563 79 2658
79 1563 2658
742 125 2173
2173 125 742
125 742 2173
2679 792 991
792 991 2679
991 792 2679
2550 563 2744
2744 563 2550
563 2550 2744
982 606 1371
606 982 1371
1371 606 982
1275 2362 2683
2683 1275 2362
2362 1275 2683
2665 1770 2646
2646 1770 2665
1770 2646 2665
620 578 897
578 620 897
897 578 620
137 280 2608
2608 137 280
280 137 2608
617 1684 2414
2414 617 1684
1684 617 2414
1811 263 561
263 561 1811
561 263 1811
2263 421 2802
2802 421 2263
421 2263 2802
240 1531 2852
2852 240 1531
1531 240 2852
53 880 1659
1659 53 880
880 53 1659
703 693 1749
1749 693 703
693 703 1749
2200 182 2934
2934 182 2200
182 2200 2934
2206 15 192
15 192 2206
192 15 2206
864 501 538
501 538 864
538 501 864
1057 150 1903
1903 150 1057
150 1057 1903
2292 1080 1774
1080 1774 2292
1774 1080 2292
5 96 333
96 5 333
333 5 96
1196 1190 2602
1190 1196 2602
2602 1190 1196
2648 338 2075
338 2075 2648
2075 338 2648
1737 1692 2719
2719 1692 1737
1692 1737 2719
2331 163 2090
2090 163 2331
163 2090 2331
2674 2688 2935
2688 2674 2935
2935 2674 2688
1452 1642 2097
2097 1452 1642
1642 1452 2097
1313 576 1435
1435 576 1313
576 1313 1435
551 550 2907
2907 550 551
550 551 2907
2864 1092 1889
1092 1889 2864
1889 1092 2864
834 1390 1752
1752 834 1390
1390 834 1752
2302 33 2775
2775 33 2302
33 2302 2775
1463 580 824
824 580 1463
580 824 1463
1555 29 2818
2818 29 1555
29 1555 2818
2596 123 2193
2193 123 2596
123 2193 2596
889 50 1534
50 889 1534
1534 50 889
1046 648 2518
2518 648 1046
648 1046 2518
904 1767 2662
1767 904 2662
2662 904 1767
2923 288 2069
2069 288 2923
288 2069 2923
2068 697 2639
697 2068 2639
2639 697 2068
926 671 1924
1924 671 926
671 926 1924
1119 2422 2723
2422 1119 2723
2723 1119 2422
2812 301 1288
301 1288 2812
1288 301 2812
2262 1799 2535
2535 1799 2262
1799 2262 2535
2032 1017 1768
1017 1768 2032
1768 1017 2032
1735 1518 2939
2939 1518 1735
1518 1735 2939
43 1467 1662
1467 43 1662
1662 43 1467
447 577 2455
2455 447 577
577 447 2455
1365 1663 2410
1663 1365 2410
2410 1365 1663
452 684 1791
1791 452 684
684 452 1791
2503 272 1506
1506 272 2503
272 1506 2503
1696 822 1596
1596 822 1696
822 1596 1696
2814 976 995
976 995 2814
995 976 2814
1632 128 2571
128 1632 2571
2571 128 1632
2465 2563 2997
2997 2465 2563
2563 2465 2997
2359 872 1497
872 1497 2359
1497 872 2359
1603 345 1302
1302 345 1603
345 1302 1603
2913 355 2224
355 2224 2913
2224 355 2913
1965 575 1644
1644 575 1965
575 1644 1965
2291 1386 1475
1475 1386 2291
1386 1475 2291
2926 132 1129
132 1129 2926
1129 132 2926
1881 919 1253
919 1253 1881
1253 919 1881
1481 101 2127
101 1481 2127
2127 101 1481
42 1021 2942
1021 42 2942
2942 42 1021
902 308 2588
308 902 2588
2588 308 902
83 251 2166
251 83 2166
2166 83 251
520 632 2400
632 520 2400
2400 520 632
2187 727 752
727 752 2187
752 727 2187
2682 259 1121
1121 259 2682
259 1121 2682
462 952 2219
2219 462 952
952 462 2219
503 960 2892
2892 503 960
960 503 2892
1853 754 916
916 754 1853
754 916 1853
186 1683 2795
2795 186 1683
1683 186 2795
2790 1865 2307
1865 2307 2790
2307 1865 2790
2389 1304 2352
1304 2352 2389
2352 1304 2389
366 2058 2113
2113 366 2058
2058 366 2113
622 931 1717
1717 622 931
931 622 1717
1503 1176 2902
2902 1176 1503
1176 1503 2902
2241 636 2936
2936 636 2241
636 2241 2936
1666 386 770
386 770 1666
770 386 1666
710 395 1724
395 710 1724
1724 395 710
1000 1047 2426
2426 1000 1047
1047 1000 2426
1888 942 1460
942 1460 1888
1460 942 1888
1668 428 2094
2094 428 1668
428 1668 2094
407 216 274
274 216 407
216 274 407
253 1357 2538
1357 253 2538
2538 253 1357
202 298 2828
2828 202 298
298 202 2828
205 1089 2148
1089 205 2148
2148 205 1089
912 262 2112
262 912 2112
2112 262 912
2050 1051 2710
2710 1051 2050
1051 2050 2710
1914 276 1218
1218 276 1914
276 1218 1914
2456 38 1807
1807 38 2456
38 1807 2456
1271 2118 2329
2329 1271 2118
2118 1271 2329
2343 87 1036
87 1036 2343
1036 87 2343
1743 2078 2610
2078 1743 2610
2610 1743 2078
1921 208 1600
1600 208 1921
208 1600 1921
454 962 1848
962 454 1848
1848 454 962
2544 2213 2408
2213 2408 2544
2408 2213 2544
2570 1327 1641
1327 1641 2570
1641 1327 2570
917 206 1839
1839 206 917
206 917 1839
1049 12 2628
12 1049 2628
2628 12 1049
2783 422 1161
1161 422 2783
422 1161 2783
2613 476 1087
1087 476 2613
476 1087 2613
1829 1170 1777
1170 1777 1829
1777 1170 1829
884 508 1930
508 884 1930
1930 508 884
390 1949 2454
2454 390 1949
1949 390 2454
2858 2505 2763
2505 2763 2858
2763 2505 2858
1012 761 1857
761 1012 1857
1857 761 1012
533 2253 2405
2405 533 2253
2253 533 2405
865 1076 1990
1076 865 1990
1990 865 1076
299 2067 2759
2759 299 2067
2067 299 2759
1808 2553 2830
2830 1808 2553
2553 1808 2830
2652 1071 2964
1071 2652 2964
2964 1071 2652
2134 127 292
127 292 2134
292 127 2134
2986 246 2152
2152 246 2986
246 2152 2986
2580 369 910
910 369 2580
369 910 2580
1657 1790 2629
2629 1657 1790
1790 1657 2629
499 341 2734
2734 341 499
341 499 2734
2577 121 2849
121 2577 2849
2849 121 2577
1846 819 941
819 941 1846
941 819 1846
548 1585 2560
2560 548 1585
1585 548 2560
461 2399 2863
2399 461 2863
2863 461 2399
716 524 2366
524 716 2366
2366 524 716
1379 1373 1742
1742 1373 1379
1373 1379 1742
2215 1501 2714
2714 1501 2215
1501 2215 2714
2541 1876 1952
1952 1876 2541
1876 1952 2541
2860 883 2567
2567 883 2860
883 2567 2860
2338 2266 2797
2797 2266 2338
2266 2338 2797
71 1701 2716
1701 71 2716
2716 71 1701
623 337 1020
337 623 1020
1020 337 623
2105 269 311
269 311 2105
311 269 2105
537 1078 1169
1169 537 1078
1078 537 1169
1509 352 2810
352 1509 2810
2810 352 1509
1643 1120 1329
1329 1120 1643
1120 1329 1643
2489 294 1992
1992 294 2489
294 1992 2489
2305 1628 1672
1628 1672 2305
1672 1628 2305
1099 2072 2135
2135 1099 2072
2072 1099 2135
837 1620 2516
1620 837 2516
2516 837 1620
2817 2376 2912
2912 2376 2817
2376 2817 2912
1851 1416 1454
1454 1416 1851
1416 1454 1851
1251 1258 2086
2086 1251 1258
1258 1251 2086
2554 1517 1605
1605 1517 2554
1517 1605 2554
1685 1160 1982
1160 1685 1982
1982 1160 1685
1524 70 2119
70 1524 2119
2119 70 1524
2191 234 846
234 846 2191
846 234 2191
998 764 1995
764 998 1995
1995 764 998
104 1904 2634
1904 104 2634
2634 104 1904
1828 758 852
852 758 1828
758 852 1828
2 233 1747
233 2 1747
1747 2 233
2766 204 404
404 204 2766
204 404 2766
1461 2056 2678
2678 1461 2056
2056 1461 2678
825 319 483
483 319 825
319 483 825
2169 830 2265
830 2169 2265
2265 830 2169
1265 106 412
106 412 1265
412 106 1265
2898 468 1507
468 1507 2898
1507 468 2898
1226 1239 1303
1239 1226 1303
1303 1226 1239
1009 2398 2955
2955 1009 2398
2398 1009 2955
211 291 1617
291 211 1617
1617 211 291
1334 170 2620
2620 170 1334
170 1334 2620
1179 1824 2199
1824 1179 2199
2199 1179 1824
2530 1708 2559
1708 2530 2559
2559 1708 2530
433 581 1308
1308 433 581
581 433 1308
1725 634 1748
1748 634 1725
634 1725 1748
2303 1037 1367
1037 1367 2303
1367 1037 2303
2130 2034 2080
2034 2080 2130
2080 2034 2130
751 1322 2784
2784 751 1322
1322 751 2784
2268 728 1396
728 1396 2268
1396 728 2268
154 81 1214
81 154 1214
1214 81 154
2546 557 725
557 725 2546
725 557 2546
1915 273 2681
2681 273 1915
273 1915 2681
174 1035 2335
1035 174 2335
2335 174 1035
1581 760 1490
760 1490 1581
1490 760 1581
975 232 1798
232 975 1798
1798 232 975
2569 2502 2724
2502 2569 2724
2724 2502 2569
1514 1688 2144
2144 1514 1688
1688 1514 2144
1181 329 429
329 429 1181
429 329 1181
2600 1873 2803
2803 1873 2600
1873 2600 2803
1850 717 859
859 717 1850
717 859 1850
2819 188 1064
188 1064 2819
1064 188 2819
2717 1713 2441
2441 1713 2717
1713 2441 2717
2064 2043 2638
2638 2043 2064
2043 2064 2638
2377 685 2591
685 2377 2591
2591 685 2377
635 1139 1669
1139 635 1669
1669 635 1139
2435 691 1440
1440 691 2435
691 1440 2435
2139 56 1199
1199 56 2139
56 1199 2139
567 142 836
836 142 567
142 567 836
391 1317 2561
1317 391 2561
2561 391 1317
2397 2346 2349
2346 2349 2397
2349 2346 2397
2446 746 1586
746 1586 2446
1586 746 2446
939 220 2865
220 939 2865
2865 220 939
1111 1970 2350
2350 1111 1970
1970 1111 2350
1833 2300 2320
2320 1833 2300
2300 1833 2320
2391 1219 1931
1931 1219 2391
1219 1931 2391
312 1095 2246
1095 312 2246
2246 312 1095
654 196 2838
2838 196 654
196 654 2838
2622 905 2626
2626 905 2622
905 2622 2626
699 2393 2515
2393 699 2515
2515 699 2393
2286 1462 2506
2506 1462 2286
1462 2286 2506
595 2289 2965
2965 595 2289
2289 595 2965
2566 906 1948
1948 906 2566
906 1948 2566
773 1296 2070
1296 773 2070
2070 773 1296
130 1097 2705
2705 130 1097
1097 130 2705
398 990 2691
2691 398 990
990 398 2691
84 977 1425
977 84 1425
1425 84 977
1675 677 2694
677 1675 2694
2694 677 1675
1143 1728 2713
2713 1143 1728
1728 1143 2713
1316 967 1623
967 1316 1623
1623 967 1316
1929 958 1168
1168 958 1929
958 1168 1929
1845 2101 2390
2101 1845 2390
2390 1845 2101
189 165 2453
2453 165 189
165 189 2453
41 1918 2380
1918 41 2380
2380 41 1918
2494 417 921
921 417 2494
417 921 2494
2309 1155 2798
2798 1155 2309
1155 2309 2798
2317 593 2885
2885 593 2317
593 2317 2885
2109 513 2088
513 2088 2109
2088 513 2109
2888 2432 2517
2517 2432 2888
2432 2517 2888
2668 530 1360
1360 530 2668
530 1360 2668
2159 31 2227
2227 31 2159
31 2159 2227
1268 565 1420
1420 565 1268
565 1268 1420
700 979 2239
2239 700 979
979 700 2239
1003 893 2944
893 1003 2944
2944 893 1003
1330 1048 1409
1048 1330 1409
1409 1048 1330
1123 295 1765
1765 295 1123
295 1123 1765
1283 1884 2962
2962 1283 1884
1884 1283 2962
1081 244 2894
2894 244 1081
244 1081 2894
2973 2060 2685
2685 2060 2973
2060 2685 2973
401 2501 2780
2780 401 2501
2501 401 2780
1510 40 102
40 102 1510
102 40 1510
179 1243 2731
2731 179 1243
1243 179 2731
2186 22 1177
22 1177 2186
1177 22 2186
928 1126 2846
1126 928 2846
2846 928 1126
2873 378 2760
2760 378 2873
378 2760 2873
2547 117 284
284 117 2547
117 284 2547
1031 1399 2789
2789 1031 1399
1399 1031 2789
2850 686 1720
686 1720 2850
1720 686 2850
732 13 2276
13 732 2276
2276 13 732
1180 522 2418
2418 522 1180
522 1180 2418
1789 402 1601
402 1601 1789
1601 402 1789
2856 1427 1594
1594 1427 2856
1427 1594 2856
1014 1201 2013
1201 1014 2013
2013 1014 1201
1549 832 2954
2954 832 1549
832 1549 2954
2472 2012 2424
2424 2012 2472
2012 2424 2472
901 2048 2556
2556 901 2048
2048 901 2556
58 1058 1167
1058 58 1167
1167 58 1058
3 126 2972
126 3 2972
2972 3 126
2351 1676 2304
2304 1676 2351
1676 2304 2351
1412 521 1532
1532 521 1412
521 1412 1532
2217 1721 2732
1721 2217 2732
2732 1721 2217
2867 1136 1781
1136 1781 2867
1781 1136 2867
2609 392 2848
392 2609 2848
2848 392 2609
1070 410 2100
410 1070 2100
2100 410 1070
2279 347 1368
347 1368 2279
1368 347 2279
1508 2125 2839
2839 1508 2125
2125 1508 2839
1484 1426 1897
1897 1426 1484
1426 1484 1897
110 923 2866
2866 110 923
923 110 2866
1135 844 2510
2510 844 1135
844 1135 2510
1436 2254 2991
2254 1436 2991
2991 1436 2254
1008 2027 2384
2384 1008 2027
2027 1008 2384
935 2033 2284
2033 935 2284
2284 935 2033
1564 2158 2244
2158 1564 2244
2244 1564 2158
124 146 997
997 124 146
146 124 997
459 281 624
281 459 624
624 281 459
2301 147 619
147 619 2301
619 147 2301
900 854 1614
1614 854 900
854 900 1614
791 618 1263
618 791 1263
1263 618 791
460 2092 2409
2092 460 2409
2409 460 2092
2000 1232 2175
2175 1232 2000
1232 2000 2175
1185 788 1919
788 1185 1919
1919 788 1185
1257 1754 2911
1754 1257 2911
2911 1257 1754
469 46 1854
1854 46 469
46 469 1854
2564 1045 1240
1045 1240 2564
1240 1045 2564
790 867 1901
867 790 1901
1901 790 867
1307 909 1882
909 1307 1882
1882 909 1307
1648 596 610
596 610 1648
610 596 1648
2315 807 2654
2654 807 2315
807 2315 2654
2920 831 878
878 831 2920
831 878 2920
1383 1686 2593
1686 1383 2593
2593 1383 1686
1485 290 2020
2020 290 1485
290 1485 2020
2448 642 907
642 907 2448
907 642 2448
2297 597 2834
597 2297 2834
2834 597 2297
993 1610 2087
1610 993 2087
2087 993 1610
535 2147 2607
2147 535 2607
2607 535 2147
1860 1374 2288
2288 1374 1860
1374 1860 2288
18 1072 1206
1206 18 1072
1072 18 1206
385 730 1152
730 385 1152
1152 385 730
2971 414 2729
414 2729 2971
2729 414 2971
373 360 1027
1027 360 373
360 373 1027
239 453 574
453 239 574
574 239 453
2474 2969 2978
2969 2474 2978
2978 2474 2969
780 275 495
275 495 780
495 275 780
1607 44 2308
44 1607 2308
2308 44 1607
1127 1370 2491
1370 1127 2491
2491 1127 1370
649 1039 1295
1295 649 1039
1039 649 1295
1567 1499 1874
1874 1499 1567
1499 1567 1874
1772 296 2306
296 1772 2306
2306 296 1772
627 27 108
27 108 627
108 27 627
100 1453 2990
2990 100 1453
1453 100 2990
2477 733 1358
733 1358 2477
1358 733 2477
607 768 1349
1349 607 768
768 607 1349
51 227 271
271 51 227
227 51 271
2599 954 1411
954 1411 2599
1411 954 2599
2993 62 1061
62 1061 2993
1061 62 2993
2940 162 2294
2294 162 2940
162 2294 2940
2171 384 2344
384 2171 2344
2344 384 2171
922 1175 2511
1175 922 2511
2511 922 1175
2843 2242 2255
2242 2255 2843
2255 2242 2843
2172 370 1221
1221 370 2172
370 1221 2172
1345 223 1228
223 1228 1345
1228 223 1345
1074 1249 2421
1249 1074 2421
2421 1074 1249
1653 545 1751
545 1653 1751
1751 545 1653
1191 683 1163
1163 683 1191
683 1163 1191
1706 21 629
21 629 1706
629 21 1706
2664 2345 2891
2891 2345 2664
2345 2664 2891
2165 1389 2312
2312 1389 2165
1389 2165 2312
511 833 1794
1794 511 833
833 511 1794
1324 1266 1715
1266 1324 1715
1715 1266 1324
2612 30 1255
1255 30 2612
30 1255 2612
339 1344 2811
1344 339 2811
2811 339 1344
1900 972 1991
1991 972 1900
972 1900 1991
2157 1891 2201
1891 2157 2201
2201 1891 2157
2704 1314 2792
2792 1314 2704
1314 2704 2792
2718 2449 2963
2963 2449 2718
2449 2718 2963
813 9 2995
9 813 2995
2995 9 813
849 1779 1966
1966 849 1779
1779 849 1966
994 806 1437
806 994 1437
1437 806 994
1893 937 2204
937 1893 2204
2204 937 1893
1907 615 1333
615 1333 1907
1333 615 1907
2643 2862 2919
2862 2643 2919
2919 2643 2862
1575 332 443
332 443 1575
443 332 1575
973 228 769
228 769 973
769 228 973
862 2023 2531
2531 862 2023
2023 862 2531
777 1198 2026
2026 777 1198
1198 777 2026
1820 587 2137
587 1820 2137
2137 587 1820
518 611 1568
611 518 1568
1568 518 611
2844 425 2604
425 2604 2844
2604 425 2844
1207 1985 2117
2117 1207 1985
1985 1207 2117
756 1898 2054
1898 756 2054
2054 756 1898
1911 1054 1556
1054 1556 1911
1556 1054 1911
554 810 2778
2778 554 810
810 554 2778
372 811 2211
2211 372 811
811 372 2211
630 413 838
838 413 630
413 630 838
868 1825 1879
1825 868 1879
1879 868 1825
1300 718 1541
718 1300 1541
1541 718 1300
1355 1792 1841
1841 1355 1792
1792 1355 1841
1395 743 2374
2374 743 1395
743 1395 2374
588 349 467
349 467 588
467 349 588
2536 1647 2755
2755 1647 2536
1647 2536 2755
1259 1858 2216
1858 1259 2216
2216 1259 1858
1590 681 2816
681 1590 2816
2816 681 1590
1639 744 1289
1289 744 1639
744 1289 1639
2882 1150 1709
1150 1709 2882
1709 1150 2882
435 1151 1343
1151 435 1343
1343 435 1151
2657 517 696
517 696 2657
696 517 2657
1885 475 2379
2379 475 1885
475 1885 2379
477 304 874
304 477 874
874 304 477
2833 267 438
438 267 2833
267 438 2833
850 507 1608
507 850 1608
1608 507 850
2702 328 2406
2406 328 2702
328 2406 2702
2696 241 1823
1823 241 2696
241 1823 2696
2767 603 1847
1847 603 2767
603 1847 2767
1689 1450 1470
1470 1450 1689
1450 1470 1689
894 1131 2551
1131 894 2551
2551 894 1131
1022 313 1769
1769 313 1022
313 1022 1769
1652 19 2499
19 1652 2499
2499 19 1652
737 1583 2468
1583 737 2468
2468 737 1583
698 238 1959
238 698 1959
1959 238 698
1401 103 510
103 510 1401
510 103 1401
1694 805 3000
3000 805 1694
805 1694 3000
1052 946 1496
946 1052 1496
1496 946 1052
674 2484 2773
2773 674 2484
2484 674 2773
1108 243 1086
1086 243 1108
243 1086 1108
1059 560 608
608 560 1059
560 608 1059
2896 605 1665
605 1665 2896
1665 605 2896
2746 641 1231
641 1231 2746
1231 641 2746
1561 1455 1926
1455 1561 1926
1926 1455 1561
264 502 2429
502 264 2429
2429 264 502
2661 1292 2851
2851 1292 2661
1292 2661 2851
2749 457 1204
457 1204 2749
1204 457 2749
845 1068 2401
2401 845 1068
1068 845 2401
221 1384 1712
1384 221 1712
1712 221 1384
1241 1281 2948
1281 1241 2948
2948 1241 1281
2314 676 2295
2295 676 2314
676 2295 2314
2737 64 1654
64 1654 2737
1654 64 2737
970 1248 1476
1476 970 1248
1248 970 1476
2637 943 1446
943 1446 2637
1446 943 2637
2330 279 465
465 279 2330
279 465 2330
2423 151 2298
2298 151 2423
151 2298 2423
1055 808 1638
808 1055 1638
1638 808 1055
1543 309 2820
2820 309 1543
309 1543 2820
98 821 2415
821 98 2415
2415 98 821
925 136 2950
2950 136 925
136 925 2950
2250 652 1726
652 1726 2250
1726 652 2250
1291 283 2150
2150 283 1291
283 1291 2150
191 432 2889
432 191 2889
2889 191 432
2085 2470 2656
2470 2085 2656
2656 2085 2470
2044 161 1560
161 1560 2044
1560 161 2044
400 381 2847
2847 381 400
381 400 2847
434 1438 2979
1438 434 2979
2979 434 1438
314 1227 1337
1227 314 1337
1337 314 1227
2497 376 1704
376 1704 2497
1704 376 2497
2975 785 2615
785 2615 2975
2615 785 2975
1398 1277 2167
2167 1277 1398
1277 1398 2167
2606 689 996
996 689 2606
689 996 2606
2367 1233 1840
1233 1840 2367
1840 1233 2367
1391 116 1945
1945 116 1391
116 1391 1945
556 949 2444
2444 556 949
949 556 2444
39 647 2861
2861 39 647
647 39 2861
1521 48 2464
2464 48 1521
48 1521 2464
2644 69 1043
69 1043 2644
1043 69 2644
1796 2005 2145
2145 1796 2005
2005 1796 2145
661 584 2014
2014 584 661
584 661 2014
1998 496 1687
496 1687 1998
1687 496 1998
899 1477 2875
1477 899 2875
2875 899 1477
354 670 911
670 354 911
911 354 670
2621 492 715
492 715 2621
715 492 2621
2786 2214 2676
2214 2676 2786
2676 2214 2786
76 829 1096
829 76 1096
1096 76 829
1579 2053 2943
2943 1579 2053
2053 1579 2943
2999 861 1500
861 1500 2999
1500 861 2999
2010 1134 2700
2700 1134 2010
1134 2010 2700
156 203 1380
1380 156 203
203 156 1380
779 73 2647
73 779 2647
2647 73 779
2738 257 1229
1229 257 2738
257 1229 2738
2549 260 1967
260 1967 2549
1967 260 2549
750 800 918
918 750 800
800 750 918
2684 1077 2188
1077 2188 2684
2188 1077 2684
2901 1551 2131
2131 1551 2901
1551 2131 2901
2924 509 1498
1498 509 2924
509 1498 2924
375 1212 2675
2675 375 1212
1212 375 2675
1527 602 1546
602 1527 1546
1546 602 1527
2161 1680 2267
2267 1680 2161
1680 2161 2267
680 776 2630
776 680 2630
2630 680 776
1655 187 2928
187 1655 2928
2928 187 1655
111 371 500
371 111 500
500 111 371
2769 446 2542
2542 446 2769
446 2542 2769
380 2008 2895
2008 380 2895
2895 380 2008
2589 2321 2826
2826 2321 2589
2321 2589 2826
709 1018 2260
2260 709 1018
1018 709 2260
2578 1448 1941
1448 1941 2578
1941 1448 2578
704 714 1422
1422 704 714
714 704 1422
778 364 763
763 364 778
364 763 778
633 924 2375
924 633 2375
2375 633 924
1146 1385 2370
2370 1146 1385
1385 1146 2370
1634 1753 2779
1753 1634 2779
2779 1634 1753
1856 1200 1745
1745 1200 1856
1200 1745 1856
1433 1618 1875
1875 1433 1618
1618 1433 1875
650 1321 2404
2404 650 1321
1321 650 2404
525 541 2395
2395 525 541
541 525 2395
1869 367 1033
1033 367 1869
367 1033 1869
516 286 1006
1006 286 516
286 516 1006
218 1023 1261
1261 218 1023
1023 218 1261
1766 885 2509
2509 885 1766
885 1766 2509
2519 1599 2461
2461 1599 2519
1599 2461 2519
363 2218 2340
2340 363 2218
2218 363 2340
793 209 951
951 209 793
209 793 951
2687 546 729
546 729 2687
729 546 2687
1188 512 1989
1989 512 1188
512 1188 1989
2496 78 2115
2115 78 2496
78 2115 2496
2037 655 2248
655 2037 2248
2248 655 2037
2202 135 1955
135 1955 2202
1955 135 2202
99 1222 2387
1222 99 2387
2387 99 1222
57 589 809
589 57 809
809 57 589
305 1050 2582
1050 305 2582
2582 305 1050
1649 409 701
409 701 1649
701 409 1649
194 2264 2382
2382 194 2264
2264 194 2382
1836 1341 1787
1341 1787 1836
1787 1341 1836
799 1013 2467
2467 799 1013
1013 799 2467
2853 1502 2988
1502 2853 2988
2988 1502 2853
1973 571 2417
2417 571 1973
571 1973 2417
536 1084 1364
1084 536 1364
1364 536 1084
2371 217 408
217 408 2371
408 217 2371
757 1408 2586
1408 757 2586
2586 757 1408
2277 1423 1697
1697 1423 2277
1423 1697 2277
765 2357 2651
2357 765 2651
2651 765 2357
1004 526 2045
2045 526 1004
526 1004 2045
612 383 389
389 383 612
383 389 612
2594 1404 1733
1404 1733 2594
1733 1404 2594
1015 1184 2319
2319 1015 1184
1184 1015 2319
2788 870 953
870 953 2788
953 870 2788
207 2222 2989
2222 207 2989
2989 207 2222
2929 480 1795
1795 480 2929
480 1795 2929
7 1286 2096
1286 7 2096
2096 7 1286
2631 250 2758
2758 250 2631
250 2631 2758
1557 1193 2739
2739 1193 1557
1193 1557 2739
2581 866 2633
866 2581 2633
2633 866 2581
60 798 1252
798 60 1252
1252 60 798
2378 1444 2883
1444 2378 2883
2883 1444 2378
2750 1589 1802
1802 1589 2750
1589 1802 2750
2534 1588 2680
1588 2534 2680
2680 1588 2534
1969 1388 2974
2974 1388 1969
1388 1969 2974
2900 265 1771
1771 265 2900
265 1771 2900
1862 158 796
158 796 1862
796 158 1862
1505 94 519
519 94 1505
94 519 1505
1117 1053 1211
1211 1053 1117
1053 1117 1211
1154 1849 2102
2102 1154 1849
1849 1154 2102
293 959 2095
2095 293 959
959 293 2095
2419 1800 2151
1800 2151 2419
2151 1800 2419
712 1372 2356
2356 712 1372
1372 712 2356
599 1079 2323
2323 599 1079
1079 599 2323
152 393 2690
2690 152 393
393 152 2690
740 109 222
109 222 740
222 109 740
1350 2388 2601
2601 1350 2388
2388 1350 2601
1619 1739 1838
1739 1619 1838
1838 1619 1739
1094 1870 2552
1870 1094 2552
2552 1094 1870
2823 1172 2595
2595 1172 2823
1172 2595 2823
277 1562 1910
1910 277 1562
1562 277 1910
1149 2478 2635
2478 1149 2635
2635 1149 2478
1975 2082 2182
2082 1975 2182
2182 1975 2082
2065 1525 1731
1525 1731 2065
1731 1525 2065
2234 119 278
278 119 2234
119 278 2234
2555 527 2575
527 2555 2575
2575 527 2555
2229 898 2800
2800 898 2229
898 2229 2800
1519 169 1871
1871 169 1519
169 1519 1871
1025 235 812
235 812 1025
812 235 1025
891 505 971
971 505 891
505 891 971
1635 431 1515
431 1515 1635
1515 431 1635
659 2290 2764
2290 659 2764
2764 659 2290
316 92 1065
1065 92 316
92 316 1065
497 74 2336
2336 74 497
74 497 2336
322 436 1431
436 322 1431
1431 322 436
254 131 783
131 254 783
783 131 254
368 1187 2598
2598 368 1187
1187 368 2598
2825 437 1491
1491 437 2825
437 1491 2825
1834 653 1843
653 1834 1843
1843 653 1834
2513 1073 2855
1073 2513 2855
2855 1073 2513
2692 1716 2183
2183 1716 2692
1716 2183 2692
34 1571 2114
1571 34 2114
2114 34 1571
1896 1112 2132
2132 1112 1896
1112 1896 2132
1782 1456 2120
1456 1782 2120
2120 1456 1782
1320 1887 2364
1887 1320 2364
2364 1320 1887
2893 706 2522
706 2522 2893
2522 706 2893
138 1646 2996
1646 138 2996
2996 138 1646
464 307 1353
1353 307 464
307 464 1353
1225 1466 2079
2079 1225 1466
1466 1225 2079
663 2194 2611
2194 663 2611
2611 663 2194
1244 362 2438
2438 362 1244
362 1244 2438
2459 420 1842
420 1842 2459
1842 420 2459
1267 1040 2471
2471 1040 1267
1040 1267 2471
1067 841 1604
841 1067 1604
1604 841 1067
112 1362 2091
2091 112 1362
1362 112 2091
405 247 1101
1101 247 405
247 405 1101
1906 2280 2707
2707 1906 2280
2280 1906 2707
2452 903 2636
903 2452 2636
2636 903 2452
491 201 540
201 491 540
540 201 491
1418 803 2815
2815 803 1418
803 1418 2815
2316 1702 2463
1702 2316 2463
2463 1702 2316
82 336 1142
1142 82 336
336 82 1142
2831 184 2927
2927 184 2831
184 2831 2927
2383 2533 2640
2640 2383 2533
2533 2383 2640
2162 794 1980
1980 794 2162
794 1980 2162
708 570 1730
1730 570 708
570 708 1730
148 621 1487
621 148 1487
1487 148 621
814 1400 1999
1999 814 1400
1400 814 1999
1703 658 2666
658 1703 2666
2666 658 1703
2273 2252 2354
2354 2252 2273
2252 2273 2354
2247 969 2046
969 2046 2247
2046 969 2247
640 1786 2976
1786 640 2976
2976 640 1786
1972 968 1861
1861 968 1972
968 1861 1972
2482 248 399
248 399 2482
399 248 2482
1631 451 2251
2251 451 1631
451 1631 2251
1933 361 1855
1855 361 1933
361 1855 1933
2504 178 1107
1107 178 2504
178 1107 2504
2245 1832 2960
1832 2245 2960
2960 1832 2245
766 318 2583
2583 318 766
318 766 2583
1776 466 2953
466 1776 2953
2953 466 1776
1369 1235 1812
1235 1369 1812
1812 1235 1369
1186 473 978
978 473 1186
473 978 1186
1325 1392 1783
1392 1325 1783
1783 1325 1392
1464 416 1480
416 1464 1480
1480 416 1464
2164 999 2576
999 2164 2576
2576 999 2164
1471 95 1529
1529 95 1471
95 1471 1529
91 1413 2466
2466 91 1413
1413 91 2466
586 1711 2835
2835 586 1711
1711 586 2835
1627 947 2879
2879 947 1627
947 1627 2879
892 2425 2728
2425 892 2728
2728 892 2425
823 828 1479
828 823 1479
1479 823 828
1793 493 1113
1113 493 1793
493 1113 1793
2138 1877 2385
2385 1877 2138
1877 2138 2385
2623 68 564
564 68 2623
68 564 2623
2568 543 2341
543 2341 2568
2341 543 2568
97 1621 1983
1621 97 1983
1983 97 1621
219 1441 1483
1483 219 1441
1441 219 1483
1323 590 1284
1284 590 1323
590 1284 1323
1868 614 2548
2548 614 1868
614 1868 2548
1705 734 2402
2402 734 1705
734 1705 2402
377 2527 2748
2748 377 2527
2527 377 2748
210 440 816
440 210 816
816 210 440
1658 2436 2526
2436 1658 2526
2526 1658 2436
592 559 1542
1542 559 592
559 592 1542
2062 2232 2770
2770 2062 2232
2232 2062 2770
444 1883 2024
1883 444 2024
2024 444 1883
1237 2490 2967
2967 1237 2490
2490 1237 2967
2757 2111 2813
2813 2111 2757
2111 2757 2813
1264 1138 2742
1138 1264 2742
2742 1138 1264
1533 1010 1569
1569 1010 1533
1010 1533 1569
656 835 2970
2970 656 835
835 656 2970
1133 105 1762
105 1133 1762
1762 105 1133
439 963 1822
1822 439 963
963 439 1822
2824 45 2392
2392 45 2824
45 2392 2824
690 2442 2483
2442 690 2483
2483 690 2442
231 387 858
858 231 387
387 231 858
1764 2512 2785
2512 1764 2785
2785 1764 2512
2098 1366 2261
2261 1366 2098
1366 2098 2261
2486 573 1925
573 1925 2486
1925 573 2486
772 448 539
448 539 772
539 448 772
646 1270 2310
2310 646 1270
1270 646 2310
2458 54 1262
1262 54 2458
54 1262 2458
1738 1734 2116
1734 1738 2116
2116 1734 1738
869 600 2236
2236 600 869
600 869 2236
985 32 881
881 32 985
32 881 985
2051 1922 2205
1922 2051 2205
2205 1922 2051
1245 2293 2992
2992 1245 2293
2293 1245 2992
1755 879 1354
879 1354 1755
1354 879 1755
721 270 1759
270 721 1759
1759 270 721
871 213 784
784 213 871
213 784 871
2140 1016 1417
1417 1016 2140
1016 1417 2140
1340 1001 1106
1106 1001 1340
1001 1106 1340
2016 1974 2272
2272 1974 2016
1974 2016 2272
2394 118 2327
2327 118 2394
118 2327 2394
2369 1530 2884
2884 1530 2369
1530 2369 2884
613 289 1192
289 613 1192
1192 289 613
2709 1312 1801
1801 1312 2709
1312 1801 2709
442 455 553
455 442 553
553 442 455
113 736 1645
1645 113 736
736 113 1645
2348 134 1536
134 1536 2348
1536 134 2348
406 2720 2881
2881 406 2720
2720 406 2881
966 863 2278
2278 863 966
863 966 2278
474 929 2897
929 474 2897
2897 474 929
172 839 1338
1338 172 839
839 172 1338
2063 35 1806
35 1806 2063
1806 35 2063
720 327 2476
2476 327 720
327 720 2476
1224 515 651
515 651 1224
651 515 1224
2874 394 2752
394 2752 2874
2752 394 2874
1 139 143
139 1 143
143 1 139
1290 302 1063
1063 302 1290
302 1063 1290
2641 55 261
261 55 2641
55 261 2641
1962 1912 2753
1912 1962 2753
2753 1912 1962
1492 1282 2507
1282 1492 2507
2507 1282 1492
896 964 2225
2225 896 964
964 896 2225
1920 1195 2042
2042 1195 1920
1195 1920 2042
226 1234 2537
2537 226 1234
1234 226 2537
2841 52 1213
1213 52 2841
52 1213 2841
1886 1171 1934
1934 1171 1886
1171 1886 1934
775 1758 2921
1758 775 2921
2921 775 1758
2256 504 767
504 767 2256
767 504 2256
2573 2540 2625
2540 2573 2625
2625 2540 2573
2914 237 2590
237 2590 2914
2590 237 2914
2123 956 2998
956 2123 2998
2998 956 2123
419 860 2952
860 419 2952
2952 419 860
847 230 1909
230 847 1909
1909 230 847
987 168 2721
2721 168 987
168 987 2721
2077 1660 2156
2156 1660 2077
1660 2077 2156
2313 1835 2645
1835 2313 2645
2645 1835 2313
1670 1093 2358
2358 1093 1670
1093 1670 2358
324 2342 2801
2342 324 2801
2801 324 2342
2521 585 1964
1964 585 2521
585 1964 2521
2365 1042 1817
1042 1817 2365
1817 1042 2365
1574 487 1489
1489 487 1574
487 1489 1574
1671 2663 2733
2733 1671 2663
2663 1671 2733
1482 115 1019
1019 115 1482
115 1019 1482
2854 1272 2809
2809 1272 2854
1272 2809 2854
2011 1056 1624
1624 1056 2011
1056 1624 2011
1677 1141 1979
1141 1677 1979
1979 1141 1677
2562 2725 2909
2909 2562 2725
2725 2562 2909
2677 1935 2447
2447 1935 2677
1935 2447 2677
2001 65 974
974 65 2001
65 974 2001
2258 1566 2324
1566 2258 2324
2324 1566 2258
2282 482 1216
1216 482 2282
482 1216 2282
713 153 1182
153 713 1182
1182 153 713
2957 458 1916
458 1916 2957
1916 458 2957
2908 346 1335
346 1335 2908
1335 346 2908
637 668 687
687 637 668
668 637 687
2617 1986 2981
2981 1986 2617
1986 2617 2981
2799 1626 1894
1894 1626 2799
1626 1894 2799
2089 1957 2945
1957 2089 2945
2945 1957 2089
66 2103 2791
2103 66 2791
2791 66 2103
2762 1804 1994
1804 1994 2762
1994 1804 2762
1029 214 2984
214 1029 2984
2984 214 1029
2361 1363 1493
1493 1363 2361
1363 1493 2361
2407 908 1124
908 1124 2407
1124 908 2407
930 430 2787
2787 430 930
430 930 2787
1148 2154 2726
2154 1148 2726
2726 1148 2154
1091 1552 2180
2180 1091 1552
1552 1091 2180
1066 1719 1813
1813 1066 1719
1719 1066 1813
1145 1351 2181
2181 1145 1351
1351 1145 2181
1387 781 2890
2890 781 1387
781 1387 2890
1548 122 1430
122 1430 1548
1430 122 1548
26 666 1609
666 26 1609
1609 26 666
1528 1260 1913
1260 1528 1913
1913 1260 1528
171 702 2443
702 171 2443
2443 171 702
494 1310 1803
1310 494 1803
1803 494 1310
1449 579 2870
579 1449 2870
2870 579 1449
343 2332 2500
2332 343 2500
2500 343 2332
2121 2353 2614
2353 2121 2614
2614 2121 2353
1274 37 1293
37 1274 1293
1293 37 1274
2807 547 1209
1209 547 2807
547 1209 2807
1826 411 2916
411 1826 2916
2916 411 1826
1592 667 1736
1736 667 1592
667 1592 1736
1254 144 988
988 144 1254
144 988 1254
403 1026 1156
1156 403 1026
1026 403 1156
2431 786 820
786 820 2431
820 786 2431
193 528 797
797 193 528
528 193 797
2274 1100 1250
1250 1100 2274
1100 1250 2274
625 1132 2411
1132 625 2411
2411 625 1132
36 965 1577
965 36 1577
1577 36 965
2880 1784 2776
2776 1784 2880
1784 2776 2880
552 1584 1927
1927 552 1584
1584 552 1927
2146 268 1451
1451 268 2146
268 1451 2146
2886 67 662
67 662 2886
662 67 2886
1299 229 1997
1997 229 1299
229 1299 1997
738 61 2163
2163 61 738
61 738 2163
2185 478 817
478 817 2185
817 478 2185
1760 1761 2985
2985 1760 1761
1761 1760 2985
1287 1442 2196
1442 1287 2196
2196 1287 1442
353 159 1852
1852 159 353
159 353 1852
315 1215 1954
1954 315 1215
1215 315 1954
2480 542 1311
542 1311 2480
1311 542 2480
287 463 1695
1695 287 463
463 287 1695
335 1328 2093
1328 335 2093
2093 335 1328
2203 1516 2605
1516 2203 2605
2605 1516 2203
2771 890 2059
2059 890 2771
890 2059 2771
1202 282 1710
1710 282 1202
282 1202 1710
2669 851 1336
1336 851 2669
851 1336 2669
1128 1691 2543
2543 1128 1691
1691 1128 2543
1693 875 1699
1699 875 1693
875 1693 1699
1650 16 488
488 16 1650
16 488 1650
948 8 2018
8 948 2018
2018 8 948
802 692 755
692 755 802
755 692 802
626 2240 2479
2240 626 2479
2479 626 2240
1347 75 321
75 321 1347
321 75 1347
2876 938 2859
2859 938 2876
938 2859 2876
1815 1194 2469
1194 1815 2469
2469 1194 1815
120 2190 2904
2190 120 2904
2904 120 2190
1414 1908 2363
1908 1414 2363
2363 1414 1908
1611 747 2857
2857 747 1611
747 1611 2857
14 1469 2412
1469 14 2412
2412 14 1469
2052 682 888
888 682 2052
682 888 2052
787 59 1819
59 787 1819
1819 59 787
1315 1773 1899
1773 1315 1899
1899 1315 1773
1661 195 2619
195 1661 2619
2619 195 1661
1636 2270 2805
2270 1636 2805
2805 1636 2270
2917 167 2061
2061 167 2917
167 2061 2917
639 523 876
523 639 876
876 523 639
1942 1547 2774
1547 1942 2774
2774 1547 1942
815 1183 2124
1183 815 2124
2124 815 1183
323 1895 2701
1895 323 2701
2701 323 1895
2220 1512 2271
2271 1512 2220
1512 2220 2271
1968 1110 2650
1110 1968 2650
2650 1110 1968
1593 1612 2381
2381 1593 1612
1612 1593 2381
334 2073 2498
2498 334 2073
2073 334 2498
1279 1238 1892
1892 1238 1279
1238 1279 1892
638 357 2977
2977 357 638
357 638 2977
2949 933 1938
1938 933 2949
933 1938 2949
1339 2887 2983
2983 1339 2887
2887 1339 2983
1805 1667 2980
2980 1667 1805
1667 1805 2980
80 1434 2703
1434 80 2703
2703 80 1434
568 2428 2462
2428 568 2462
2462 568 2428
644 1587 1947
1587 644 1947
1947 644 1587
10 801 1203
801 10 1203
1203 10 801
2712 2283 2659
2659 2283 2712
2283 2659 2712
2528 877 1953
877 1953 2528
1953 877 2528
1629 1220 1797
1797 1220 1629
1220 1629 1797
895 1977 2007
1977 895 2007
2007 895 1977
2837 544 1573
544 1573 2837
1573 544 2837
2872 915 1082
1082 915 2872
915 1082 2872
1280 1780 2133
2133 1280 1780
1780 1280 2133
1732 1572 2333
2333 1572 1732
1572 1732 2333
2178 594 842
594 842 2178
842 594 2178
1615 396 1863
1863 396 1615
396 1615 1863
2525 252 2198
2198 252 2525
252 2198 2525
175 2019 2994
2019 175 2994
2994 175 2019
1102 1104 2209
1104 1102 2209
2209 1102 1104
1352 2730 2918
2918 1352 2730
2730 1352 2918
2235 1488 2910
1488 2235 2910
2910 1488 2235
2413 141 173
141 173 2413
173 141 2413
1559 472 1700
1700 472 1559
472 1559 1700
415 145 2074
145 415 2074
2074 145 415
2915 2228 2326
2228 2326 2915
2326 2228 2915
155 735 2722
2722 155 735
735 155 2722
1816 1570 1637
1637 1570 1816
1570 1637 1816
675 1217 2475
2475 675 1217
1217 675 2475
2624 199 1778
1778 199 2624
199 1778 2624
1540 215 2574
2574 215 1540
215 1540 2574
1729 672 2029
2029 672 1729
672 1729 2029
1164 1723 2899
1723 1164 2899
2899 1164 1723
47 604 2328
604 47 2328
2328 47 604
1746 176 986
986 176 1746
176 986 1746
2049 741 840
840 741 2049
741 840 2049
1090 89 1678
89 1090 1678
1678 89 1090
1301 2772 2946
2946 1301 2772
2772 1301 2946
2587 2006 2035
2006 2035 2587
2035 2006 2587
882 310 1785
310 882 1785
1785 310 882
1740 256 1867
256 1740 1867
1867 256 1740
2189 2347 2495
2347 2189 2495
2495 2189 2347
2355 481 2025
2025 481 2355
481 2025 2355
303 566 2386
566 303 2386
2386 303 566
2430 86 2832
86 2430 2832
2832 86 2430
379 1951 2937
1951 379 2937
2937 379 1951
1582 1375 1576
1375 1576 1582
1576 1375 1582
326 913 1294
913 326 1294
1294 326 913
2932 1902 2287
2287 1902 2932
1902 2287 2932
1958 1788 2021
1788 1958 2021
2021 1788 1958
2208 1818 2195
2195 1818 2208
1818 2195 2208
470 1178 2735
1178 470 2735
2735 470 1178
1285 724 2433
724 1285 2433
2433 724 1285
2842 1331 2667
1331 2667 2842
2667 1331 2842
2036 2285 2959
2959 2036 2285
2285 2036 2959
514 344 1940
1940 344 514
344 514 1940
1756 2047 2877
2877 1756 2047
2047 1756 2877
2017 711 1613
711 1613 2017
1613 711 2017
266 17 2793
2793 17 266
17 266 2793
1415 848 1553
848 1415 1553
1553 848 1415
2925 1831 2066
2066 1831 2925
1831 2066 2925
2751 1405 2906
2906 1405 2751
1405 2751 2906
1864 1558 1606
1606 1558 1864
1558 1606 1864
2155 1230 1981
