148 76 284
76 148 284
284 76 148
206 31 300
300 31 206
31 206 300
161 131 282
282 131 161
131 161 282
213 86 89
86 89 213
89 86 213
154 22 277
22 154 277
277 22 154
164 6 77
6 77 164
77 6 164
18 57 116
57 18 116
116 18 57
229 170 267
170 229 267
267 170 229
118 71 176
176 71 118
71 118 176
264 8 263
8 263 264
263 8 264
41 42 68
42 41 68
68 41 42
25 125 190
125 25 190
190 25 125
135 11 167
11 135 167
167 11 135
192 201 298
298 192 201
201 192 298
36 56 132
56 36 132
132 36 56
65 39 129
129 39 65
39 65 129
162 189 246
246 162 189
189 162 246
217 106 230
230 106 217
106 217 230
5 103 291
103 5 291
291 5 103
281 109 292
109 281 292
292 109 281
72 227 278
227 72 278
278 72 227
219 13 123
123 13 219
13 123 219
266 185 249
249 185 266
185 249 266
259 168 289
289 168 259
168 259 289
279 9 222
222 9 279
9 222 279
144 96 155
96 144 155
155 96 144
43 10 102
10 43 102
102 10 43
208 209 293
209 208 293
293 208 209
257 28 207
207 28 257
28 207 257
187 97 204
97 187 204
204 97 187
120 182 276
276 120 182
182 120 276
115 67 112
67 112 115
112 67 115
294 66 288
288 66 294
66 288 294
23 145 151
145 23 151
151 23 145
26 218 228
218 26 228
228 26 218
4 29 44
44 4 29
29 4 44
92 58 283
58 92 283
283 58 92
233 159 261
261 159 233
159 233 261
87 244 285
244 87 285
285 87 244
99 214 220
214 99 220
220 99 214
234 128 250
250 128 234
128 234 250
100 139 252
139 100 252
252 100 139
35 20 140
20 35 140
140 20 35
19 107 126
107 19 126
126 19 107
78 32 237
32 78 237
237 32 78
256 46 215
215 46 256
46 215 256
241 33 196
33 196 241
196 33 241
45 184 248
184 45 248
248 45 184
240 12 61
12 61 240
61 12 240
74 82 205
82 74 205
205 74 82
239 169 270
169 239 270
270 169 239
101 152 191
191 101 152
152 101 191
258 69 178
69 178 258
178 69 258
149 238 265
265 149 238
238 149 265
54 119 232
232 54 119
119 54 232
83 146 260
146 83 260
260 83 146
210 88 202
202 88 210
88 202 210
181 173 290
290 173 181
173 181 290
212 34 245
245 34 212
34 212 245
24 94 111
94 24 111
111 24 94
14 30 73
30 14 73
73 14 30
137 193 211
193 137 211
211 137 193
271 15 175
15 175 271
175 15 271
147 163 226
163 147 226
226 147 163
95 47 93
47 93 95
93 47 95
297 37 200
37 200 297
200 37 297
157 80 124
124 80 157
80 124 157
254 104 274
274 104 254
104 254 274
53 60 280
280 53 60
60 53 280
59 7 113
113 7 59
7 59 113
287 1 158
1 158 287
158 1 287
174 90 136
90 136 174
136 90 174
160 156 253
253 156 160
156 160 253
81 85 269
85 81 269
269 81 85
108 186 268
186 108 268
268 108 186
98 198 273
273 98 198
198 98 273
141 130 225
130 141 225
225 130 141
16 165 235
235 16 165
165 16 235
3 143 223
223 3 143
143 3 223
171 49 114
49 114 171
114 49 171
224 105 216
216 105 224
105 216 224
134 272 275
272 134 275
275 134 272
197 84 286
286 84 197
84 197 286
91 51 296
296 51 91
51 91 296
262 242 255
242 255 262
255 242 262
172 64 236
236 64 172
64 172 236
70 79 166
79 70 166
166 70 79
133 117 180
180 117 133
117 133 180
27 194 221
221 27 194
194 27 221
55 110 177
177 55 110
110 55 177
203 138 295
138 203 295
295 138 203
195 21 62
21 62 195
62 21 195
179 48 299
48 179 299
299 48 179
122 63 199
199 63 122
63 122 199
17 188 231
231 17 188
188 17 231
183 38 121
121 38 183
38 121 183
127 40 247
247 40 127
40 127 247
75 52 142
52 75 142
142 52 75
153 2 243
2 153 243
243 2 153
150 50 251
251 50 150
50 150 251
