137 77 201
201 77 137
77 137 201
73 119 232
119 73 232
232 73 119
36 48 250
250 36 48
48 36 250
91 12 258
258 12 91
12 91 258
206 31 262
262 31 206
31 206 262
212 81 83
83 81 212
81 83 212
183 97 105
105 97 183
97 105 183
264 129 161
161 129 264
129 161 264
37 227 234
234 37 227
227 37 234
39 178 292
292 39 178
178 39 292
17 32 270
270 17 32
32 17 270
239 74 78
78 74 239
74 78 239
266 58 177
177 58 266
58 177 266
65 120 214
120 65 214
214 65 120
170 84 284
84 170 284
284 84 170
67 41 145
145 41 67
41 67 145
109 72 259
259 72 109
72 109 259
269 296 297
296 269 297
297 269 296
202 163 285
285 163 202
163 202 285
207 62 185
185 62 207
62 185 207
44 42 111
111 42 44
42 44 111
226 11 135
135 11 226
11 135 226
76 10 43
10 43 76
43 10 76
160 61 282
282 61 160
61 160 282
248 25 268
25 248 268
268 25 248
24 155 218
218 24 155
155 24 218
267 277 289
277 267 289
289 267 277
98 106 121
121 98 106
106 98 121
52 66 151
151 52 66
66 52 151
22 15 204
204 15 22
15 22 204
171 9 20
20 9 171
9 20 171
86 7 103
7 86 103
103 7 86
189 153 158
153 158 189
158 153 189
130 143 278
143 130 278
278 130 143
195 115 156
156 115 195
115 156 195
80 187 283
187 80 283
283 80 187
107 47 271
271 47 107
47 107 271
38 141 147
141 38 147
147 38 141
276 110 265
110 265 276
265 110 276
6 223 275
275 6 223
223 6 275
215 281 290
290 215 281
281 215 290
169 196 238
196 169 238
238 169 196
102 192 200
200 102 192
192 102 200
245 88 244
88 244 245
244 88 245
272 64 75
75 64 272
64 75 272
213 90 118
90 118 213
118 90 213
45 34 165
165 34 45
34 45 165
299 82 242
242 82 299
82 242 299
257 188 193
193 188 257
188 193 257
221 35 89
89 35 221
35 89 221
140 53 209
53 140 209
209 53 140
125 19 117
19 117 125
117 19 125
14 211 228
211 14 228
228 14 211
231 51 142
51 142 231
142 51 231
94 1 123
1 94 123
123 1 94
186 104 133
104 133 186
133 104 186
69 4 173
173 4 69
4 69 173
167 122 241
241 122 167
122 167 241
18 219 254
219 18 254
254 18 219
224 176 190
176 190 224
190 176 224
203 33 288
288 33 203
33 203 288
68 93 225
225 68 93
93 68 225
255 87 243
87 243 255
243 87 255
113 92 263
92 113 263
263 92 113
294 23 100
100 23 294
23 100 294
63 157 230
157 63 230
230 63 157
260 46 179
46 179 260
179 46 260
126 146 273
273 126 146
146 126 273
205 27 236
27 205 236
236 27 205
96 13 216
13 96 216
216 13 96
194 144 291
144 194 291
291 144 194
71 30 154
30 71 154
154 30 71
280 208 229
208 229 280
229 208 280
112 5 298
298 5 112
5 112 298
152 174 279
174 152 279
279 152 174
300 150 191
191 150 300
150 191 300
168 136 293
293 136 168
136 168 293
246 149 182
149 182 246
182 149 246
54 128 198
198 54 128
128 54 198
70 116 237
237 70 116
116 70 237
199 124 235
235 124 199
124 199 235
172 3 132
3 132 172
132 3 172
138 95 99
99 95 138
95 99 138
164 26 240
26 164 240
240 26 164
256 55 249
55 249 256
249 55 256
220 29 131
131 29 220
29 131 220
175 159 210
159 175 210
210 159 175
286 2 56
56 2 286
2 56 286
101 108 217
217 101 108
108 101 217
8 28 222
28 8 222
222 8 28
162 261 287
261 162 287
287 162 261
180 21 49
21 49 180
49 21 180
85 79 127
79 85 127
127 79 85
181 134 247
247 134 181
134 181 247
16 57 274
274 16 57
57 16 274
166 148 295
295 148 166
148 166 295
253 40 252
40 252 253
252 40 253
184 60 197
197 60 184
60 184 197
251 59 233
233 59 251
59 233 251
139 50 114
50 114 139
114 50 139
