1470 2061 2078
2078 1470 2061
2061 1470 2078
1193 2435 2764
2764 1193 2435
2435 1193 2764
2540 311 713
311 713 2540
713 311 2540
2562 765 2352
765 2352 2562
2352 765 2562
937 468 2297
468 937 2297
2297 468 937
2669 473 954
473 954 2669
954 473 2669
1549 2598 2746
2598 1549 2746
2746 1549 2598
799 1124 1838
1124 799 1838
1838 799 1124
59 2199 2265
2265 59 2199
2199 59 2265
709 75 2459
75 709 2459
2459 75 709
2715 1525 2809
1525 2715 2809
2809 1525 2715
2622 2596 2700
2596 2622 2700
2700 2596 2622
982 667 827
667 827 982
827 667 982
61 933 1595
933 61 1595
1595 61 933
616 260 2786
260 616 2786
2786 260 616
2645 2557 2892
2892 2557 2645
2557 2645 2892
1233 759 2900
2900 759 1233
759 1233 2900
358 414 1641
414 358 1641
1641 358 414
123 272 1427
272 123 1427
1427 123 272
76 7 2288
7 76 2288
2288 7 76
1188 320 1347
320 1188 1347
1347 320 1188
321 718 2830
2830 321 718
718 321 2830
1008 1686 1839
1686 1008 1839
1839 1008 1686
1927 1809 1855
1809 1855 1927
1855 1809 1927
1043 2182 2261
2261 1043 2182
2182 1043 2261
2153 1011 1957
1011 1957 2153
1957 1011 2153
2206 16 764
764 16 2206
16 764 2206
2450 994 2444
994 2444 2450
2444 994 2450
2188 1240 1594
1240 1594 2188
1594 1240 2188
1994 730 926
730 926 1994
926 730 1994
2192 280 1680
280 1680 2192
1680 280 2192
255 788 2149
2149 255 788
788 255 2149
495 1146 1154
1154 495 1146
1146 495 1154
957 282 1577
1577 282 957
282 957 1577
889 269 2754
269 889 2754
2754 269 889
199 741 1990
741 199 1990
1990 199 741
1752 636 1060
636 1060 1752
1060 636 1752
541 857 2963
2963 541 857
857 541 2963
572 2043 2333
2043 572 2333
2333 572 2043
225 969 2161
2161 225 969
969 225 2161
2448 193 390
390 193 2448
193 390 2448
526 1341 1636
1636 526 1341
1341 526 1636
1764 1123 1280
1123 1280 1764
1280 1123 1764
1649 1232 1699
1699 1232 1649
1232 1649 1699
2696 1209 1773
1773 1209 2696
1209 1773 2696
543 779 1770
1770 543 779
779 543 1770
2242 1343 2952
2952 1343 2242
1343 2242 2952
15 1378 1851
1851 15 1378
1378 15 1851
2571 345 1482
1482 345 2571
345 1482 2571
2880 1054 2931
1054 2880 2931
2931 1054 2880
943 29 1946
1946 29 943
29 943 1946
426 361 1220
361 426 1220
1220 361 426
2207 2214 2832
2832 2207 2214
2214 2207 2832
2272 1175 1945
1945 1175 2272
1175 1945 2272
1993 1828 2164
1828 1993 2164
2164 1828 1993
2839 1237 2356
2356 1237 2839
1237 2356 2839
514 619 2897
2897 514 619
619 514 2897
539 907 1665
1665 539 907
907 539 1665
536 42 325
325 42 536
42 325 536
1614 2666 2953
2953 1614 2666
2666 1614 2953
2093 2034 2627
2034 2093 2627
2627 2034 2093
1238 1413 2422
1413 1238 2422
2422 1238 1413
2403 126 2386
126 2386 2403
2386 126 2403
602 1642 2770
1642 602 2770
2770 602 1642
1517 52 970
52 970 1517
970 52 1517
183 1367 2277
2277 183 1367
1367 183 2277
2585 134 2083
134 2083 2585
2083 134 2585
28 583 1583
583 28 1583
1583 28 583
1823 1465 2605
2605 1465 1823
1465 1823 2605
1632 146 2896
146 1632 2896
2896 146 1632
2577 1584 2200
2200 1584 2577
1584 2200 2577
1252 1338 1879
1879 1252 1338
1338 1252 1879
1700 1371 2933
2933 1371 1700
1371 1700 2933
1929 1132 1630
1630 1132 1929
1132 1630 1929
2264 12 263
12 263 2264
263 12 2264
2462 1153 2232
2232 1153 2462
1153 2232 2462
1199 525 1053
1053 525 1199
525 1053 1199
455 450 2910
450 455 2910
2910 450 455
1555 1383 2902
1383 1555 2902
2902 1383 1555
1721 1464 1821
1821 1464 1721
1464 1721 1821
391 1420 2762
2762 391 1420
1420 391 2762
2077 1887 2347
1887 2077 2347
2347 1887 2077
1239 2314 2925
2314 1239 2925
2925 1239 2314
2857 629 1648
629 1648 2857
1648 629 2857
2530 1267 1434
1267 1434 2530
1434 1267 2530
79 654 859
654 79 859
859 79 654
733 2217 2518
2518 733 2217
2217 733 2518
577 2556 2737
2556 577 2737
2737 577 2556
2822 1298 2932
2932 1298 2822
1298 2822 2932
873 2439 2814
2814 873 2439
2439 873 2814
2842 375 1795
1795 375 2842
375 1795 2842
350 224 2120
224 350 2120
2120 224 350
2443 249 2181
2181 249 2443
249 2181 2443
2544 598 758
598 758 2544
758 598 2544
499 2301 2513
2301 499 2513
2513 499 2301
1547 1405 2956
1405 1547 2956
2956 1405 1547
425 2486 2641
2486 425 2641
2641 425 2486
1035 2549 2648
2648 1035 2549
2549 1035 2648
2339 1162 1601
1162 1601 2339
1601 1162 2339
51 1278 2969
2969 51 1278
1278 51 2969
427 92 715
92 427 715
715 92 427
1907 356 2014
356 1907 2014
2014 356 1907
518 1163 2838
1163 518 2838
2838 518 1163
1061 235 2084
235 1061 2084
2084 235 1061
1206 1358 2204
2204 1206 1358
1358 1206 2204
864 253 1970
253 864 1970
1970 253 864
1735 1390 1532
1390 1532 1735
1532 1390 1735
1524 846 2889
846 1524 2889
2889 846 1524
1640 1235 2720
1235 1640 2720
2720 1235 1640
254 662 702
702 254 662
662 254 702
484 201 2302
201 484 2302
2302 201 484
318 471 1845
471 318 1845
1845 318 471
1024 529 1928
529 1024 1928
1928 529 1024
200 634 1370
634 200 1370
1370 200 634
2366 1023 1129
1023 1129 2366
1129 1023 2366
434 521 843
843 434 521
521 434 843
1491 588 2507
2507 588 1491
588 1491 2507
368 784 2140
2140 368 784
784 368 2140
854 1207 2197
1207 854 2197
2197 854 1207
2807 737 1829
1829 737 2807
737 1829 2807
1449 2193 2428
2193 1449 2428
2428 1449 2193
533 2062 2885
2885 533 2062
2062 533 2885
842 1646 2678
2678 842 1646
1646 842 2678
428 790 2463
2463 428 790
790 428 2463
2570 1780 1831
1780 1831 2570
1831 1780 2570
353 593 2739
2739 353 593
593 353 2739
2756 1485 2655
2655 1485 2756
1485 2655 2756
1376 2024 2721
2721 1376 2024
2024 1376 2721
1261 1664 1811
1664 1261 1811
1811 1261 1664
164 742 1466
1466 164 742
742 164 1466
1662 1180 2240
2240 1180 1662
1180 1662 2240
2728 158 777
158 777 2728
777 158 2728
2020 1382 1909
1382 1909 2020
1909 1382 2020
1190 1306 1801
1306 1190 1801
1801 1190 1306
2275 1424 2722
2722 1424 2275
1424 2275 2722
527 2606 2620
2606 527 2620
2620 527 2606
179 379 1091
1091 179 379
379 179 1091
1182 295 1409
295 1182 1409
1409 295 1182
327 1570 2582
2582 327 1570
1570 327 2582
364 205 1393
205 364 1393
1393 205 364
877 2458 2847
2458 877 2847
2847 877 2458
2190 1677 2939
2939 1677 2190
1677 2190 2939
2286 1987 2472
2472 1987 2286
1987 2286 2472
649 566 2877
2877 566 649
566 649 2877
2999 274 2290
2290 274 2999
274 2290 2999
924 965 1488
1488 924 965
965 924 1488
922 939 2815
939 922 2815
2815 922 939
1431 458 2875
2875 458 1431
458 1431 2875
351 1357 2942
2942 351 1357
1357 351 2942
506 302 1041
1041 302 506
302 506 1041
1543 138 2355
2355 138 1543
138 1543 2355
1579 971 1246
971 1246 1579
1246 971 1579
1212 3 447
3 447 1212
447 3 1212
2263 1247 1365
1247 1365 2263
1365 1247 2263
1447 2400 2616
2616 1447 2400
2400 1447 2616
1864 449 716
449 716 1864
716 449 1864
172 334 2632
2632 172 334
334 172 2632
2357 1045 1673
1045 1673 2357
1673 1045 2357
315 887 2317
2317 315 887
887 315 2317
1448 825 2103
825 1448 2103
2103 825 1448
2144 813 2867
2867 813 2144
813 2144 2867
1544 411 1511
411 1511 1544
1511 411 1544
1097 824 1359
824 1097 1359
1359 824 1097
2918 949 1656
949 1656 2918
1656 949 2918
661 2568 2968
2568 661 2968
2968 661 2568
2234 1066 1825
1066 1825 2234
1825 1066 2234
2907 107 1171
1171 107 2907
107 1171 2907
2353 1015 2426
1015 2353 2426
2426 1015 2353
2291 2055 2106
2055 2106 2291
2106 2055 2291
1401 268 1578
1578 268 1401
268 1401 1578
2371 454 828
828 454 2371
454 828 2371
851 336 459
459 336 851
336 459 851
40 387 639
639 40 387
387 40 639
1846 1725 1979
1725 1846 1979
1979 1725 1846
540 554 2057
554 540 2057
2057 540 554
1135 811 1736
811 1135 1736
1736 811 1135
402 144 2531
2531 144 402
144 402 2531
1789 1422 1895
1895 1422 1789
1422 1789 1895
2045 478 966
478 966 2045
966 478 2045
38 1268 1727
1268 38 1727
1727 38 1268
623 33 1920
33 623 1920
1920 33 623
1974 880 2893
2893 880 1974
880 1974 2893
419 628 2031
628 419 2031
2031 419 628
1102 1373 2791
2791 1102 1373
1373 1102 2791
2365 1157 1885
1157 1885 2365
1885 1157 2365
1414 148 1955
1955 148 1414
148 1414 1955
2390 395 1891
1891 395 2390
395 1891 2390
2597 460 578
578 460 2597
460 578 2597
1001 692 2039
2039 692 1001
692 1001 2039
1923 868 1416
1416 868 1923
868 1416 1923
544 883 1148
1148 544 883
883 544 1148
1329 24 1281
1281 24 1329
24 1281 1329
333 167 2491
2491 167 333
167 333 2491
1981 1510 1842
1510 1842 1981
1842 1510 1981
1698 1266 2612
2612 1266 1698
1266 1698 2612
1117 906 1108
1108 906 1117
906 1108 1117
1069 1768 2470
2470 1069 1768
1768 1069 2470
2146 21 2126
21 2126 2146
2126 21 2146
612 2654 2846
2846 612 2654
2654 612 2846
470 1296 1624
1296 470 1624
1624 470 1296
2690 326 1049
326 1049 2690
1049 326 2690
547 2079 2205
2205 547 2079
2079 547 2205
1962 1328 2935
1328 1962 2935
2935 1328 1962
2951 727 1593
727 1593 2951
1593 727 2951
2007 1489 1756
1756 1489 2007
1489 1756 2007
2360 35 2852
2852 35 2360
35 2360 2852
557 1463 2348
1463 557 2348
2348 557 1463
1034 14 129
14 129 1034
129 14 1034
423 1078 1342
1078 423 1342
1342 423 1078
2006 565 2755
2755 565 2006
565 2006 2755
435 832 2799
832 435 2799
2799 435 832
1576 995 1311
995 1311 1576
1311 995 1576
1187 1074 2230
2230 1074 1187
1074 1187 2230
1352 161 2090
161 1352 2090
2090 161 1352
1313 141 1943
1943 141 1313
141 1313 1943
2429 1844 1984
1844 1984 2429
1984 1844 2429
1080 1113 2343
2343 1080 1113
1113 1080 2343
1028 74 110
74 110 1028
110 74 1028
2224 1213 2160
1213 2160 2224
2160 1213 2224
2307 465 1503
465 1503 2307
1503 465 2307
2589 1459 1705
1705 1459 2589
1459 1705 2589
2788 1 1786
1 1786 2788
1786 1 2788
520 1030 2238
2238 520 1030
1030 520 2238
700 762 1244
762 700 1244
1244 700 762
1183 1745 1862
1745 1183 1862
1862 1183 1745
2703 1310 2163
1310 2163 2703
2163 1310 2703
1241 206 801
801 206 1241
206 801 1241
2326 732 2009
732 2009 2326
2009 732 2326
105 347 1569
1569 105 347
347 105 1569
1479 691 2194
691 1479 2194
2194 691 1479
19 488 1005
1005 19 488
488 19 1005
1707 187 586
187 586 1707
586 187 1707
2344 313 1835
1835 313 2344
313 1835 2344
1777 2661 2781
2781 1777 2661
2661 1777 2781
2245 1635 2032
1635 2032 2245
2032 1635 2245
1221 142 1730
142 1221 1730
1730 142 1221
1523 95 822
822 95 1523
95 822 1523
1410 1029 1071
1071 1029 1410
1029 1071 1410
443 746 1172
1172 443 746
746 443 1172
2456 1709 2460
1709 2456 2460
2460 1709 2456
2734 2208 2944
2944 2208 2734
2208 2734 2944
2221 1788 2178
1788 2178 2221
2178 1788 2221
1092 2849 2905
2849 1092 2905
2905 1092 2849
96 1762 2653
2653 96 1762
1762 96 2653
339 671 2680
671 339 2680
2680 339 671
1067 474 2293
2293 474 1067
474 1067 2293
717 723 1769
1769 717 723
723 717 1769
359 1249 2351
2351 359 1249
1249 359 2351
2143 952 2044
952 2044 2143
2044 952 2143
2166 1500 2760
2760 1500 2166
1500 2166 2760
670 1095 2070
2070 670 1095
1095 670 2070
739 863 2250
863 739 2250
2250 739 863
2503 1282 1348
1282 1348 2503
1348 1282 2503
297 1894 2816
2816 297 1894
1894 297 2816
515 2872 2929
2929 515 2872
2872 515 2929
125 1273 1812
1273 125 1812
1812 125 1273
1966 86 2677
86 1966 2677
2677 86 1966
607 149 2884
149 607 2884
2884 149 607
1140 928 1678
1678 928 1140
928 1140 1678
693 257 2130
2130 257 693
257 693 2130
2046 1693 1886
1693 1886 2046
1886 1693 2046
1723 1732 2171
1732 1723 2171
2171 1723 1732
2808 1685 2499
2499 1685 2808
1685 2499 2808
597 1169 2167
1169 597 2167
2167 597 1169
1573 244 2049
2049 244 1573
244 1573 2049
2058 180 2806
180 2058 2806
2806 180 2058
1925 1696 2393
1696 1925 2393
2393 1696 1925
1116 534 768
768 534 1116
534 768 1116
1774 908 1009
1009 908 1774
908 1009 1774
1841 945 2773
945 1841 2773
2773 945 1841
694 1580 2072
1580 694 2072
2072 694 1580
1477 1353 1426
1426 1353 1477
1353 1426 1477
2714 1867 2926
1867 2714 2926
2926 1867 2714
2168 1817 2342
2342 1817 2168
1817 2168 2342
1728 232 2642
2642 232 1728
232 1728 2642
2945 2796 2891
2891 2796 2945
2796 2891 2945
581 2125 2257
2125 581 2257
2257 581 2125
2176 2050 2086
2050 2086 2176
2086 2050 2176
2887 448 767
767 448 2887
448 767 2887
2131 674 975
975 674 2131
674 975 2131
46 1792 2881
2881 46 1792
1792 46 2881
1076 246 2445
2445 246 1076
246 1076 2445
2183 159 2758
159 2183 2758
2758 159 2183
2338 1548 2941
1548 2338 2941
2941 1548 2338
2676 981 2909
2909 981 2676
981 2676 2909
1669 23 83
83 23 1669
23 83 1669
1585 1441 2894
2894 1441 1585
1441 1585 2894
517 383 761
383 517 761
761 383 517
919 338 1269
1269 338 919
338 919 1269
228 291 2775
2775 228 291
291 228 2775
2511 675 2479
675 2479 2511
2479 675 2511
751 1639 2623
1639 751 2623
2623 751 1639
214 2432 2943
2432 214 2943
2943 214 2432
286 1198 1611
1198 286 1611
1611 286 1198
2247 169 806
806 169 2247
169 806 2247
119 380 1625
380 119 1625
1625 119 380
2465 1600 1942
1942 1600 2465
1600 1942 2465
940 1567 2488
1567 940 2488
2488 940 1567
951 1073 2219
1073 951 2219
2219 951 1073
1225 753 2779
753 1225 2779
2779 753 1225
287 208 1336
208 287 1336
1336 208 287
1315 888 1262
1262 888 1315
888 1262 1315
2550 100 1436
100 1436 2550
1436 100 2550
1998 486 2485
486 1998 2485
2485 486 1998
2810 1574 2026
2026 1574 2810
1574 2026 2810
769 192 2946
192 769 2946
2946 192 769
2731 763 1019
763 1019 2731
1019 763 2731
372 831 1926
1926 372 831
831 372 1926
248 925 2825
2825 248 925
925 248 2825
1314 258 462
462 258 1314
258 462 1314
310 729 1395
729 310 1395
1395 310 729
2111 413 491
491 413 2111
413 491 2111
948 289 1794
1794 289 948
289 948 1794
834 1450 2989
1450 834 2989
2989 834 1450
1815 1539 2174
2174 1539 1815
1539 1815 2174
2412 1905 2092
1905 2092 2412
2092 1905 2412
2940 2521 2679
2679 2521 2940
2521 2679 2940
2287 168 2119
168 2119 2287
2119 168 2287
70 328 2209
2209 70 328
328 70 2209
1652 259 545
545 259 1652
259 545 1652
1683 281 2260
2260 281 1683
281 1683 2260
2320 1598 2322
2322 1598 2320
1598 2320 2322
2527 162 2812
2812 162 2527
162 2527 2812
1633 217 401
217 401 1633
401 217 1633
2776 215 2196
215 2196 2776
2196 215 2776
475 706 1077
1077 475 706
706 475 1077
1805 1784 2691
2691 1784 1805
1784 1805 2691
1025 1992 2129
1992 1025 2129
2129 1025 1992
617 160 1435
1435 160 617
160 617 1435
523 1661 2496
1661 523 2496
2496 523 1661
916 511 2517
2517 511 916
511 916 2517
1748 1497 2436
2436 1497 1748
1497 1748 2436
1667 250 1432
1432 250 1667
250 1432 1667
2497 932 1483
932 1483 2497
1483 932 2497
481 1498 2553
2553 481 1498
1498 481 2553
950 307 624
307 624 950
624 307 950
884 946 2328
946 884 2328
2328 884 946
1003 2361 2805
2361 1003 2805
2805 1003 2361
931 2215 2358
2215 931 2358
2358 931 2215
2104 1689 2694
1689 2104 2694
2694 1689 2104
605 173 2717
173 605 2717
2717 173 605
1039 1456 1824
1456 1039 1824
1824 1039 1456
501 1283 1933
1933 501 1283
1283 501 1933
1971 555 844
555 844 1971
844 555 1971
2064 1387 2630
1387 2064 2630
2630 1387 2064
2016 1000 2793
1000 2016 2793
2793 1000 2016
2202 22 2624
2624 22 2202
22 2202 2624
1055 627 858
858 627 1055
627 858 1055
376 1386 2870
1386 376 2870
2870 376 1386
1892 1333 1566
1333 1566 1892
1566 1333 1892
2750 590 1356
590 1356 2750
1356 590 2750
942 885 2349
2349 885 942
885 942 2349
1263 230 2743
230 1263 2743
2743 230 1263
1666 1031 1722
1722 1031 1666
1031 1666 1722
816 136 920
920 136 816
136 816 920
1501 1085 2659
1085 1501 2659
2659 1085 1501
934 740 1859
1859 740 934
740 934 1859
406 657 1445
1445 406 657
657 406 1445
568 234 1440
1440 234 568
234 568 1440
2984 641 1202
1202 641 2984
641 1202 2984
212 2279 2780
2780 212 2279
2279 212 2780
1591 1429 2185
2185 1429 1591
1429 1591 2185
985 507 1602
507 985 1602
1602 507 985
39 2258 2523
2258 39 2523
2523 39 2258
226 866 2138
2138 226 866
866 226 2138
400 485 551
485 400 551
551 400 485
2252 1258 2311
1258 2252 2311
2311 1258 2252
2871 1849 1898
1898 1849 2871
1849 1898 2871
2495 218 1558
1558 218 2495
218 1558 2495
2148 1972 2702
1972 2148 2702
2702 1972 2148
930 420 1967
1967 420 930
420 930 1967
2898 78 1215
78 1215 2898
1215 78 2898
210 63 2724
63 210 2724
2724 63 210
503 2417 2629
2629 503 2417
2417 503 2629
2646 2100 2879
2100 2646 2879
2879 2100 2646
1286 1362 2369
1362 1286 2369
2369 1286 1362
1999 1218 1219
1219 1218 1999
1218 1219 1999
1959 301 2611
301 1959 2611
2611 301 1959
2376 1040 1093
1040 1093 2376
1093 1040 2376
2431 467 1924
1924 467 2431
467 1924 2431
591 1475 2970
2970 591 1475
1475 591 2970
2038 2267 2324
2267 2038 2324
2324 2038 2267
346 780 808
780 346 808
808 346 780
643 1731 1820
1820 643 1731
1731 643 1820
1968 1260 2600
2600 1260 1968
1260 1968 2600
45 170 1125
170 45 1125
1125 45 170
2226 500 2790
2790 500 2226
500 2226 2790
296 750 1364
1364 296 750
750 296 1364
1739 174 1658
174 1658 1739
1658 174 1739
860 1836 2004
2004 860 1836
1836 860 2004
690 113 1118
1118 113 690
113 690 1118
2157 1112 2866
1112 2157 2866
2866 1112 2157
354 240 2396
2396 240 354
240 354 2396
2980 1349 2602
2602 1349 2980
1349 2602 2980
646 489 2002
2002 489 646
489 646 2002
1765 738 2239
738 1765 2239
2239 738 1765
1189 2067 2142
2067 1189 2142
2142 1189 2067
1880 701 1733
1733 701 1880
701 1733 1880
1605 445 1292
445 1292 1605
1292 445 1605
921 1149 1676
1149 921 1676
1676 921 1149
6 237 658
237 6 658
658 6 237
2751 344 664
344 664 2751
664 344 2751
1645 987 2983
2983 987 1645
987 1645 2983
190 394 1681
394 190 1681
1681 190 394
2593 299 1776
1776 299 2593
299 1776 2593
2012 872 1012
1012 872 2012
872 1012 2012
127 1701 2572
1701 127 2572
2572 127 1701
2824 795 804
795 804 2824
804 795 2824
2949 625 2698
2698 625 2949
625 2698 2949
453 614 2992
2992 453 614
614 453 2992
131 1618 1995
1995 131 1618
1618 131 1995
600 559 1168
1168 559 600
559 600 1168
2484 1186 2901
2901 1186 2484
1186 2484 2901
1013 382 1351
1351 382 1013
382 1013 1351
1596 1287 2052
2052 1287 1596
1287 1596 2052
1588 270 1265
1265 270 1588
270 1265 1588
1408 900 1718
1718 900 1408
900 1408 1718
2555 1513 1743
1743 1513 2555
1513 1743 2555
2382 154 648
154 648 2382
648 154 2382
1096 2030 2575
2030 1096 2575
2575 1096 2030
2765 219 1542
219 1542 2765
1542 219 2765
1340 1121 2175
2175 1121 1340
1121 1340 2175
2269 1508 2965
1508 2269 2965
2965 1508 2269
778 1530 2438
1530 778 2438
2438 778 1530
963 1522 1976
1522 963 1976
1976 963 1522
1644 1159 1690
1690 1159 1644
1159 1644 1690
109 711 2494
2494 109 711
711 109 2494
1884 106 1563
1563 106 1884
106 1563 1884
1144 519 2828
2828 519 1144
519 1144 2828
1978 1803 2774
1803 1978 2774
2774 1803 1978
1403 665 2101
665 1403 2101
2101 665 1403
2414 637 1741
1741 637 2414
637 1741 2414
2509 771 2982
771 2509 2982
2982 771 2509
403 137 1257
137 403 1257
1257 137 403
1983 748 1255
1255 748 1983
748 1255 1983
1589 640 1082
1082 640 1589
640 1082 1589
2001 1208 2109
1208 2001 2109
2109 1208 2001
2304 1312 2122
1312 2122 2304
2122 1312 2304
2117 550 781
550 781 2117
781 550 2117
2152 893 1712
893 1712 2152
1712 893 2152
56 611 2028
611 56 2028
2028 56 611
2923 1033 1917
1917 1033 2923
1033 1917 2923
84 1827 2744
1827 84 2744
2744 84 1827
2198 984 1345
1345 984 2198
984 1345 2198
587 371 479
479 371 587
371 479 587
1290 104 833
104 833 1290
833 104 1290
535 794 2740
794 535 2740
2740 535 794
1020 122 2865
122 1020 2865
2865 122 1020
1288 2278 2818
2278 1288 2818
2818 1288 2278
11 304 1472
304 11 1472
1472 11 304
2241 1822 2710
2710 1822 2241
1822 2241 2710
1989 677 1002
1002 677 1989
677 1002 1989
2998 731 1291
731 1291 2998
1291 731 2998
229 442 1949
442 229 1949
1949 229 442
1018 1057 2617
2617 1018 1057
1057 1018 2617
563 47 1814
1814 47 563
47 563 1814
2882 121 1275
121 1275 2882
1275 121 2882
1127 277 1634
1634 277 1127
277 1127 1634
1871 1913 2921
2921 1871 1913
1913 1871 2921
2410 2325 2736
2736 2325 2410
2325 2410 2736
1672 348 1553
348 1553 1672
1553 348 1672
2573 251 1194
1194 251 2573
251 1194 2573
241 209 2845
209 241 2845
2845 209 241
2404 393 983
983 393 2404
393 983 2404
1130 2227 2855
2855 1130 2227
2227 1130 2855
2782 2688 2843
2688 2782 2843
2843 2688 2782
2997 585 2683
585 2683 2997
2683 585 2997
914 397 2425
397 914 2425
2425 397 914
2 2633 2985
2985 2 2633
2633 2 2985
1650 30 1253
30 1253 1650
1253 30 1650
155 363 1734
363 155 1734
1734 155 363
915 466 2246
2246 466 915
466 915 2246
2068 429 1552
1552 429 2068
429 1552 2068
50 537 1938
537 50 1938
1938 50 537
1324 10 760
760 10 1324
10 760 1324
176 469 2522
2522 176 469
469 176 2522
2768 1608 2477
1608 2477 2768
2477 1608 2768
814 2514 2915
2915 814 2514
2514 814 2915
902 73 663
663 73 902
73 663 902
312 2988 2994
2988 312 2994
2994 312 2988
2551 642 2336
642 2336 2551
2336 642 2551
2003 1087 2105
2105 1087 2003
1087 2003 2105
1954 2554 2664
2554 1954 2664
2664 1954 2554
58 1251 1980
1251 58 1980
1980 58 1251
2255 571 714
714 571 2255
571 714 2255
2802 1506 1675
1506 1675 2802
1675 1506 2802
2759 1451 1964
1964 1451 2759
1451 1964 2759
958 2133 2836
2836 958 2133
2133 958 2836
1368 941 1499
941 1368 1499
1499 941 1368
2663 1256 1781
1256 1781 2663
1781 1256 2663
2950 464 2848
2848 464 2950
464 2848 2950
1300 492 2732
2732 492 1300
492 1300 2732
2615 1988 2862
1988 2615 2862
2862 1988 2615
2467 2367 2873
2873 2367 2467
2367 2467 2873
631 451 508
451 508 631
508 451 631
835 26 1214
26 835 1214
1214 26 835
2229 582 1332
1332 582 2229
582 1332 2229
185 1747 2614
1747 185 2614
2614 185 1747
528 579 829
579 528 829
829 528 579
2008 207 1738
1738 207 2008
207 1738 2008
112 405 1350
405 112 1350
1350 112 405
712 194 1691
194 712 1691
1691 194 712
938 114 2539
114 938 2539
2539 114 938
1717 561 659
659 561 1717
561 659 1717
2534 1613 1659
1613 1659 2534
1659 1613 2534
227 64 708
64 227 708
708 64 227
1444 1505 2673
2673 1444 1505
1505 1444 2673
1655 1571 2228
1571 1655 2228
2228 1571 1655
1931 1150 2607
1150 1931 2607
2607 1150 1931
2085 684 1587
684 1587 2085
1587 684 2085
2705 1107 1293
1293 1107 2705
1107 1293 2705
2505 1557 2056
1557 2056 2505
2056 1557 2505
2087 1419 2525
1419 2087 2525
2525 1419 2087
2017 294 2640
294 2017 2640
2640 294 2017
2922 626 2323
2323 626 2922
626 2323 2922
2498 890 2692
890 2498 2692
2692 890 2498
1819 2310 2586
2310 1819 2586
2586 1819 2310
1165 1305 2216
1305 1165 2216
2216 1165 1305
1915 1094 2223
2223 1094 1915
1094 1915 2223
1133 288 2947
2947 288 1133
288 1133 2947
1597 840 2524
2524 840 1597
840 1597 2524
1758 807 2538
2538 807 1758
807 1758 2538
2971 705 2483
705 2483 2971
2483 705 2971
830 329 911
329 830 911
911 329 830
1906 679 1703
1703 679 1906
679 1703 1906
797 1152 1890
1152 797 1890
1890 797 1152
2268 1899 2378
2378 1899 2268
1899 2268 2378
1415 120 1070
1070 120 1415
120 1070 1415
1294 216 1749
1749 216 1294
216 1294 1749
2701 744 2362
2362 744 2701
744 2362 2701
1581 290 805
805 290 1581
290 805 1581
2911 303 2636
2636 303 2911
303 2636 2911
2548 197 2379
197 2379 2548
2379 197 2548
2025 2730 2868
2868 2025 2730
2730 2025 2868
2973 72 1921
72 1921 2973
1921 72 2973
1155 309 386
386 309 1155
309 386 1155
1147 1986 2574
1986 1147 2574
2574 1147 1986
2321 1289 1692
1289 1692 2321
1692 1289 2321
1514 2099 2835
2835 1514 2099
2099 1514 2835
2837 1143 2798
1143 2798 2837
2798 1143 2837
2296 894 1230
1230 894 2296
894 1230 2296
389 604 2256
604 389 2256
2256 389 604
1105 724 935
724 935 1105
935 724 1105
1245 856 1564
1564 856 1245
856 1245 1564
1893 973 2657
973 1893 2657
2657 973 1893
1428 1468 2471
2471 1428 1468
1468 1428 2471
2253 245 818
245 818 2253
818 245 2253
2300 178 774
774 178 2300
178 774 2300
847 2474 2912
2474 847 2912
2912 847 2474
2591 93 2749
93 2591 2749
2749 93 2591
446 839 2767
2767 446 839
839 446 2767
2543 1516 1874
1516 1874 2543
1874 1516 2543
2415 726 1006
1006 726 2415
726 1006 2415
1674 2015 2475
2015 1674 2475
2475 1674 2015
2581 792 1772
1772 792 2581
792 1772 2581
2402 140 1046
140 1046 2402
1046 140 2402
789 862 2135
2135 789 862
862 789 2135
852 1317 2292
1317 852 2292
2292 852 1317
1934 992 1335
1335 992 1934
992 1335 1934
1877 2187 2285
2187 1877 2285
2285 1877 2187
1854 2011 2173
2173 1854 2011
2011 1854 2173
1051 2305 2604
2604 1051 2305
2305 1051 2604
1961 1439 1575
1575 1439 1961
1439 1575 1961
1224 436 2748
436 1224 2748
2748 436 1224
1760 266 1882
266 1760 1882
1882 266 1760
635 678 1757
678 635 1757
1757 635 678
68 444 2136
444 68 2136
2136 68 444
1437 681 2313
2313 681 1437
681 1437 2313
1467 1818 2916
2916 1467 1818
1818 1467 2916
968 2370 2920
2370 968 2920
2920 968 2370
2510 1471 2493
2493 1471 2510
1471 2493 2510
988 2236 2559
2236 988 2559
2559 988 2236
1609 757 2330
2330 757 1609
757 1609 2330
1545 1771 2397
1771 1545 2397
2397 1545 1771
2054 332 1778
332 1778 2054
1778 332 2054
2686 1494 2303
1494 2303 2686
2303 1494 2686
1799 1120 1309
1120 1309 1799
1309 1120 1799
1843 1354 2599
2599 1354 1843
1354 1843 2599
2864 881 2454
881 2454 2864
2454 881 2864
2128 1056 2960
1056 2128 2960
2960 1056 2128
1372 1560 1888
1560 1372 1888
1888 1372 1560
267 1141 1952
1141 267 1952
1952 267 1141
810 431 1326
1326 431 810
431 810 1326
5 2053 2281
2281 5 2053
2053 5 2281
2670 2071 2420
2071 2420 2670
2420 2071 2670
2958 482 1191
482 1191 2958
1191 482 2958
999 1394 2027
2027 999 1394
1394 999 2027
2500 1307 1960
1960 1307 2500
1307 1960 2500
2074 1303 1492
1492 1303 2074
1303 1492 2074
165 2051 2237
2051 165 2237
2237 165 2051
1535 592 1167
592 1167 1535
1167 592 1535
1930 357 2332
2332 357 1930
357 1930 2332
782 9 1628
1628 9 782
9 782 1628
97 1110 2457
2457 97 1110
1110 97 2457
2903 163 638
638 163 2903
163 638 2903
300 36 1911
1911 36 300
36 300 1911
276 861 2558
2558 276 861
861 276 2558
2638 615 1914
615 1914 2638
1914 615 2638
305 1668 2418
2418 305 1668
1668 305 2418
1619 979 2195
2195 979 1619
979 1619 2195
2778 308 964
308 964 2778
964 308 2778
1145 2364 2844
2844 1145 2364
2364 1145 2844
233 433 2377
433 233 2377
2377 233 433
800 273 2102
2102 273 800
273 800 2102
374 283 2934
283 374 2934
2934 283 374
2372 1443 2212
1443 2212 2372
2212 1443 2372
560 1038 2141
2141 560 1038
1038 560 2141
2266 850 2621
850 2266 2621
2621 850 2266
1606 1231 1782
1782 1231 1606
1231 1606 1782
1647 573 1775
1775 573 1647
573 1647 1775
2201 599 2411
599 2201 2411
2411 599 2201
2716 2075 2380
2075 2380 2716
2380 2075 2716
441 1299 1616
1616 441 1299
1299 441 1616
2718 2927 2957
2957 2718 2927
2927 2718 2957
2821 620 1036
620 1036 2821
1036 620 2821
2114 1941 2162
2162 1941 2114
1941 2114 2162
2118 116 2251
2251 116 2118
116 2118 2251
1270 510 2537
2537 510 1270
510 1270 2537
497 1243 1840
1840 497 1243
1243 497 1840
633 1936 2335
2335 633 1936
1936 633 2335
2995 1196 2967
2967 1196 2995
1196 2967 2995
977 1203 2203
2203 977 1203
1203 977 2203
998 897 1083
897 998 1083
1083 897 998
1729 1389 2800
1389 1729 2800
2800 1389 1729
410 837 1759
1759 410 837
837 410 1759
775 271 672
672 271 775
271 672 775
1766 316 936
316 936 1766
936 316 1766
213 438 2993
438 213 2993
2993 213 438
2391 2452 2569
2452 2391 2569
2569 2391 2452
2671 1948 2243
1948 2243 2671
2243 1948 2671
2155 1612 2785
2785 1612 2155
1612 2155 2785
2315 437 752
752 437 2315
437 752 2315
41 1460 2564
2564 41 1460
1460 41 2564
2010 1090 1285
1090 1285 2010
1285 1090 2010
650 1556 1590
1556 650 1590
1590 650 1556
1800 644 719
644 719 1800
719 644 1800
360 1791 2913
2913 360 1791
1791 360 2913
2634 686 1337
686 1337 2634
1337 686 2634
2066 2697 2792
2697 2066 2792
2792 2066 2697
895 1473 1889
1473 895 1889
1889 895 1473
622 182 1519
1519 182 622
182 622 1519
2619 493 1847
493 1847 2619
1847 493 2619
2861 1446 2331
2331 1446 2861
1446 2331 2861
878 1785 1872
1785 878 1872
1872 878 1785
2088 279 1064
279 1064 2088
1064 279 2088
1242 1227 2626
1227 1242 2626
2626 1227 1242
1399 34 1058
34 1058 1399
1058 34 1399
2041 996 1361
1361 996 2041
996 1361 2041
1937 381 2191
2191 381 1937
381 1937 2191
1529 798 2139
798 1529 2139
2139 798 1529
815 1360 2218
1360 815 2218
2218 815 1360
2863 133 1016
1016 133 2863
133 1016 2863
330 1344 1346
1346 330 1344
1344 330 1346
1478 2618 2693
2693 1478 2618
2618 1478 2693
1953 2388 2826
2388 1953 2826
2826 1953 2388
2254 2097 2107
2097 2107 2254
2107 2097 2254
1327 156 595
595 156 1327
156 595 1327
1210 2761 2972
2972 1210 2761
2761 1210 2972
1496 803 1715
803 1496 1715
1715 803 1496
2437 231 385
385 231 2437
231 385 2437
530 1561 1702
1561 530 1702
1702 530 1561
487 817 2978
2978 487 817
817 487 2978
1813 314 2817
2817 314 1813
314 1813 2817
343 772 1653
1653 343 772
772 343 1653
2667 220 319
220 319 2667
319 220 2667
2308 549 909
549 909 2308
909 549 2308
17 195 1763
1763 17 195
195 17 1763
2150 1457 2948
2948 1457 2150
1457 2150 2948
2651 2674 2860
2674 2651 2860
2860 2651 2674
463 362 1276
1276 362 463
362 463 1276
1481 1369 2763
1369 1481 2763
2763 1369 1481
584 845 1870
845 584 1870
1870 584 845
1853 606 1531
1531 606 1853
606 1531 1853
2976 647 2235
647 2235 2976
2235 647 2976
1509 522 1396
522 1396 1509
1396 522 1509
2592 98 2603
2603 98 2592
98 2592 2603
2533 87 655
87 655 2533
655 87 2533
1615 102 2309
102 1615 2309
2309 102 1615
2536 722 2225
2225 722 2536
722 2225 2536
821 128 1878
1878 128 821
128 821 1878
2337 1131 2831
1131 2337 2831
2831 1131 2337
1493 745 1904
745 1493 1904
1904 745 1493
2442 707 2853
707 2442 2853
2853 707 2442
2273 2091 2398
2398 2091 2273
2091 2273 2398
2270 770 1086
770 1086 2270
1086 770 2270
1170 456 1604
456 1170 1604
1604 456 1170
2706 1173 1404
1173 1404 2706
1404 1173 2706
1826 1111 2480
1111 1826 2480
2480 1111 1826
1833 1423 2081
2081 1423 1833
1423 1833 2081
2813 697 1438
697 1438 2813
1438 697 2813
698 1900 2430
2430 698 1900
1900 698 2430
1453 412 1048
412 1048 1453
1048 412 1453
556 1798 2466
1798 556 2466
2466 556 1798
1537 704 1119
704 1119 1537
1119 704 1537
1014 1975 2613
2613 1014 1975
1975 1014 2613
2158 1418 2165
2165 1418 2158
1418 2158 2165
1528 2643 2685
2643 1528 2685
2685 1528 2643
1997 1688 1969
1688 1969 1997
1969 1688 1997
1010 2233 2374
2374 1010 2233
2233 1010 2374
1304 1873 2981
1873 1304 2981
2981 1304 1873
1744 1021 1706
1706 1021 1744
1021 1706 1744
1384 2631 2859
2859 1384 2631
2631 1384 2859
2359 239 2341
2341 239 2359
239 2341 2359
1044 480 2449
2449 480 1044
480 1044 2449
349 1205 1515
1205 349 1515
1515 349 1205
177 809 892
809 177 892
892 177 809
2635 656 2711
656 2635 2711
2711 656 2635
2487 1454 2532
2532 1454 2487
1454 2487 2532
1883 580 1222
580 1222 1883
1222 580 1883
685 589 2904
2904 589 685
589 685 2904
2329 1922 2687
2687 1922 2329
1922 2329 2687
609 524 2660
2660 524 609
524 609 2660
1316 407 1918
1918 407 1316
407 1316 1918
1761 4 903
903 4 1761
4 903 1761
1651 1610 2047
1610 1651 2047
2047 1610 1651
660 2672 2895
2672 660 2895
2895 660 2672
342 696 1507
696 342 1507
1507 342 696
2407 416 432
432 416 2407
416 432 2407
365 90 2259
90 365 2259
2259 90 365
2535 1939 2387
1939 2387 2535
2387 1939 2535
2363 2421 2433
2421 2363 2433
2433 2363 2421
1704 1863 2647
2647 1704 1863
1863 1704 2647
1538 819 849
849 819 1538
819 849 1538
2820 728 2156
2156 728 2820
728 2156 2820
2005 1724 2917
2917 1724 2005
1724 2005 2917
2368 1572 2023
1572 2023 2368
2023 1572 2368
891 1421 2069
1421 891 2069
2069 891 1421
1319 1787 2186
1787 1319 2186
2186 1319 1787
2294 2280 2563
2280 2294 2563
2563 2280 2294
223 1301 2745
2745 223 1301
1301 223 2745
962 2560 2840
2840 962 2560
2560 962 2840
621 2210 2375
2375 621 2210
2210 621 2375
48 913 1755
1755 48 913
913 48 1755
494 322 841
322 494 841
841 322 494
1068 886 1671
1671 886 1068
886 1068 1671
55 955 1366
1366 55 955
955 55 1366
2566 1626 2408
1626 2408 2566
2408 1626 2566
323 632 2501
632 323 2501
2501 323 632
509 1751 2695
1751 509 2695
2695 509 1751
355 1200 1603
1200 355 1603
1603 355 1200
2841 1109 3000
1109 2841 3000
3000 1109 2841
904 1142 1433
1142 904 1433
1433 904 1142
189 688 1185
1185 189 688
688 189 1185
2656 991 1713
1713 991 2656
991 1713 2656
1201 1956 2063
1956 1201 2063
2063 1201 1956
2908 802 1234
802 1234 2908
1234 802 2908
1250 236 1279
1279 236 1250
236 1250 1279
340 929 2552
929 340 2552
2552 340 929
1115 1160 2594
2594 1115 1160
1160 1115 2594
399 1534 2179
1534 399 2179
2179 399 1534
1638 630 734
630 734 1638
734 630 1638
2704 2170 2609
2170 2609 2704
2609 2170 2704
261 483 793
793 261 483
483 261 793
1902 1385 1742
1742 1385 1902
1385 1742 1902
721 1919 2298
1919 721 2298
2298 721 1919
645 132 1910
1910 132 645
132 645 1910
2625 490 2959
2959 490 2625
490 2625 2959
1753 1161 1469
1469 1161 1753
1161 1469 1753
1495 826 959
959 826 1495
826 959 1495
2610 2231 2561
2561 2231 2610
2231 2561 2610
1104 1518 2804
1518 1104 2804
2804 1104 1518
1458 1128 1248
1128 1248 1458
1248 1128 1458
2590 293 548
293 548 2590
548 293 2590
2801 879 1098
879 1098 2801
1098 879 2801
147 1541 2274
2274 147 1541
1541 147 2274
1682 1627 1908
1908 1627 1682
1627 1682 1908
1783 415 1216
1216 415 1783
415 1216 1783
2975 171 2065
171 2065 2975
2065 171 2975
2955 1797 2262
1797 2262 2955
2262 1797 2955
2113 562 1455
562 1455 2113
1455 562 2113
1951 1223 2783
2783 1223 1951
1223 1951 2783
150 2013 2707
2707 150 2013
2013 150 2707
1810 2180 2327
2327 1810 2180
2180 1810 2327
1047 398 1486
1486 398 1047
398 1047 1486
2583 1806 2447
1806 2447 2583
2447 1806 2583
404 418 1204
1204 404 418
418 404 1204
2888 703 2282
2282 703 2888
703 2282 2888
2405 1708 2389
2389 1708 2405
1708 2389 2405
905 516 1866
516 905 1866
1866 516 905
1084 18 1716
1716 18 1084
18 1084 1716
613 476 673
476 613 673
673 476 613
25 687 2468
687 25 2468
2468 25 687
618 1022 1973
1973 618 1022
1022 618 1973
335 1063 2576
2576 335 1063
1063 335 2576
870 1779 2095
1779 870 2095
2095 870 1779
2964 896 1977
896 1977 2964
1977 896 2964
927 67 1629
1629 67 927
67 927 1629
1177 944 1550
1550 944 1177
944 1177 1550
2394 1007 1380
1380 1007 2394
1007 1380 2394
747 151 596
596 151 747
151 596 747
1308 1559 1804
1804 1308 1559
1559 1308 1804
2649 2283 2727
2283 2649 2727
2727 2283 2649
2096 669 680
669 680 2096
680 669 2096
1996 44 865
44 865 1996
865 44 1996
440 222 1901
222 440 1901
1901 222 440
974 2169 2508
2508 974 2169
2169 974 2508
2082 538 1122
1122 538 2082
538 1122 2082
2451 1379 2977
2977 1379 2451
1379 2451 2977
285 2319 2464
2319 285 2464
2464 285 2319
2060 1710 2189
1710 2060 2189
2189 1710 2060
2424 1134 2284
1134 2284 2424
2284 1134 2424
997 108 576
576 108 997
108 576 997
94 912 1411
1411 94 912
912 94 1411
117 31 2658
31 117 2658
2658 31 117
2794 2453 2506
2453 2506 2794
2506 2453 2794
2587 683 2354
683 2354 2587
2354 683 2587
676 1331 2490
2490 676 1331
1331 676 2490
986 1318 1720
1318 986 1720
1720 986 1318
2974 848 1857
848 1857 2974
1857 848 2974
2244 60 2823
60 2244 2823
2823 60 2244
699 1848 2112
1848 699 2112
2112 699 1848
666 175 2446
175 666 2446
2446 175 666
1621 1004 1750
1004 1621 1750
1750 1004 1621
2384 972 2469
972 2384 2469
2469 972 2384
2930 243 1079
1079 243 2930
243 1079 2930
2876 947 1484
1484 947 2876
947 1484 2876
1985 1226 2966
2966 1226 1985
1226 1985 2966
2579 1081 2991
2991 1081 2579
1081 2579 2991
71 252 2954
252 71 2954
2954 71 252
2578 786 1533
1533 786 2578
786 1533 2578
1554 2340 2542
2542 1554 2340
2340 1554 2542
1151 2520 2850
2850 1151 2520
2520 1151 2850
1229 869 2541
2541 869 1229
869 1229 2541
2145 2021 2512
2512 2021 2145
2021 2145 2512
2127 1099 1474
1099 1474 2127
1474 1099 2127
2029 32 1042
32 1042 2029
1042 32 2029
2222 221 417
221 417 2222
417 221 2222
2406 69 1622
69 1622 2406
1622 69 2406
135 1521 2295
2295 135 1521
1521 135 2295
976 2076 2752
2076 976 2752
2752 976 2076
2668 384 1228
384 1228 2668
1228 384 2668
2519 1217 2516
2516 1217 2519
1217 2516 2519
2172 1138 2936
2936 1138 2172
1138 2172 2936
139 1726 2033
1726 139 2033
2033 139 1726
2595 1259 1375
1375 1259 2595
1259 1375 2595
2725 1103 2299
1103 2299 2725
2299 1103 2725
575 452 2211
452 575 2211
2211 452 575
366 292 1944
292 366 1944
1944 292 366
1137 65 2665
65 1137 2665
2665 65 1137
2709 262 1297
1297 262 2709
262 1297 2709
2383 1834 2073
2073 1834 2383
1834 2073 2383
2795 424 439
439 424 2795
424 439 2795
754 1912 2121
1912 754 2121
2121 754 1912
392 651 1502
1502 392 651
651 392 1502
776 989 1861
1861 776 989
989 776 1861
2601 27 1381
1381 27 2601
27 1381 2601
2409 157 2489
157 2409 2489
2489 157 2409
2042 1236 2528
1236 2042 2528
2528 1236 2042
1398 1114 2637
2637 1114 1398
1114 1398 2637
1407 378 2018
378 1407 2018
2018 378 1407
2476 166 2682
2682 166 2476
166 2476 2682
513 57 1856
57 513 1856
1856 57 513
1181 2747 2874
2747 1181 2874
2874 1181 2747
1935 1654 1719
1719 1654 1935
1654 1719 1935
1377 569 2819
2819 569 1377
569 1377 2819
2184 143 1089
1089 143 2184
143 1089 2184
1582 498 2334
2334 498 1582
498 1582 2334
1166 1211 1462
1462 1166 1211
1211 1166 1462
1657 2318 2797
2318 1657 2797
2797 1657 2318
2639 695 1916
695 1916 2639
1916 695 2639
1714 1284 2473
2473 1284 1714
1284 1714 2473
2742 1062 1065
1065 1062 2742
1062 1065 2742
1711 1617 2276
2276 1617 1711
1617 1711 2276
388 1425 1480
1425 388 1480
1480 388 1425
553 2482 2899
2899 553 2482
2482 553 2899
1860 1897 2644
2644 1860 1897
1897 1860 2644
80 118 1476
1476 80 118
118 80 1476
2771 2833 2856
2833 2771 2856
2856 2771 2833
2345 1592 2565
2565 1592 2345
1592 2345 2565
2675 682 1607
1607 682 2675
682 1607 2675
49 1334 1816
1816 49 1334
1334 49 1816
2213 531 2350
2350 531 2213
531 2213 2350
608 1694 1982
1982 608 1694
1694 608 1982
1536 198 1050
1050 198 1536
198 1050 1536
1355 367 1374
1374 367 1355
367 1355 1374
265 1363 2373
2373 265 1363
1363 265 2373
2019 1164 1551
1164 1551 2019
1551 1164 2019
1452 352 1037
1037 352 1452
352 1037 1452
1932 967 2312
967 1932 2312
2312 967 1932
2413 1192 2547
2547 1192 2413
1192 2413 2547
2022 2137 2987
2987 2022 2137
2137 2022 2987
1620 791 1106
1106 791 1620
791 1106 1620
1392 1832 2455
1832 1392 2455
2455 1392 1832
1623 264 1965
1965 264 1623
264 1623 1965
980 2526 2886
2526 980 2886
2886 980 2526
1017 181 1271
181 1017 1271
1271 181 1017
421 1850 2729
2729 421 1850
1850 421 2729
91 1272 1325
1272 91 1325
1325 91 1272
990 2220 2827
2827 990 2220
2220 990 2827
211 53 2147
2147 53 211
53 211 2147
570 1397 1767
1767 570 1397
1397 570 1767
2924 505 1100
1100 505 2924
505 1100 2924
1599 101 1695
101 1599 1695
1695 101 1599
558 124 2124
2124 124 558
124 558 2124
2545 496 2684
2684 496 2545
496 2545 2684
1274 85 145
85 145 1274
145 85 1274
337 1179 2154
1179 337 2154
2154 337 1179
2529 917 2580
917 2529 2580
2580 917 2529
2385 8 1088
1088 8 2385
8 1088 2385
978 317 2116
317 978 2116
2116 317 978
396 749 2037
2037 396 749
749 396 2037
2123 188 2134
2134 188 2123
188 2123 2134
202 2719 2811
2719 202 2811
2811 202 2719
2608 874 2249
2249 874 2608
874 2249 2608
512 594 2851
2851 512 594
594 512 2851
461 1991 2890
2890 461 1991
1991 461 2890
1631 373 1388
373 1388 1631
1388 373 1631
1586 1184 1526
1526 1184 1586
1184 1526 1586
953 20 956
20 953 956
956 20 953
1540 82 1461
1461 82 1540
82 1461 1540
1072 836 2962
836 1072 2962
2962 836 1072
2777 422 1802
422 1802 2777
1802 422 2777
1417 1568 1790
1790 1417 1568
1568 1417 1790
1174 923 1793
1793 923 1174
923 1174 1793
238 184 2738
184 238 2738
2738 184 238
1958 89 1679
89 1679 1958
1679 89 1958
567 532 574
532 567 574
574 532 567
2712 1858 2416
1858 2416 2712
2416 1858 2712
2478 2346 2735
2735 2346 2478
2346 2478 2735
115 910 2713
2713 115 910
910 115 2713
130 1339 2427
2427 130 1339
1339 130 2427
2461 504 961
961 504 2461
504 961 2461
1546 43 2961
43 1546 2961
2961 43 1546
1320 773 1684
773 1320 1684
1684 773 1320
1947 472 601
472 601 1947
601 472 1947
1940 710 2177
710 1940 2177
2177 710 1940
2588 1322 1330
1322 1330 2588
1330 1322 2588
1400 1277 1520
1520 1277 1400
1277 1400 1520
2938 66 1487
1487 66 2938
66 1487 2938
2928 1876 2723
2723 1876 2928
1876 2723 2928
796 838 2504
838 796 2504
2504 796 838
785 1391 2151
1391 785 2151
2151 785 1391
331 812 2878
2878 331 812
812 331 2878
1896 430 871
430 871 1896
871 430 1896
2753 1796 2757
1796 2753 2757
2757 1796 2753
960 37 99
99 37 960
37 99 960
1830 735 2271
735 1830 2271
2271 735 1830
1562 2515 2741
2515 1562 2741
2741 1562 2515
2000 720 2789
2789 720 2000
720 2000 2789
1837 725 1869
1869 725 1837
725 1837 1869
855 2395 2699
2395 855 2699
2699 855 2395
2401 2098 2434
2098 2401 2434
2434 2098 2401
2306 77 2858
77 2306 2858
2858 77 2306
341 653 2906
653 341 2906
2906 341 653
898 1660 2441
2441 898 1660
1660 898 2441
2110 298 2996
2996 298 2110
298 2110 2996
2108 1512 2689
1512 2108 2689
2689 1512 2108
1807 542 2979
2979 542 1807
542 1807 2979
783 54 2080
2080 54 783
54 783 2080
2035 1027 2869
2869 1027 2035
1027 2035 2869
2392 2440 2681
2440 2392 2681
2681 2392 2440
1158 377 2040
377 1158 2040
2040 377 1158
2132 242 2769
2769 242 2132
242 2132 2769
867 409 1881
409 867 1881
1881 409 867
918 204 1195
204 918 1195
1195 204 918
2289 2089 2316
2089 2289 2316
2316 2089 2289
766 247 1302
247 766 1302
1302 247 766
552 191 1643
1643 191 552
191 552 1643
1101 1295 1527
1527 1101 1295
1295 1101 1527
1565 111 2787
