20302 23611 27538
27538 20302 23611
23611 20302 27538
13855 11225 19157
19157 11225 13855
11225 13855 19157
5872 764 17819
17819 764 5872
764 5872 17819
27872 3642 8306
3642 8306 27872
8306 3642 27872
26501 5339 28331
28331 5339 26501
5339 26501 28331
16335 8006 23658
23658 8006 16335
8006 16335 23658
22302 3286 12671
3286 12671 22302
12671 3286 22302
9613 3687 11125
11125 3687 9613
3687 9613 11125
3596 3026 29163
3026 3596 29163
29163 3026 3596
13614 5813 18744
5813 13614 18744
18744 5813 13614
22574 6004 6785
6004 6785 22574
6785 6004 22574
16402 7351 23219
23219 7351 16402
7351 16402 23219
7050 8566 16090
8566 7050 16090
16090 7050 8566
25281 8518 9239
8518 9239 25281
9239 8518 25281
19345 8805 13634
8805 13634 19345
13634 8805 19345
23386 3052 12744
3052 12744 23386
12744 3052 23386
13331 3152 9984
3152 9984 13331
9984 3152 13331
8379 18666 21993
21993 8379 18666
18666 8379 21993
7127 7136 8010
7136 7127 8010
8010 7127 7136
21769 2785 2898
2898 2785 21769
2785 2898 21769
22802 2168 22348
2168 22348 22802
22348 2168 22802
3409 3648 26882
26882 3409 3648
3648 3409 26882
7494 19175 20204
19175 7494 20204
20204 7494 19175
3189 14596 23034
23034 3189 14596
14596 3189 23034
12422 18544 23503
18544 12422 23503
23503 12422 18544
6309 1957 10916
10916 1957 6309
1957 6309 10916
19728 4457 19110
4457 19110 19728
19110 4457 19728
15759 601 24160
24160 601 15759
601 15759 24160
22946 7614 24609
7614 22946 24609
24609 7614 22946
20828 18883 27322
27322 18883 20828
18883 20828 27322
15398 25817 29309
25817 15398 29309
29309 15398 25817
24201 2639 11005
2639 11005 24201
11005 2639 24201
2920 19078 22511
22511 2920 19078
19078 2920 22511
27317 2904 7596
2904 7596 27317
7596 2904 27317
10807 6467 11272
6467 10807 11272
11272 6467 10807
26024 44 23126
44 23126 26024
23126 44 26024
22561 2275 26329
2275 22561 26329
26329 2275 22561
4342 6916 26095
6916 4342 26095
26095 4342 6916
29357 8432 28806
28806 8432 29357
8432 28806 29357
6942 2731 15991
15991 2731 6942
2731 6942 15991
12297 16091 24802
16091 12297 24802
24802 12297 16091
6330 14709 16289
14709 6330 16289
16289 6330 14709
12060 1463 18191
1463 12060 18191
18191 1463 12060
26651 15938 19691
15938 19691 26651
19691 15938 26651
4683 14038 14237
14237 4683 14038
14038 4683 14237
9246 5498 22893
22893 5498 9246
5498 9246 22893
8198 11808 23311
11808 8198 23311
23311 8198 11808
1454 8785 25295
25295 1454 8785
8785 1454 25295
12873 3456 27248
3456 12873 27248
27248 3456 12873
10804 14728 24085
14728 10804 24085
24085 10804 14728
24449 25325 25858
25858 24449 25325
25325 24449 25858
25754 11616 19907
11616 19907 25754
19907 11616 25754
7529 5182 16917
16917 5182 7529
5182 7529 16917
4051 3087 5110
3087 4051 5110
5110 3087 4051
14359 11987 15840
11987 14359 15840
15840 11987 14359
19893 11483 20285
11483 19893 20285
20285 11483 19893
21994 1315 22121
22121 1315 21994
1315 21994 22121
26876 3683 10625
3683 10625 26876
10625 3683 26876
19452 10852 22914
22914 10852 19452
10852 19452 22914
642 626 8124
626 642 8124
8124 626 642
29664 1673 19813
1673 19813 29664
19813 1673 29664
19178 14788 17293
17293 14788 19178
14788 17293 19178
23766 14602 29667
14602 23766 29667
29667 14602 23766
17528 10275 23162
23162 10275 17528
10275 17528 23162
24913 9465 11016
9465 11016 24913
11016 9465 24913
25637 3488 21936
3488 21936 25637
21936 3488 25637
12014 568 14822
568 12014 14822
14822 568 12014
8864 1679 25449
1679 8864 25449
25449 1679 8864
3095 4711 9654
9654 3095 4711
4711 3095 9654
6912 2596 5845
2596 5845 6912
5845 2596 6912
21198 154 22290
154 21198 22290
22290 154 21198
23265 14649 26613
26613 14649 23265
14649 23265 26613
13179 3911 19749
19749 3911 13179
3911 13179 19749
10020 22601 27311
27311 10020 22601
22601 10020 27311
8836 14243 28784
28784 8836 14243
14243 8836 28784
11979 2253 19227
2253 11979 19227
19227 2253 11979
3699 3790 18565
18565 3699 3790
3790 3699 18565
25948 13750 15100
13750 15100 25948
15100 13750 25948
1048 5166 16242
5166 1048 16242
16242 1048 5166
21221 2136 4252
2136 4252 21221
4252 2136 21221
23975 9289 13622
9289 13622 23975
13622 9289 23975
6083 6247 14636
6247 6083 14636
14636 6083 6247
29040 3654 3755
3755 3654 29040
3654 3755 29040
15856 11791 13071
11791 13071 15856
13071 11791 15856
4759 15343 17403
15343 4759 17403
17403 4759 15343
22669 17541 26121
17541 22669 26121
26121 17541 22669
26336 18825 29855
18825 26336 29855
29855 18825 26336
13473 5784 12943
5784 12943 13473
12943 5784 13473
20388 1702 28311
28311 1702 20388
1702 20388 28311
16106 912 6120
912 6120 16106
6120 912 16106
12713 16852 19614
16852 12713 19614
19614 12713 16852
26489 6928 28692
6928 26489 28692
28692 6928 26489
3139 16381 26227
26227 3139 16381
16381 3139 26227
11921 17498 29350
29350 11921 17498
17498 11921 29350
22917 10441 29208
10441 22917 29208
29208 10441 22917
29741 9783 25380
25380 9783 29741
9783 25380 29741
686 11879 17299
17299 686 11879
11879 686 17299
1549 3542 15901
15901 1549 3542
3542 1549 15901
8896 8638 15046
15046 8638 8896
8638 8896 15046
17276 7890 9208
7890 9208 17276
9208 7890 17276
4891 1896 13910
1896 4891 13910
13910 1896 4891
15806 9146 20532
20532 9146 15806
9146 15806 20532
5365 9380 19097
19097 5365 9380
9380 5365 19097
20803 4682 18550
18550 4682 20803
4682 18550 20803
5024 4662 24139
24139 4662 5024
4662 5024 24139
14607 4868 25332
4868 14607 25332
25332 4868 14607
10256 861 2289
2289 861 10256
861 2289 10256
24741 21569 25405
21569 24741 25405
25405 21569 24741
15677 4671 14777
4671 14777 15677
14777 4671 15677
11223 11122 28803
28803 11122 11223
11122 11223 28803
17617 6295 23769
23769 6295 17617
6295 17617 23769
15012 28054 29265
28054 15012 29265
29265 15012 28054
9232 7057 19367
19367 7057 9232
7057 9232 19367
8423 858 23009
858 8423 23009
23009 858 8423
19205 17044 20236
20236 17044 19205
17044 19205 20236
26546 21038 26141
21038 26141 26546
26141 21038 26546
17684 8835 17960
8835 17684 17960
17960 8835 17684
5327 467 17005
467 5327 17005
17005 467 5327
6244 14699 21032
14699 6244 21032
21032 6244 14699
9787 15353 26115
26115 9787 15353
15353 9787 26115
20952 3520 6150
3520 6150 20952
6150 3520 20952
20448 5864 27237
5864 20448 27237
27237 5864 20448
24868 14203 16853
16853 14203 24868
14203 16853 24868
17602 11263 14539
11263 14539 17602
14539 11263 17602
23398 758 11596
11596 758 23398
758 11596 23398
11723 12478 24334
12478 11723 24334
24334 11723 12478
11675 16114 18878
18878 11675 16114
16114 11675 18878
9095 8021 12687
8021 9095 12687
12687 8021 9095
13393 7953 23458
23458 7953 13393
7953 13393 23458
17286 14183 19534
14183 17286 19534
19534 14183 17286
21486 16362 21174
21174 16362 21486
16362 21174 21486
23986 19636 27409
27409 19636 23986
19636 23986 27409
28613 18761 27420
27420 18761 28613
18761 27420 28613
7793 7251 13225
7251 7793 13225
13225 7251 7793
18389 5295 12104
5295 12104 18389
12104 5295 18389
29843 317 8734
8734 317 29843
317 8734 29843
17194 2659 14696
2659 14696 17194
14696 2659 17194
22888 5071 27288
5071 22888 27288
27288 5071 22888
24245 4357 17406
17406 4357 24245
4357 17406 24245
18731 18262 20774
18262 18731 20774
20774 18262 18731
3131 2716 5905
5905 2716 3131
2716 3131 5905
21919 4358 22932
4358 21919 22932
22932 4358 21919
6397 24172 24181
24181 6397 24172
24172 6397 24181
14190 5847 22216
5847 14190 22216
22216 5847 14190
15448 7448 19675
19675 7448 15448
7448 15448 19675
24774 1253 21648
21648 1253 24774
1253 21648 24774
29459 5249 7349
7349 5249 29459
5249 7349 29459
24787 13961 25376
25376 13961 24787
13961 24787 25376
12651 14532 15425
14532 12651 15425
15425 12651 14532
27337 9978 10379
10379 9978 27337
9978 10379 27337
9939 1744 10618
1744 9939 10618
10618 1744 9939
13383 26617 27742
27742 13383 26617
26617 13383 27742
18166 22329 23507
22329 18166 23507
23507 18166 22329
18109 23142 26590
23142 18109 26590
26590 18109 23142
1461 5668 23057
5668 1461 23057
23057 1461 5668
8335 19576 27716
19576 8335 27716
27716 8335 19576
816 7455 7680
7680 816 7455
7455 816 7680
5437 5124 17099
5124 5437 17099
17099 5124 5437
9788 14082 14587
14587 9788 14082
14082 9788 14587
18792 4148 6224
6224 4148 18792
4148 6224 18792
18827 7379 13783
7379 13783 18827
13783 7379 18827
15022 5946 7158
5946 7158 15022
7158 5946 15022
15681 6837 25209
6837 15681 25209
25209 6837 15681
20528 21016 23677
21016 20528 23677
23677 20528 21016
11499 5136 13095
13095 5136 11499
5136 11499 13095
18497 1098 26980
26980 1098 18497
1098 18497 26980
13271 623 29536
29536 623 13271
623 13271 29536
21963 2929 19969
19969 2929 21963
2929 19969 21963
542 18758 20856
20856 542 18758
18758 542 20856
25112 9543 10479
10479 9543 25112
9543 10479 25112
27519 22956 26437
26437 22956 27519
22956 26437 27519
68 512 7143
7143 68 512
512 68 7143
10993 12743 26923
26923 10993 12743
12743 10993 26923
14888 6186 17640
6186 14888 17640
17640 6186 14888
7263 25404 27302
27302 7263 25404
25404 7263 27302
3626 1777 27891
27891 1777 3626
1777 3626 27891
19887 8157 11947
11947 8157 19887
8157 11947 19887
18438 7959 27251
27251 7959 18438
7959 18438 27251
7341 1544 2278
1544 2278 7341
2278 1544 7341
7937 1524 21505
1524 7937 21505
21505 1524 7937
19319 5655 6974
6974 5655 19319
5655 6974 19319
18536 25021 29570
25021 18536 29570
29570 18536 25021
2789 16831 25928
25928 2789 16831
16831 2789 25928
5011 2107 23304
23304 2107 5011
2107 5011 23304
21171 6662 24197
24197 6662 21171
6662 21171 24197
18819 3465 14925
3465 14925 18819
14925 3465 18819
15032 17778 23723
23723 15032 17778
17778 15032 23723
10963 2435 28509
28509 2435 10963
2435 10963 28509
16658 15699 25620
25620 15699 16658
15699 16658 25620
27440 236 8070
8070 236 27440
236 8070 27440
14904 8338 20598
20598 8338 14904
8338 14904 20598
26248 9128 21671
21671 9128 26248
9128 21671 26248
9471 3617 8032
3617 8032 9471
8032 3617 9471
9951 19784 24923
24923 9951 19784
19784 9951 24923
20413 6461 14914
14914 6461 20413
6461 14914 20413
10509 9508 17702
9508 10509 17702
17702 9508 10509
6369 15729 16054
16054 6369 15729
15729 6369 16054
21649 8374 25382
8374 21649 25382
25382 8374 21649
13333 15735 17033
17033 13333 15735
15735 13333 17033
29486 3643 10843
10843 3643 29486
3643 10843 29486
9975 10493 23316
10493 9975 23316
23316 9975 10493
12982 6193 28183
6193 12982 28183
28183 6193 12982
17267 2539 29580
2539 17267 29580
29580 2539 17267
4707 2000 22857
22857 2000 4707
2000 4707 22857
4405 8397 15483
15483 4405 8397
8397 4405 15483
5431 7668 17221
17221 5431 7668
7668 5431 17221
2125 11687 13422
13422 2125 11687
11687 2125 13422
11532 4153 14330
14330 4153 11532
4153 11532 14330
4308 21542 26215
26215 4308 21542
21542 4308 26215
1410 3374 6737
6737 1410 3374
3374 1410 6737
26646 10548 18689
10548 18689 26646
18689 10548 26646
12533 26332 27593
26332 12533 27593
27593 12533 26332
13943 524 12697
12697 524 13943
524 12697 13943
7452 10300 25973
10300 7452 25973
25973 7452 10300
6687 18069 24667
24667 6687 18069
18069 6687 24667
4844 22930 26051
26051 4844 22930
22930 4844 26051
9186 25385 27465
27465 9186 25385
25385 9186 27465
6516 10638 21773
10638 6516 21773
21773 6516 10638
17330 2957 23200
23200 2957 17330
2957 17330 23200
16472 6481 7261
7261 6481 16472
6481 7261 16472
23472 7000 13716
7000 13716 23472
13716 7000 23472
13794 5263 15091
15091 5263 13794
5263 13794 15091
1867 2837 21525
2837 1867 21525
21525 1867 2837
3239 15042 23353
23353 3239 15042
15042 3239 23353
6903 5620 12513
5620 6903 12513
12513 5620 6903
9151 10987 16808
10987 9151 16808
16808 9151 10987
26534 11346 13896
13896 11346 26534
11346 13896 26534
21778 10389 26104
10389 21778 26104
26104 10389 21778
13798 17001 24525
24525 13798 17001
17001 13798 24525
217 14186 15254
14186 217 15254
15254 217 14186
29291 7231 28107
28107 7231 29291
7231 28107 29291
12692 11886 19851
11886 12692 19851
19851 11886 12692
18294 8614 8878
8878 8614 18294
8614 8878 18294
1434 13988 17939
17939 1434 13988
13988 1434 17939
9072 15304 18050
15304 9072 18050
18050 9072 15304
18378 868 27831
27831 868 18378
868 18378 27831
3898 10650 16032
16032 3898 10650
10650 3898 16032
17720 8992 27689
8992 17720 27689
27689 8992 17720
28471 25057 29003
25057 28471 29003
29003 25057 28471
7325 6537 7605
7605 6537 7325
6537 7325 7605
20527 857 7241
857 7241 20527
7241 857 20527
9942 13754 19731
19731 9942 13754
13754 9942 19731
20740 4468 22231
22231 4468 20740
4468 20740 22231
3119 15347 21971
15347 3119 21971
21971 3119 15347
26120 11944 20916
20916 11944 26120
11944 20916 26120
25829 994 22546
994 22546 25829
22546 994 25829
751 5220 14894
14894 751 5220
5220 751 14894
16048 11086 18893
11086 16048 18893
18893 11086 16048
189 9995 14860
14860 189 9995
9995 189 14860
7893 6818 24512
24512 6818 7893
6818 7893 24512
1619 10188 19548
19548 1619 10188
10188 1619 19548
382 1079 4440
1079 382 4440
4440 382 1079
9941 24462 26056
26056 9941 24462
24462 9941 26056
18259 11205 26514
26514 11205 18259
11205 18259 26514
5767 8798 9050
9050 5767 8798
8798 5767 9050
13575 9237 18977
9237 13575 18977
18977 9237 13575
22982 14739 18514
18514 14739 22982
14739 18514 22982
21041 19419 21161
21161 19419 21041
19419 21041 21161
12033 1094 20203
20203 1094 12033
1094 12033 20203
25981 581 2759
2759 581 25981
581 2759 25981
25317 11519 13627
13627 11519 25317
11519 13627 25317
6732 5322 19586
19586 5322 6732
5322 6732 19586
23660 6293 18641
18641 6293 23660
6293 18641 23660
7862 1830 11938
11938 1830 7862
1830 7862 11938
21761 1598 15788
1598 15788 21761
15788 1598 21761
17559 3326 17326
3326 17326 17559
17326 3326 17559
24843 7683 21341
7683 21341 24843
21341 7683 24843
18454 23208 26306
26306 18454 23208
23208 18454 26306
21555 378 28649
378 21555 28649
28649 378 21555
29323 13706 25415
25415 13706 29323
13706 25415 29323
12532 26153 26765
26765 12532 26153
26153 12532 26765
26932 13751 27388
27388 13751 26932
13751 26932 27388
8993 9164 9405
9405 8993 9164
9164 8993 9405
16278 3595 17125
3595 16278 17125
17125 3595 16278
13226 6823 13648
13648 6823 13226
6823 13226 13648
26131 2858 27298
27298 2858 26131
2858 26131 27298
315 14252 18842
14252 315 18842
18842 315 14252
3751 4158 27788
4158 3751 27788
27788 3751 4158
28650 12654 25214
12654 25214 28650
25214 12654 28650
7418 16682 21563
16682 7418 21563
21563 7418 16682
15632 4046 28400
28400 4046 15632
4046 15632 28400
20553 6722 23269
6722 20553 23269
23269 6722 20553
9231 1135 22717
1135 9231 22717
22717 1135 9231
17568 7958 24485
24485 7958 17568
7958 17568 24485
18941 8148 22485
8148 18941 22485
22485 8148 18941
8585 17092 25844
25844 8585 17092
17092 8585 25844
13583 16786 24808
16786 13583 24808
24808 13583 16786
4004 10435 21481
10435 4004 21481
21481 4004 10435
18024 24583 28808
24583 18024 28808
28808 18024 24583
28869 2377 22110
22110 2377 28869
2377 22110 28869
4854 11246 18487
18487 4854 11246
11246 4854 18487
14866 2204 25280
2204 14866 25280
25280 2204 14866
14835 10822 17510
10822 14835 17510
17510 10822 14835
10687 16957 23795
16957 10687 23795
23795 10687 16957
22281 10669 13865
13865 10669 22281
10669 13865 22281
5464 18626 18740
18740 5464 18626
18626 5464 18740
27886 4727 16281
4727 16281 27886
16281 4727 27886
7654 26111 29315
26111 7654 29315
29315 7654 26111
607 9461 19551
9461 607 19551
19551 607 9461
27837 18679 26959
26959 18679 27837
18679 26959 27837
16100 7030 10124
7030 10124 16100
10124 7030 16100
21132 20904 23634
23634 20904 21132
20904 21132 23634
14974 9287 12512
12512 9287 14974
9287 12512 14974
11141 2249 3977
3977 2249 11141
2249 3977 11141
6210 10167 23377
10167 6210 23377
23377 6210 10167
7808 25726 27089
27089 7808 25726
25726 7808 27089
572 1101 11942
11942 572 1101
1101 572 11942
19023 5749 22779
5749 19023 22779
22779 5749 19023
16685 6303 13647
6303 13647 16685
13647 6303 16685
17901 3473 15872
3473 15872 17901
15872 3473 17901
24123 11398 18057
18057 11398 24123
11398 18057 24123
9815 12575 23276
12575 9815 23276
23276 9815 12575
7752 5856 9510
5856 7752 9510
9510 5856 7752
14977 539 20142
539 14977 20142
20142 539 14977
19375 729 8351
8351 729 19375
729 8351 19375
27570 21644 22224
22224 21644 27570
21644 22224 27570
6165 1271 10186
1271 6165 10186
10186 1271 6165
9592 19308 20295
19308 9592 20295
20295 9592 19308
6617 3016 29852
29852 3016 6617
3016 6617 29852
28234 5164 24804
24804 5164 28234
5164 24804 28234
12981 5798 25128
5798 12981 25128
25128 5798 12981
3651 594 2555
2555 594 3651
594 2555 3651
6623 5070 16779
16779 5070 6623
5070 6623 16779
14681 5096 5195
5195 5096 14681
5096 5195 14681
7301 11493 14032
14032 7301 11493
11493 7301 14032
8321 6108 24156
6108 8321 24156
24156 6108 8321
6352 3445 23350
23350 3445 6352
3445 6352 23350
7182 609 6637
6637 609 7182
609 6637 7182
10486 14301 28295
28295 10486 14301
14301 10486 28295
9992 10879 18714
18714 9992 10879
10879 9992 18714
11632 7987 8224
7987 8224 11632
8224 7987 11632
9097 6107 23836
6107 9097 23836
23836 6107 9097
19861 13335 26785
26785 13335 19861
13335 19861 26785
29423 6571 11583
11583 6571 29423
6571 11583 29423
11758 494 23510
23510 494 11758
494 11758 23510
4409 7193 29835
29835 4409 7193
7193 4409 29835
13456 14650 16881
14650 13456 16881
16881 13456 14650
25902 9191 25008
9191 25008 25902
25008 9191 25902
9277 3299 7726
3299 7726 9277
7726 3299 9277
22094 4903 21702
4903 21702 22094
21702 4903 22094
23447 22615 26089
26089 22615 23447
22615 23447 26089
11135 15882 16747
16747 11135 15882
15882 11135 16747
1403 10323 17915
17915 1403 10323
10323 1403 17915
24685 11800 14285
11800 14285 24685
14285 11800 24685
19516 24999 28559
28559 19516 24999
24999 19516 28559
24929 3761 10015
3761 10015 24929
10015 3761 24929
10343 1613 10769
1613 10343 10769
10769 1613 10343
25777 16622 29481
16622 25777 29481
29481 16622 25777
26542 6551 25170
6551 25170 26542
25170 6551 26542
1182 4005 8527
8527 1182 4005
4005 1182 8527
9780 16565 22818
16565 9780 22818
22818 9780 16565
10924 14574 19408
19408 10924 14574
14574 10924 19408
22122 1523 13526
1523 13526 22122
13526 1523 22122
13124 8384 18746
18746 8384 13124
8384 13124 18746
7099 13045 24157
13045 7099 24157
24157 7099 13045
12458 22 11219
22 11219 12458
11219 22 12458
27904 4797 5391
4797 5391 27904
5391 4797 27904
7840 12154 23665
12154 7840 23665
23665 7840 12154
28157 15479 29507
29507 15479 28157
15479 28157 29507
17923 3426 28863
28863 3426 17923
3426 17923 28863
15412 11949 25974
25974 11949 15412
11949 15412 25974
14557 7009 9617
9617 7009 14557
7009 9617 14557
11143 21540 24782
21540 11143 24782
24782 11143 21540
8009 5687 20629
5687 8009 20629
20629 5687 8009
7305 1772 7718
7718 1772 7305
1772 7305 7718
3702 15058 18231
18231 3702 15058
15058 3702 18231
6285 11055 11550
11055 6285 11550
11550 6285 11055
1550 4877 15184
4877 1550 15184
15184 1550 4877
17109 13260 23213
13260 17109 23213
23213 13260 17109
15339 1184 23017
1184 15339 23017
23017 1184 15339
3064 17788 21017
17788 3064 21017
21017 3064 17788
16052 19194 21767
21767 16052 19194
19194 16052 21767
9660 6760 7328
7328 6760 9660
6760 7328 9660
20923 16176 19465
16176 19465 20923
19465 16176 20923
17817 7881 28898
7881 17817 28898
28898 7881 17817
5715 1624 10429
1624 5715 10429
10429 1624 5715
25763 1757 21595
1757 21595 25763
21595 1757 25763
9305 25705 27344
25705 9305 27344
27344 9305 25705
4021 6960 29231
29231 4021 6960
6960 4021 29231
26825 13681 16398
16398 13681 26825
13681 16398 26825
3155 11666 26940
11666 3155 26940
26940 3155 11666
28816 6646 20082
6646 20082 28816
20082 6646 28816
29809 831 21167
831 21167 29809
21167 831 29809
1788 8229 9039
9039 1788 8229
8229 1788 9039
22431 10947 28628
28628 10947 22431
10947 22431 28628
25701 247 4360
4360 247 25701
247 4360 25701
21478 4303 25918
4303 21478 25918
25918 4303 21478
26424 4305 23046
23046 4305 26424
4305 23046 26424
7176 15881 24916
24916 7176 15881
15881 7176 24916
29841 6063 25216
6063 25216 29841
25216 6063 29841
22448 13958 28710
13958 22448 28710
28710 13958 22448
6596 7911 25091
7911 6596 25091
25091 6596 7911
12187 10092 13469
13469 10092 12187
10092 12187 13469
5635 2143 5626
5626 2143 5635
2143 5626 5635
4873 3885 9062
9062 3885 4873
3885 4873 9062
5198 3124 21349
21349 3124 5198
3124 5198 21349
5831 2306 8552
2306 5831 8552
8552 2306 5831
22299 10315 18778
10315 18778 22299
18778 10315 22299
21862 1612 8000
8000 1612 21862
1612 8000 21862
26686 2237 25181
25181 2237 26686
2237 25181 26686
28843 2497 19770
2497 19770 28843
19770 2497 28843
5533 9871 28518
9871 5533 28518
28518 5533 9871
15540 17872 23887
17872 15540 23887
23887 15540 17872
7737 1073 11898
1073 7737 11898
11898 1073 7737
4934 470 28049
28049 470 4934
470 4934 28049
8760 2636 20433
20433 2636 8760
2636 8760 20433
21949 2900 21014
2900 21014 21949
21014 2900 21949
7553 19947 28796
28796 7553 19947
19947 7553 28796
2830 20337 21746
20337 2830 21746
21746 2830 20337
21183 6581 21233
6581 21183 21233
21233 6581 21183
12118 11478 20551
11478 12118 20551
20551 11478 12118
23624 301 4459
301 4459 23624
4459 301 23624
448 5145 12801
5145 448 12801
12801 448 5145
6591 5750 13695
13695 5750 6591
5750 6591 13695
6900 10866 22028
22028 6900 10866
10866 6900 22028
18902 19689 26337
19689 18902 26337
26337 18902 19689
4792 1263 3831
3831 1263 4792
1263 3831 4792
29859 2808 26991
26991 2808 29859
2808 26991 29859
25526 4348 20852
20852 4348 25526
4348 20852 25526
8410 16028 29775
29775 8410 16028
16028 8410 29775
7016 11144 14055
11144 7016 14055
14055 7016 11144
4915 2494 16821
2494 4915 16821
16821 2494 4915
25249 24373 28651
24373 25249 28651
28651 24373 25249
29373 14744 23308
23308 14744 29373
14744 23308 29373
4941 19587 23324
19587 4941 23324
23324 4941 19587
15522 584 6225
584 6225 15522
6225 584 15522
28932 11096 14852
14852 11096 28932
11096 14852 28932
29241 324 4135
4135 324 29241
324 4135 29241
8376 17450 29633
17450 8376 29633
29633 8376 17450
13415 12163 27641
27641 12163 13415
12163 13415 27641
16744 27154 27320
27320 16744 27154
27154 16744 27320
15129 17636 22598
22598 15129 17636
17636 15129 22598
29313 9399 16300
9399 16300 29313
16300 9399 29313
12037 2070 3874
3874 2070 12037
2070 3874 12037
2563 7405 14647
14647 2563 7405
7405 2563 14647
19394 20130 29631
20130 19394 29631
29631 19394 20130
7320 10482 17955
17955 7320 10482
10482 7320 17955
24872 17211 24360
17211 24360 24872
24360 17211 24872
948 2956 6465
6465 948 2956
2956 948 6465
9707 3728 19513
3728 9707 19513
19513 3728 9707
16530 13848 24323
24323 13848 16530
13848 16530 24323
17919 17968 23232
17968 17919 23232
23232 17919 17968
27908 9102 10746
9102 10746 27908
10746 9102 27908
9152 4070 6613
6613 4070 9152
4070 6613 9152
16415 6583 22907
6583 16415 22907
22907 6583 16415
4030 21147 27097
27097 4030 21147
21147 4030 27097
6191 3644 24297
3644 6191 24297
24297 3644 6191
25050 11464 12509
11464 12509 25050
12509 11464 25050
12418 27655 27963
27963 12418 27655
27655 12418 27963
1297 20517 23961
20517 1297 23961
23961 1297 20517
7686 5439 13746
13746 5439 7686
5439 7686 13746
26368 13134 22968
22968 13134 26368
13134 22968 26368
10571 19815 24490
19815 10571 24490
24490 10571 19815
16197 12882 28100
28100 12882 16197
12882 16197 28100
8949 1759 9129
1759 8949 9129
9129 1759 8949
7995 2621 15981
2621 7995 15981
15981 2621 7995
15057 13700 27284
27284 13700 15057
13700 15057 27284
21638 1364 12476
1364 12476 21638
12476 1364 21638
27018 12015 12341
12015 12341 27018
12341 12015 27018
12046 284 24198
24198 284 12046
284 12046 24198
10295 12657 24009
24009 10295 12657
12657 10295 24009
8199 8932 22537
8932 8199 22537
22537 8199 8932
17561 1720 11306
11306 1720 17561
1720 11306 17561
26409 21399 27791
27791 21399 26409
21399 26409 27791
26641 23834 28013
28013 23834 26641
23834 26641 28013
20356 11709 24606
24606 11709 20356
11709 20356 24606
15947 11790 28713
11790 15947 28713
28713 11790 15947
6291 11553 22635
22635 6291 11553
11553 6291 22635
29794 6169 29819
6169 29794 29819
29819 6169 29794
22183 20899 28460
28460 20899 22183
20899 22183 28460
19686 3310 23244
23244 3310 19686
3310 19686 23244
17169 19101 26958
26958 17169 19101
19101 17169 26958
1894 11700 28594
28594 1894 11700
11700 1894 28594
21747 13402 27390
27390 13402 21747
13402 21747 27390
8681 19646 23994
23994 8681 19646
19646 8681 23994
21775 4804 29458
4804 21775 29458
29458 4804 21775
5524 14447 26792
14447 5524 26792
26792 5524 14447
23462 15118 17654
15118 17654 23462
17654 15118 23462
19525 18691 28695
18691 19525 28695
28695 18691 19525
20581 329 23165
23165 329 20581
329 20581 23165
17203 2513 28580
28580 2513 17203
2513 17203 28580
10921 15203 26527
26527 10921 15203
15203 10921 26527
21255 5969 15857
15857 5969 21255
5969 15857 21255
10116 19844 23573
23573 10116 19844
19844 10116 23573
13852 348 918
918 348 13852
348 918 13852
17546 10122 10308
10122 10308 17546
10308 10122 17546
3123 20437 28845
28845 3123 20437
20437 3123 28845
14733 23093 26268
23093 14733 26268
26268 14733 23093
13148 6311 20361
20361 6311 13148
6311 13148 20361
5567 3509 7531
3509 5567 7531
7531 3509 5567
9103 13733 25474
25474 9103 13733
13733 9103 25474
21079 12396 21477
21477 12396 21079
12396 21079 21477
5456 8254 20144
20144 5456 8254
8254 5456 20144
25694 21518 28665
28665 21518 25694
21518 25694 28665
5179 8125 12397
8125 5179 12397
12397 5179 8125
13078 22790 23821
22790 13078 23821
23821 13078 22790
9732 18014 27031
27031 9732 18014
18014 9732 27031
14338 10513 25422
25422 10513 14338
10513 14338 25422
24635 6213 22018
22018 6213 24635
6213 22018 24635
18168 10168 12238
10168 12238 18168
12238 10168 18168
21344 13155 16404
16404 13155 21344
13155 16404 21344
27389 1132 4760
4760 1132 27389
1132 4760 27389
28786 4125 29495
29495 4125 28786
4125 28786 29495
20955 25309 26258
26258 20955 25309
25309 20955 26258
22154 13721 26063
13721 22154 26063
26063 13721 22154
17925 3586 26253
3586 17925 26253
26253 3586 17925
7567 11653 17242
17242 7567 11653
11653 7567 17242
9591 589 8581
8581 589 9591
589 8581 9591
19831 1727 3601
1727 3601 19831
3601 1727 19831
11356 4548 16815
4548 11356 16815
16815 4548 11356
7399 12527 23064
12527 7399 23064
23064 7399 12527
14990 7544 8394
7544 8394 14990
8394 7544 14990
11899 6035 10362
6035 10362 11899
10362 6035 11899
27443 16576 17969
16576 17969 27443
17969 16576 27443
29671 7769 15154
7769 15154 29671
15154 7769 29671
23531 14332 18446
18446 14332 23531
14332 18446 23531
904 4928 27506
27506 904 4928
4928 904 27506
21391 7655 13847
7655 13847 21391
13847 7655 21391
17486 13602 22912
22912 13602 17486
13602 17486 22912
29838 10825 28542
28542 10825 29838
10825 28542 29838
3384 2030 5824
5824 2030 3384
2030 3384 5824
27049 1164 28267
1164 27049 28267
28267 1164 27049
22609 287 10215
287 10215 22609
10215 287 22609
6725 10219 16070
10219 6725 16070
16070 6725 10219
23678 2011 24780
2011 23678 24780
24780 2011 23678
16589 21439 25534
21439 16589 25534
25534 16589 21439
5287 2607 13337
13337 2607 5287
2607 5287 13337
21934 19219 22942
19219 21934 22942
22942 19219 21934
6275 9455 25182
25182 6275 9455
9455 6275 25182
29308 8776 12656
12656 8776 29308
8776 12656 29308
58 4369 18696
4369 58 18696
18696 58 4369
3624 7207 10601
10601 3624 7207
7207 3624 10601
17463 565 23540
565 17463 23540
23540 565 17463
16537 25953 26392
25953 16537 26392
26392 16537 25953
27282 9884 23122
9884 23122 27282
23122 9884 27282
8916 3709 27673
3709 8916 27673
27673 3709 8916
16785 19759 20046
20046 16785 19759
19759 16785 20046
21371 12311 16252
16252 12311 21371
12311 16252 21371
24894 13059 20362
13059 20362 24894
20362 13059 24894
1715 6317 15951
15951 1715 6317
6317 1715 15951
26934 4580 6149
4580 6149 26934
6149 4580 26934
12106 344 28374
28374 344 12106
344 12106 28374
8142 22658 27432
22658 8142 27432
27432 8142 22658
7571 15596 21675
15596 7571 21675
21675 7571 15596
27588 14584 25657
25657 14584 27588
14584 25657 27588
1923 8691 19474
8691 1923 19474
19474 1923 8691
8710 22169 26747
22169 8710 26747
26747 8710 22169
17946 25680 28671
28671 17946 25680
25680 17946 28671
2554 24411 26510
24411 2554 26510
26510 2554 24411
4714 7833 24267
7833 4714 24267
24267 4714 7833
1602 14559 26511
26511 1602 14559
14559 1602 26511
5092 25480 29727
25480 5092 29727
29727 5092 25480
3729 10830 24671
10830 3729 24671
24671 3729 10830
3500 2065 7150
2065 3500 7150
7150 2065 3500
19127 7583 24383
7583 19127 24383
24383 7583 19127
16825 29110 29483
29110 16825 29483
29483 16825 29110
25556 5304 19044
19044 5304 25556
5304 19044 25556
17570 9724 25533
9724 17570 25533
25533 9724 17570
1789 20936 22995
22995 1789 20936
20936 1789 22995
19697 18839 28170
18839 19697 28170
28170 18839 19697
28364 1224 21129
1224 21129 28364
21129 1224 28364
19782 4803 16556
4803 16556 19782
16556 4803 19782
13272 15123 22074
22074 13272 15123
15123 13272 22074
11321 105 25839
25839 105 11321
105 11321 25839
10797 4807 14471
4807 10797 14471
14471 4807 10797
23617 6765 14558
14558 6765 23617
6765 14558 23617
19307 15590 27147
15590 19307 27147
27147 15590 19307
26819 18319 18786
18319 18786 26819
18786 18319 26819
16738 7166 8150
7166 8150 16738
8150 7166 16738
7851 13770 15689
13770 7851 15689
15689 7851 13770
11889 5395 29478
29478 5395 11889
5395 11889 29478
23023 27332 29098
29098 23023 27332
27332 23023 29098
15837 2444 6866
2444 6866 15837
6866 2444 15837
27230 4295 23997
23997 4295 27230
4295 23997 27230
13635 22243 28477
22243 13635 28477
28477 13635 22243
2473 3070 27852
3070 2473 27852
27852 2473 3070
27334 17655 28375
17655 27334 28375
28375 17655 27334
29484 5511 11302
5511 11302 29484
11302 5511 29484
15151 11360 28741
28741 11360 15151
11360 15151 28741
18206 18554 26886
26886 18206 18554
18554 18206 26886
2166 15860 28061
28061 2166 15860
15860 2166 28061
10450 12742 20930
20930 10450 12742
12742 10450 20930
19305 18428 27518
27518 18428 19305
18428 19305 27518
5407 3844 10640
10640 3844 5407
3844 5407 10640
17480 21360 29307
21360 17480 29307
29307 17480 21360
28802 3487 18604
18604 3487 28802
3487 18604 28802
11181 10198 11040
10198 11040 11181
11040 10198 11181
18493 15431 17576
15431 17576 18493
17576 15431 18493
2033 9957 17217
9957 2033 17217
17217 2033 9957
13439 428 25614
428 13439 25614
25614 428 13439
14915 4501 15912
15912 4501 14915
4501 14915 15912
11911 1884 2682
2682 1884 11911
1884 2682 11911
28405 3978 17740
17740 3978 28405
3978 17740 28405
3146 5688 20514
20514 3146 5688
5688 3146 20514
14136 5584 26351
26351 5584 14136
5584 14136 26351
5720 8231 13339
8231 5720 13339
13339 5720 8231
9150 4068 11108
4068 9150 11108
11108 4068 9150
31 6420 8902
6420 31 8902
8902 31 6420
16131 1034 23529
1034 16131 23529
23529 1034 16131
4171 8487 13607
8487 4171 13607
13607 4171 8487
2140 1480 16468
1480 2140 16468
16468 1480 2140
20205 27365 27927
27365 20205 27927
27927 20205 27365
447 12495 28976
12495 447 28976
28976 447 12495
21361 24887 26875
26875 21361 24887
24887 21361 26875
24467 6890 18951
6890 18951 24467
18951 6890 24467
15319 4209 9723
4209 9723 15319
9723 4209 15319
8520 13098 29332
13098 8520 29332
29332 8520 13098
25557 7359 21556
7359 21556 25557
21556 7359 25557
8730 28760 29862
28760 8730 29862
29862 8730 28760
22072 9202 14171
14171 9202 22072
9202 14171 22072
18401 13308 27054
27054 13308 18401
13308 18401 27054
1308 12884 23730
23730 1308 12884
12884 1308 23730
926 6862 25849
25849 926 6862
6862 926 25849
3662 14049 24015
14049 3662 24015
24015 3662 14049
18816 22423 22523
22423 18816 22523
22523 18816 22423
13669 10473 26563
10473 13669 26563
26563 10473 13669
468 8688 22534
8688 468 22534
22534 468 8688
7199 12069 20747
20747 7199 12069
12069 7199 20747
26450 10692 22356
10692 22356 26450
22356 10692 26450
13326 6250 22139
6250 13326 22139
22139 6250 13326
10101 9684 23048
23048 9684 10101
9684 10101 23048
29093 14106 20857
20857 14106 29093
14106 20857 29093
534 2161 12608
12608 534 2161
2161 534 12608
10249 4529 9643
4529 9643 10249
9643 4529 10249
25201 2374 12483
12483 2374 25201
2374 12483 25201
10803 10029 16814
10029 10803 16814
16814 10029 10803
5463 6940 8496
6940 5463 8496
8496 5463 6940
25585 12699 22638
12699 22638 25585
22638 12699 25585
23019 9030 19779
9030 19779 23019
19779 9030 23019
18441 1168 26413
1168 18441 26413
26413 1168 18441
11787 28166 28778
28166 11787 28778
28778 11787 28166
972 16899 29239
16899 972 29239
29239 972 16899
27745 3387 27178
27178 3387 27745
3387 27178 27745
525 8621 29185
8621 525 29185
29185 525 8621
11194 22315 27769
27769 11194 22315
22315 11194 27769
18680 2661 18824
18824 2661 18680
2661 18680 18824
24850 13237 16753
16753 13237 24850
13237 16753 24850
16618 22462 27254
27254 16618 22462
22462 16618 27254
1724 9309 14216
9309 1724 14216
14216 1724 9309
10259 24396 27683
27683 10259 24396
24396 10259 27683
6897 11435 19111
19111 6897 11435
11435 6897 19111
25945 7184 12924
7184 12924 25945
12924 7184 25945
13397 13193 29253
13193 13397 29253
29253 13193 13397
19610 1173 18829
1173 18829 19610
18829 1173 19610
10676 2361 7161
2361 7161 10676
7161 2361 10676
17329 21392 22218
22218 17329 21392
21392 17329 22218
7128 3154 29121
3154 7128 29121
29121 3154 7128
5000 8181 9601
8181 5000 9601
9601 5000 8181
29642 452 26622
26622 452 29642
452 26622 29642
27740 4577 7540
7540 4577 27740
4577 7540 27740
27915 7539 27423
27423 7539 27915
7539 27423 27915
27678 5505 23969
23969 5505 27678
5505 23969 27678
434 2110 25453
2110 434 25453
25453 434 2110
3243 25961 29089
29089 3243 25961
25961 3243 29089
19810 1651 6630
1651 6630 19810
6630 1651 19810
10274 5858 8485
8485 5858 10274
5858 8485 10274
25173 7203 16247
7203 16247 25173
16247 7203 25173
1267 23428 28696
23428 1267 28696
28696 1267 23428
16545 13498 19776
19776 13498 16545
13498 16545 19776
27370 14389 19467
19467 14389 27370
14389 19467 27370
19390 5648 14836
14836 5648 19390
5648 14836 19390
28634 469 29556
29556 469 28634
469 28634 29556
5971 21039 25068
25068 5971 21039
21039 5971 25068
10994 22947 24619
24619 10994 22947
22947 10994 24619
7797 649 12309
649 7797 12309
12309 649 7797
24644 10833 12637
10833 12637 24644
12637 10833 24644
6007 28285 28740
28740 6007 28285
28285 6007 28740
21085 16350 23827
23827 16350 21085
16350 21085 23827
20531 17938 23949
17938 20531 23949
23949 17938 20531
22361 10438 20964
20964 10438 22361
10438 20964 22361
7264 16632 20162
16632 7264 20162
20162 7264 16632
2926 18887 23258
18887 2926 23258
23258 2926 18887
25868 17433 27860
27860 17433 25868
17433 25868 27860
28074 6306 6493
6306 6493 28074
6493 6306 28074
15626 14772 24492
14772 15626 24492
24492 14772 15626
10004 16965 21308
21308 10004 16965
16965 10004 21308
16828 12950 25036
25036 12950 16828
12950 16828 25036
8829 15055 22014
22014 8829 15055
15055 8829 22014
26171 17534 23712
17534 23712 26171
23712 17534 26171
27730 13516 23757
13516 23757 27730
23757 13516 27730
8178 8473 16447
8473 8178 16447
16447 8178 8473
22394 23302 23830
23302 22394 23830
23830 22394 23302
22639 4780 9513
4780 9513 22639
9513 4780 22639
22239 23581 28319
28319 22239 23581
23581 22239 28319
10253 12759 17173
12759 10253 17173
17173 10253 12759
27638 2109 8838
2109 8838 27638
8838 2109 27638
7729 10567 13747
10567 7729 13747
13747 7729 10567
12641 1750 11934
11934 1750 12641
1750 11934 12641
20166 20184 29368
29368 20166 20184
20184 20166 29368
28850 3368 14394
3368 14394 28850
14394 3368 28850
14141 1365 2620
1365 2620 14141
2620 1365 14141
1822 24283 29341
24283 1822 29341
29341 1822 24283
24382 19529 27878
27878 19529 24382
19529 24382 27878
11740 8344 22550
8344 11740 22550
22550 8344 11740
23758 8 5398
5398 8 23758
8 5398 23758
11459 12788 14853
14853 11459 12788
12788 11459 14853
13632 2300 14198
14198 2300 13632
2300 13632 14198
13371 8110 15162
15162 8110 13371
8110 13371 15162
2005 3120 17887
17887 2005 3120
3120 2005 17887
22589 2402 12343
12343 2402 22589
2402 12343 22589
24038 10425 26087
10425 24038 26087
26087 10425 24038
18419 6474 28723
28723 6474 18419
6474 18419 28723
22011 14134 29183
29183 14134 22011
14134 22011 29183
17297 13615 23499
23499 13615 17297
13615 17297 23499
17181 14344 18066
18066 14344 17181
14344 17181 18066
5863 8588 21985
21985 5863 8588
8588 5863 21985
26675 23188 25693
23188 25693 26675
25693 23188 26675
8475 4419 27664
27664 4419 8475
4419 8475 27664
17287 2588 5554
2588 5554 17287
5554 2588 17287
9244 27536 27556
27556 9244 27536
27536 9244 27556
17139 22941 29935
29935 17139 22941
22941 17139 29935
15335 6814 11557
6814 11557 15335
11557 6814 15335
1663 5753 12242
12242 1663 5753
5753 1663 12242
12325 12673 22261
22261 12325 12673
12673 12325 22261
18161 9082 25927
9082 18161 25927
25927 9082 18161
9034 19451 25238
25238 9034 19451
19451 9034 25238
12528 5960 28149
28149 5960 12528
5960 12528 28149
15171 16341 29464
29464 15171 16341
16341 15171 29464
1815 28268 29167
28268 1815 29167
29167 1815 28268
26777 1020 28296
1020 26777 28296
28296 1020 26777
11902 15563 17105
17105 11902 15563
15563 11902 17105
2595 15719 20332
15719 2595 20332
20332 2595 15719
18449 23291 26358
26358 18449 23291
23291 18449 26358
22990 13433 26013
13433 22990 26013
26013 13433 22990
2599 1948 7250
1948 2599 7250
7250 1948 2599
381 11329 25441
25441 381 11329
11329 381 25441
4304 20881 29783
29783 4304 20881
20881 4304 29783
13679 20969 29007
20969 13679 29007
29007 13679 20969
11658 6522 23719
6522 11658 23719
23719 6522 11658
9300 17877 24900
24900 9300 17877
17877 9300 24900
12481 897 26242
26242 897 12481
897 12481 26242
16495 6471 10876
10876 6471 16495
6471 10876 16495
18115 23274 29337
29337 18115 23274
23274 18115 29337
29242 7558 18261
7558 18261 29242
18261 7558 29242
20998 9700 22541
9700 20998 22541
22541 9700 20998
1486 8799 18749
18749 1486 8799
8799 1486 18749
24566 7347 25567
7347 24566 25567
25567 7347 24566
9020 4497 23492
4497 9020 23492
23492 4497 9020
28133 900 7950
7950 900 28133
900 7950 28133
20951 5131 12928
12928 5131 20951
5131 12928 20951
26428 11691 25347
11691 25347 26428
25347 11691 26428
7670 8212 17767
8212 7670 17767
17767 7670 8212
9530 7541 20732
7541 9530 20732
20732 7541 9530
22064 1237 8587
1237 8587 22064
8587 1237 22064
20817 17719 25413
17719 20817 25413
25413 17719 20817
26375 12610 19806
19806 12610 26375
12610 19806 26375
5532 12351 16512
