812 2013 2396
2396 812 2013
2013 812 2396
510 1026 1320
1026 510 1320
1320 510 1026
2660 2281 2579
2281 2579 2660
2579 2281 2660
582 1357 1664
1664 582 1357
1357 582 1664
1789 2275 2569
2569 1789 2275
2275 1789 2569
884 2578 2669
2669 884 2578
2578 884 2669
2438 438 994
438 994 2438
994 438 2438
2743 1243 2592
2592 1243 2743
1243 2592 2743
1369 1348 2489
1348 1369 2489
2489 1348 1369
1456 287 2917
287 1456 2917
2917 287 1456
2746 1127 1646
1127 1646 2746
1646 1127 2746
2587 1796 1859
1859 1796 2587
1796 1859 2587
2233 225 2991
2991 225 2233
225 2233 2991
2674 1359 1568
1568 1359 2674
1359 1568 2674
341 45 1813
1813 45 341
45 341 1813
134 589 2640
2640 134 589
589 134 2640
1886 731 1197
731 1197 1886
1197 731 1886
567 554 1200
554 567 1200
1200 554 567
712 220 1393
1393 220 712
220 712 1393
1382 163 745
745 163 1382
163 745 1382
1615 1482 2895
1482 1615 2895
2895 1482 1615
446 278 2050
2050 278 446
278 446 2050
1247 631 1573
1573 631 1247
631 1247 1573
1823 102 811
102 811 1823
811 102 1823
1307 2431 2874
2431 1307 2874
2874 1307 2431
739 289 2996
289 739 2996
2996 289 739
2293 2105 2252
2105 2252 2293
2252 2105 2293
1522 2244 2719
2719 1522 2244
2244 1522 2719
543 1566 2091
1566 543 2091
2091 543 1566
2649 2466 2962
2962 2466 2649
2466 2649 2962
392 208 2169
2169 208 392
208 392 2169
1408 1066 2463
2463 1066 1408
1066 1408 2463
2296 637 2865
2865 637 2296
637 2296 2865
1022 212 1507
212 1022 1507
1507 212 1022
179 852 1314
1314 179 852
852 179 1314
1657 740 1863
740 1657 1863
1863 740 1657
1759 1888 2297
1888 1759 2297
2297 1759 1888
23 1896 2613
1896 23 2613
2613 23 1896
1163 2742 2760
2760 1163 2742
2742 1163 2760
2842 1954 2938
2938 1954 2842
1954 2842 2938
1791 724 2172
724 1791 2172
2172 724 1791
2556 1677 2945
2945 1677 2556
1677 2556 2945
1202 2327 2830
2830 1202 2327
2327 1202 2830
563 1389 2745
2745 563 1389
1389 563 2745
1640 1141 1521
1521 1141 1640
1141 1521 1640
2216 612 2774
2774 612 2216
612 2216 2774
1272 140 2184
2184 140 1272
140 1272 2184
1372 386 2549
386 1372 2549
2549 386 1372
1910 995 2121
995 1910 2121
2121 995 1910
143 1590 2687
1590 143 2687
2687 143 1590
2067 1466 2237
2237 1466 2067
1466 2067 2237
970 1074 1645
1645 970 1074
1074 970 1645
879 1787 1828
1828 879 1787
1787 879 1828
807 642 941
941 642 807
642 807 941
1464 977 1816
977 1464 1816
1816 977 1464
800 61 1905
61 800 1905
1905 61 800
1399 2375 2843
2375 1399 2843
2843 1399 2375
1203 153 2693
2693 153 1203
153 1203 2693
2611 1837 2819
1837 2611 2819
2819 1837 2611
2983 244 1308
1308 244 2983
244 1308 2983
658 1912 2858
2858 658 1912
1912 658 2858
1935 383 1530
383 1530 1935
1530 383 1935
197 1267 1321
1321 197 1267
1267 197 1321
1421 572 1515
572 1421 1515
1515 572 1421
875 321 2769
2769 321 875
321 875 2769
2930 88 2681
88 2681 2930
2681 88 2930
185 2321 2653
2321 185 2653
2653 185 2321
1071 2 488
488 2 1071
2 488 1071
2827 1277 1712
1712 1277 2827
1277 1712 2827
1691 743 1915
1915 743 1691
743 1691 1915
1149 1409 1441
1409 1149 1441
1441 1149 1409
103 96 2950
2950 96 103
96 103 2950
2705 343 1130
1130 343 2705
343 1130 2705
176 1870 1996
1870 176 1996
1996 176 1870
132 718 2823
718 132 2823
2823 132 718
2369 1632 1698
1698 1632 2369
1632 1698 2369
1786 2064 2110
2064 1786 2110
2110 1786 2064
2218 301 1262
1262 301 2218
301 1262 2218
429 1733 2268
1733 429 2268
2268 429 1733
2648 1578 2410
2410 1578 2648
1578 2410 2648
1752 82 1447
82 1447 1752
1447 82 1752
716 314 528
314 528 716
528 314 716
29 1377 2515
2515 29 1377
1377 29 2515
2767 930 2871
2871 930 2767
930 2767 2871
1945 2042 2137
2137 1945 2042
2042 1945 2137
489 1020 1583
1020 489 1583
1583 489 1020
652 2625 2810
2810 652 2625
2625 652 2810
2711 1036 2183
2183 1036 2711
1036 2183 2711
1340 63 2598
2598 63 1340
63 1340 2598
1735 93 1893
93 1735 1893
1893 93 1735
492 1958 2214
2214 492 1958
1958 492 2214
364 334 1221
334 364 1221
1221 334 364
783 344 2688
344 783 2688
2688 344 783
2878 958 2909
2909 958 2878
958 2878 2909
1122 198 2197
198 1122 2197
2197 198 1122
1136 219 1055
219 1055 1136
1055 219 1136
1180 1613 2145
1613 1180 2145
2145 1180 1613
384 336 491
336 384 491
491 336 384
147 2500 2513
2513 147 2500
2500 147 2513
713 2195 2421
2195 713 2421
2421 713 2195
2355 949 1519
949 1519 2355
1519 949 2355
2111 804 2226
2226 804 2111
804 2111 2226
840 200 2710
200 840 2710
2710 200 840
2303 1353 2972
1353 2303 2972
2972 1353 2303
1545 210 2007
2007 210 1545
210 1545 2007
30 1219 1448
1219 30 1448
1448 30 1219
327 1426 1527
1426 327 1527
1527 327 1426
399 1387 2946
1387 399 2946
2946 399 1387
998 1250 1552
1250 998 1552
1552 998 1250
1370 98 2676
98 1370 2676
2676 98 1370
2406 1524 2272
1524 2272 2406
2272 1524 2406
330 1004 2507
1004 330 2507
2507 330 1004
1620 1831 1969
1969 1620 1831
1831 1620 1969
2608 276 678
276 678 2608
678 276 2608
951 1854 1999
1854 951 1999
1999 951 1854
2294 100 1951
100 1951 2294
1951 100 2294
2572 1518 2264
2264 1518 2572
1518 2264 2572
2597 474 727
727 474 2597
474 727 2597
861 525 2906
525 861 2906
2906 525 861
519 2580 2739
2739 519 2580
2580 519 2739
1555 517 1140
517 1140 1555
1140 517 1555
2630 1231 2978
2978 1231 2630
1231 2630 2978
1283 626 1557
626 1283 1557
1557 626 1283
1630 2103 2594
2594 1630 2103
2103 1630 2594
57 292 2048
2048 57 292
292 57 2048
170 1450 2715
2715 170 1450
1450 170 2715
2702 2467 2965
2965 2467 2702
2467 2702 2965
1965 636 1016
636 1016 1965
1016 636 1965
1146 700 2791
2791 700 1146
700 1146 2791
484 340 382
382 340 484
340 382 484
1500 855 2310
855 1500 2310
2310 855 1500
763 6 2449
2449 6 763
6 763 2449
293 348 2287
2287 293 348
348 293 2287
1246 662 2770
2770 662 1246
662 1246 2770
913 1598 2866
1598 913 2866
2866 913 1598
2677 889 2571
2571 889 2677
889 2571 2677
247 816 2896
2896 247 816
816 247 2896
2820 633 1106
633 1106 2820
1106 633 2820
1345 355 2862
2862 355 1345
355 1345 2862
2478 738 2816
2816 738 2478
738 2478 2816
1654 1158 2969
2969 1158 1654
1158 1654 2969
77 2017 2747
2747 77 2017
2017 77 2747
2607 919 2561
2561 919 2607
919 2561 2607
189 1571 2590
2590 189 1571
1571 189 2590
1025 171 1616
1616 171 1025
171 1025 1616
2771 239 2691
239 2691 2771
2691 239 2771
75 19 130
130 19 75
19 75 130
2685 1843 2551
2551 1843 2685
1843 2551 2685
1417 2119 2785
2119 1417 2785
2785 1417 2119
2060 1642 2170
1642 2060 2170
2170 1642 2060
2148 545 2772
545 2148 2772
2772 545 2148
2221 462 482
482 462 2221
462 482 2221
1335 440 1964
440 1335 1964
1964 440 1335
2159 2807 2961
2807 2159 2961
2961 2159 2807
2924 693 1187
1187 693 2924
693 1187 2924
1647 1085 1301
1301 1085 1647
1085 1301 1647
872 1419 1476
1419 872 1476
1476 872 1419
1003 1660 2555
1660 1003 2555
2555 1003 1660
148 266 1375
266 148 1375
1375 148 266
2442 156 2847
156 2442 2847
2847 156 2442
2035 1909 1948
1909 1948 2035
1948 1909 2035
1720 1215 2434
2434 1215 1720
1215 1720 2434
1633 1780 2629
1780 1633 2629
2629 1633 1780
1684 142 878
878 142 1684
142 878 1684
1064 859 1490
1490 859 1064
859 1064 1490
2269 1086 2414
1086 2269 2414
2414 1086 2269
2667 628 2656
628 2656 2667
2656 628 2667
2317 207 2107
207 2107 2317
2107 207 2317
434 1143 2638
2638 434 1143
1143 434 2638
940 1435 2956
2956 940 1435
1435 940 2956
1784 2008 2142
2142 1784 2008
2008 1784 2142
237 887 1826
887 237 1826
1826 237 887
27 1868 1986
1986 27 1868
1868 27 1986
1319 28 1679
28 1319 1679
1679 28 1319
1581 1068 1880
1068 1581 1880
1880 1068 1581
1960 1501 2595
1501 1960 2595
2595 1501 1960
1238 559 2905
559 1238 2905
2905 559 1238
982 5 1582
1582 5 982
5 982 1582
1174 1553 2173
2173 1174 1553
1553 1174 2173
94 2179 2800
2800 94 2179
2179 94 2800
111 2574 2790
2790 111 2574
2574 111 2790
1427 539 2245
539 1427 2245
2245 539 1427
1665 107 2316
107 1665 2316
2316 107 1665
766 1702 2394
1702 766 2394
2394 766 1702
2502 1460 2763
2763 1460 2502
1460 2502 2763
1443 1842 2305
1842 1443 2305
2305 1443 1842
1944 332 1343
332 1343 1944
1343 332 1944
2864 17 956
17 956 2864
956 17 2864
874 49 1666
49 874 1666
1666 49 874
657 430 643
430 643 657
643 430 657
1535 1189 1916
1189 1535 1916
1916 1189 1535
418 186 1764
1764 186 418
186 418 1764
2901 477 2387
477 2387 2901
2387 477 2901
2177 444 2732
2732 444 2177
444 2177 2732
2178 52 705
705 52 2178
52 705 2178
350 125 1416
125 350 1416
1416 125 350
2322 108 1822
1822 108 2322
108 1822 2322
2345 1834 2974
2974 1834 2345
1834 2345 2974
1567 1617 2761
2761 1567 1617
1617 1567 2761
1977 359 533
359 533 1977
533 359 1977
1242 1108 2882
1108 1242 2882
2882 1108 1242
1474 182 2981
182 1474 2981
2981 182 1474
2026 1818 2141
1818 2026 2141
2141 1818 2026
549 1392 2610
1392 549 2610
2610 549 1392
1957 591 2393
2393 591 1957
591 1957 2393
764 1328 2744
1328 764 2744
2744 764 1328
2657 2298 2936
2936 2298 2657
2298 2657 2936
898 32 1072
32 898 1072
1072 32 898
845 649 2220
2220 649 845
649 845 2220
1017 2391 2918
2391 1017 2918
2918 1017 2391
2167 560 836
560 836 2167
836 560 2167
790 909 2509
2509 790 909
909 790 2509
214 168 619
168 214 619
619 168 214
1420 1042 1204
1042 1204 1420
1204 1042 1420
863 546 937
546 863 937
937 546 863
737 183 1116
1116 183 737
183 737 1116
2247 653 2464
2464 653 2247
653 2247 2464
1021 1777 2689
2689 1021 1777
1777 1021 2689
164 823 2614
2614 164 823
823 164 2614
1291 822 1638
822 1291 1638
1638 822 1291
2255 1539 2516
2516 1539 2255
1539 2255 2516
761 1032 1732
1032 761 1732
1732 761 1032
838 897 2867
897 838 2867
2867 838 897
2238 388 2994
388 2238 2994
2994 388 2238
2863 1585 2401
1585 2401 2863
2401 1585 2863
1855 574 2966
574 1855 2966
2966 574 1855
165 1438 2459
1438 165 2459
2459 165 1438
1067 734 2805
734 1067 2805
2805 734 1067
2086 782 2117
2117 782 2086
782 2086 2117
400 607 1468
607 400 1468
1468 400 607
1330 259 369
259 369 1330
369 259 1330
206 2158 2537
2158 206 2537
2537 206 2158
670 1621 1955
1955 670 1621
1621 670 1955
791 2155 2332
2155 791 2332
2332 791 2155
2227 1235 1609
1609 1235 2227
1235 1609 2227
2174 2097 2787
2097 2174 2787
2787 2097 2174
2752 2037 2210
2210 2037 2752
2037 2210 2752
1930 777 2279
777 1930 2279
2279 777 1930
427 486 520
486 427 520
520 427 486
2407 1137 2708
1137 2407 2708
2708 1137 2407
209 129 2437
129 209 2437
2437 129 209
910 2440 2586
2440 910 2586
2586 910 2440
2289 41 2826
41 2289 2826
2826 41 2289
594 1774 2411
1774 594 2411
2411 594 1774
2224 479 1325
1325 479 2224
479 1325 2224
2942 792 876
876 792 2942
792 876 2942
1244 1356 2203
1356 1244 2203
2203 1244 1356
1279 696 1594
1594 696 1279
696 1279 1594
2138 1057 2063
1057 2063 2138
2063 1057 2138
613 1705 2885
1705 613 2885
2885 613 1705
443 1358 1928
1358 443 1928
1928 443 1358
2758 690 1785
1785 690 2758
690 1785 2758
2729 184 1512
184 1512 2729
1512 184 2729
2922 682 818
682 818 2922
818 682 2922
1580 1736 1794
1736 1580 1794
1794 1580 1736
773 2457 2533
2457 773 2533
2533 773 2457
2671 1713 2071
2071 1713 2671
1713 2071 2671
412 663 2004
2004 412 663
663 412 2004
610 155 2728
2728 155 610
155 610 2728
1259 1978 2181
1978 1259 2181
2181 1259 1978
1376 81 2935
2935 81 1376
81 1376 2935
2070 837 2879
837 2070 2879
2879 837 2070
2217 304 378
304 378 2217
378 304 2217
2809 691 841
691 841 2809
841 691 2809
2703 679 725
679 725 2703
725 679 2703
1989 1207 2913
1207 1989 2913
2913 1207 1989
975 337 1205
1205 337 975
337 975 1205
1462 896 1062
1062 896 1462
896 1062 1462
2939 986 2128
2128 986 2939
986 2128 2939
2257 1716 1897
1716 1897 2257
1897 1716 2257
2456 149 1186
1186 149 2456
149 1186 2456
1692 35 742
742 35 1692
35 742 1692
2690 1704 2307
2307 1704 2690
1704 2307 2690
1741 945 2822
2822 945 1741
945 1741 2822
1073 1748 2891
1748 1073 2891
2891 1073 1748
553 542 1493
1493 542 553
542 553 1493
827 2494 2932
2494 827 2932
2932 827 2494
524 915 1485
1485 524 915
915 524 1485
2153 1206 2501
1206 2153 2501
2501 1206 2153
2445 377 500
377 500 2445
500 377 2445
1309 669 719
719 669 1309
669 719 1309
373 283 1936
1936 283 373
283 373 1936
2562 1659 2861
1659 2562 2861
2861 1659 2562
2881 1078 2967
1078 2881 2967
2967 1078 2881
2012 820 1889
1889 820 2012
820 1889 2012
1900 1089 2931
1089 1900 2931
2931 1089 1900
993 246 2075
246 993 2075
2075 246 993
99 1045 2740
1045 99 2740
2740 99 1045
2908 1980 2765
1980 2765 2908
2765 1980 2908
121 1365 2970
2970 121 1365
1365 121 2970
1595 428 1096
428 1096 1595
1096 428 1595
776 80 1939
1939 80 776
80 776 1939
2249 784 1398
784 1398 2249
1398 784 2249
2522 550 1001
1001 550 2522
550 1001 2522
128 1028 1043
1028 128 1043
1043 128 1028
1403 885 2497
2497 885 1403
885 1403 2497
654 385 2352
2352 385 654
385 654 2352
2802 1170 1302
1302 1170 2802
1170 1302 2802
541 704 2898
704 541 2898
2898 541 704
2162 984 1123
1123 984 2162
984 1123 2162
1544 618 2801
618 1544 2801
2801 618 1544
504 661 1562
1562 504 661
661 504 1562
799 708 2082
2082 708 799
708 799 2082
2185 830 2889
2889 830 2185
830 2185 2889
1404 1124 1669
1124 1404 1669
1669 1124 1404
2199 1099 2335
2335 1099 2199
1099 2199 2335
2473 2542 2565
2565 2473 2542
2542 2473 2565
2363 286 1153
1153 286 2363
286 1153 2363
177 508 1838
508 177 1838
1838 177 508
270 1536 2837
2837 270 1536
1536 270 2837
1479 1294 1577
1577 1294 1479
1294 1479 1577
664 379 866
379 664 866
866 379 664
1761 50 371
371 50 1761
50 371 1761
234 1483 1776
1776 234 1483
1483 234 1776
2444 948 2971
948 2444 2971
2971 948 2444
1265 1596 2192
1596 1265 2192
2192 1265 1596
1232 281 1947
1947 281 1232
281 1232 1947
1981 646 963
963 646 1981
646 963 1981
1063 1672 2299
2299 1063 1672
1672 1063 2299
2349 869 871
869 871 2349
871 869 2349
2678 175 1911
175 1911 2678
1911 175 2678
126 1758 2553
2553 126 1758
1758 126 2553
2529 47 2986
47 2529 2986
2986 47 2529
2376 926 2601
2601 926 2376
926 2376 2601
1560 1115 1726
1115 1560 1726
1726 1115 1560
2308 192 990
990 192 2308
192 990 2308
372 1953 2108
2108 372 1953
1953 372 2108
376 950 1694
950 376 1694
1694 376 950
1988 222 2029
222 1988 2029
2029 222 1988
1644 851 2520
2520 851 1644
851 1644 2520
694 1968 2388
2388 694 1968
1968 694 2388
2975 1160 1273
1273 1160 2975
1160 1273 2975
7 1513 2806
2806 7 1513
1513 7 2806
31 2084 2320
2320 31 2084
2084 31 2320
481 1299 2768
2768 481 1299
1299 481 2768
1102 917 2222
917 1102 2222
2222 917 1102
44 2333 2626
2626 44 2333
2333 44 2626
401 1133 2356
2356 401 1133
1133 401 2356
1934 1058 2357
2357 1058 1934
1058 1934 2357
2528 282 1929
282 1929 2528
1929 282 2528
1833 1497 1526
1497 1526 1833
1526 1497 1833
211 1263 1959
1959 211 1263
1263 211 1959
2757 71 2717
71 2717 2757
2717 71 2757
518 1167 2541
1167 518 2541
2541 518 1167
2425 771 2072
771 2072 2425
2072 771 2425
1801 1256 2875
1256 1801 2875
2875 1256 1801
2652 459 2354
2354 459 2652
459 2354 2652
322 1194 1867
1867 322 1194
1194 322 1867
1570 320 923
320 923 1570
923 320 1570
2818 2282 2374
2374 2282 2818
2282 2374 2818
1820 1388 2477
2477 1388 1820
1388 1820 2477
503 1469 2588
1469 503 2588
2588 503 1469
439 398 2038
2038 398 439
398 439 2038
2088 870 892
870 892 2088
892 870 2088
1248 4 883
4 883 1248
883 4 1248
2531 561 2370
2370 561 2531
561 2370 2531
2133 53 797
797 53 2133
53 797 2133
2706 408 2803
408 2706 2803
2803 408 2706
2554 538 1436
1436 538 2554
538 1436 2554
611 2347 2637
2637 611 2347
2347 611 2637
1972 366 1628
1628 366 1972
366 1628 1972
1569 1498 2627
2627 1498 1569
1498 1569 2627
779 83 2291
83 779 2291
2291 83 779
55 900 1270
1270 55 900
900 55 1270
1423 1394 2859
2859 1394 1423
1394 1423 2859
2877 354 1311
354 1311 2877
1311 354 2877
1940 568 750
750 568 1940
568 750 1940
2984 1746 2876
2876 1746 2984
1746 2876 2984
1851 204 390
204 390 1851
390 204 1851
1161 666 1707
1707 666 1161
666 1161 1707
1384 2314 2491
2314 1384 2491
2491 1384 2314
2512 1742 2833
1742 2512 2833
2833 1742 2512
2524 2270 2432
2432 2270 2524
2270 2432 2524
89 167 2989
167 89 2989
2989 89 167
202 2036 2618
2618 202 2036
2036 202 2618
1329 1952 2698
2698 1329 1952
1952 1329 2698
2860 1044 2831
1044 2831 2860
2831 1044 2860
1176 882 2916
882 1176 2916
2916 882 1176
1415 59 1856
1856 59 1415
59 1415 1856
992 1281 1424
1424 992 1281
1281 992 1424
2010 12 2058
2058 12 2010
12 2010 2058
471 1946 2850
2850 471 1946
1946 471 2850
1354 556 593
593 556 1354
556 593 1354
833 660 1706
660 833 1706
1706 660 833
409 1655 2129
1655 409 2129
2129 409 1655
680 213 312
312 213 680
213 312 680
2325 112 2311
2311 112 2325
112 2311 2325
595 2000 2364
2000 595 2364
2364 595 2000
651 536 2976
2976 536 651
536 651 2976
1336 1366 2031
2031 1336 1366
1366 1336 2031
1280 274 1866
1866 274 1280
274 1280 1866
203 1379 2416
2416 203 1379
1379 203 2416
306 34 1614
1614 34 306
34 306 1614
410 831 2472
831 410 2472
2472 410 831
1225 1397 2405
2405 1225 1397
1397 1225 2405
2152 1551 2814
1551 2152 2814
2814 1551 2152
1117 672 1151
672 1117 1151
1151 672 1117
2022 1306 1800
1800 1306 2022
1306 1800 2022
621 774 1872
1872 621 774
774 621 1872
2492 2049 2132
2132 2049 2492
2049 2132 2492
2624 576 1962
576 1962 2624
1962 576 2624
1894 264 1895
1895 264 1894
264 1894 1895
562 645 1852
645 562 1852
1852 562 645
842 775 1192
1192 775 842
775 842 1192
22 476 2198
476 22 2198
2198 22 476
2940 1635 1755
1755 1635 2940
1635 1755 2940
465 1035 2853
2853 465 1035
1035 465 2853
2997 616 2426
2426 616 2997
616 2426 2997
2016 1131 2888
1131 2016 2888
2888 1131 2016
73 180 187
180 73 187
187 73 180
1874 535 2239
2239 535 1874
535 1874 2239
2302 596 1670
596 1670 2302
1670 596 2302
979 627 2737
2737 627 979
627 979 2737
765 1714 1793
1714 765 1793
1793 765 1714
2045 1037 1395
1037 1395 2045
1395 1037 2045
865 600 943
943 600 865
600 865 943
1275 159 692
159 692 1275
692 159 1275
2251 973 1112
973 1112 2251
1112 973 2251
255 826 1561
1561 255 826
826 255 1561
1993 2053 2400
2053 1993 2400
2400 1993 2053
138 447 2534
447 138 2534
2534 138 447
2113 172 974
974 172 2113
172 974 2113
2894 78 2914
2914 78 2894
78 2894 2914
2326 16 1258
1258 16 2326
16 1258 2326
2523 529 1088
529 1088 2523
1088 529 2523
1437 1407 1956
1956 1407 1437
1407 1437 1956
1533 1860 2092
2092 1533 1860
1860 1533 2092
145 333 1051
333 145 1051
1051 145 333
2412 256 1898
256 1898 2412
1898 256 2412
1470 1699 2125
2125 1470 1699
1699 1470 2125
1825 1332 2794
1332 1825 2794
2794 1332 1825
609 2087 2673
2087 609 2673
2673 609 2087
2581 311 2334
2334 311 2581
311 2334 2581
2977 588 1516
588 1516 2977
1516 588 2977
2829 242 273
273 242 2829
242 273 2829
717 158 2718
158 717 2718
2718 158 717
555 2034 2474
2474 555 2034
2034 555 2474
1449 254 929
929 254 1449
254 929 1449
2784 1217 1738
1738 1217 2784
1217 1738 2784
687 353 2360
2360 353 687
353 687 2360
457 648 2781
2781 457 648
648 457 2781
2024 997 2518
997 2024 2518
2518 997 2024
1010 747 1360
1360 747 1010
747 1010 1360
1643 2011 2234
2234 1643 2011
2011 1643 2234
1481 698 2514
2514 698 1481
698 1481 2514
1809 548 1305
548 1305 1809
1305 548 1809
325 284 1178
1178 284 325
284 325 1178
1681 733 2655
2655 733 1681
733 1681 2655
84 768 2423
2423 84 768
768 84 2423
1502 2315 2756
2315 1502 2756
2756 1502 2315
2505 2290 2738
2290 2505 2738
2738 2290 2505
825 1586 2176
2176 825 1586
1586 825 2176
673 839 2392
2392 673 839
839 673 2392
315 1922 1992
1922 315 1992
1992 315 1922
2261 894 2014
894 2014 2261
2014 894 2261
527 789 2915
2915 527 789
789 527 2915
608 363 1047
363 608 1047
1047 363 608
1700 1111 2585
2585 1111 1700
1111 1700 2585
1812 137 2635
2635 137 1812
137 1812 2635
190 1177 1652
1652 190 1177
1177 190 1652
2575 1252 1919
1252 1919 2575
1919 1252 2575
1576 445 1546
445 1546 1576
1546 445 1576
2277 2246 2427
2427 2246 2277
2246 2277 2427
1770 335 2188
2188 335 1770
335 1770 2188
1094 294 686
294 686 1094
686 294 1094
2941 1689 1847
1689 1847 2941
1847 1689 2941
2429 251 2633
251 2429 2633
2633 251 2429
969 1070 1509
1509 969 1070
1070 969 1509
1528 2206 2306
2206 1528 2306
2306 1528 2206
579 1100 1472
1100 579 1472
1472 579 1100
2782 1009 1631
1631 1009 2782
1009 1631 2782
1494 352 1052
352 1052 1494
1052 352 1494
308 205 1668
1668 205 308
205 308 1668
531 1601 1608
1608 531 1601
1601 531 1608
1484 161 756
161 756 1484
756 161 1484
960 647 1313
1313 647 960
647 960 1313
1157 1440 2424
2424 1157 1440
1440 1157 2424
1049 834 3000
3000 834 1049
834 1049 3000
2047 1322 1961
1961 1322 2047
1322 1961 2047
42 656 1835
1835 42 656
656 42 1835
2202 188 313
313 188 2202
188 313 2202
1065 736 2645
736 1065 2645
2645 736 1065
1676 139 2258
2258 139 1676
139 1676 2258
2985 120 2651
2651 120 2985
120 2651 2985
2228 2241 2920
2920 2228 2241
2241 2228 2920
2301 169 2650
169 2301 2650
2650 169 2301
1976 912 1410
1410 912 1976
912 1410 1976
606 226 249
249 226 606
226 249 606
1565 1324 1489
1324 1489 1565
1489 1324 1565
1729 426 1685
1685 426 1729
426 1685 1729
223 1697 2481
1697 223 2481
2481 223 1697
338 2420 2886
2420 338 2886
2886 338 2420
1008 258 1744
1744 258 1008
258 1008 1744
2544 467 1463
1463 467 2544
467 1463 2544
2417 1541 1824
1541 1824 2417
1824 1541 2417
2285 946 1845
1845 946 2285
946 1845 2285
947 248 2631
2631 248 947
248 947 2631
122 1346 2020
2020 122 1346
1346 122 2020
1175 2114 2813
2813 1175 2114
2114 1175 2813
741 135 2546
2546 135 741
135 741 2546
56 69 396
396 56 69
69 56 396
843 1168 2789
1168 843 2789
2789 843 1168
2684 450 1974
450 1974 2684
1974 450 2684
2073 850 1083
1083 850 2073
850 1083 2073
298 217 1268
1268 217 298
217 298 1268
1222 317 2796
2796 317 1222
317 1222 2796
877 433 2428
2428 433 877
433 877 2428
1623 639 2085
2085 639 1623
639 1623 2085
620 290 1602
1602 290 620
290 620 1602
1290 1663 2955
2955 1290 1663
1663 1290 2955
1658 847 2342
847 1658 2342
2342 847 1658
1814 1298 2362
2362 1298 1814
1298 1814 2362
2679 62 2266
2266 62 2679
62 2266 2679
191 424 2250
424 191 2250
2250 191 424
590 235 2872
2872 235 590
235 590 2872
2404 711 1347
1347 711 2404
711 1347 2404
268 1674 2452
1674 268 2452
2452 268 1674
959 66 573
573 66 959
66 573 959
2558 279 2104
2104 279 2558
279 2104 2558
2180 20 1799
1799 20 2180
20 1799 2180
534 1014 2538
2538 534 1014
1014 534 2538
413 397 586
586 397 413
397 413 586
455 2593 2775
2593 455 2775
2775 455 2593
1832 829 2131
2131 829 1832
829 1832 2131
2897 1649 2911
1649 2897 2911
2911 1649 2897
1772 2646 2707
2646 1772 2707
2707 1772 2646
2712 728 2995
728 2712 2995
2995 728 2712
2759 655 1053
655 1053 2759
1053 655 2759
2490 1156 2187
1156 2187 2490
2187 1156 2490
181 1532 1923
1923 181 1532
1532 181 1923
2503 1547 2462
1547 2462 2503
2462 1547 2503
1381 735 2079
735 1381 2079
2079 735 1381
999 1019 1220
1220 999 1019
1019 999 1220
2804 299 676
676 299 2804
299 676 2804
2521 1183 2337
2337 1183 2521
1183 2337 2521
2683 358 1932
358 1932 2683
1932 358 2683
76 1288 2506
1288 76 2506
2506 76 1288
2808 1467 2880
2880 1467 2808
1467 2808 2880
1737 1091 2700
2700 1091 1737
1091 1737 2700
748 2083 2191
2083 748 2191
2191 748 2083
2385 722 922
722 922 2385
922 722 2385
2232 1653 2596
2596 1653 2232
1653 2232 2596
415 9 2792
2792 9 415
9 415 2792
1430 1103 2194
2194 1103 1430
1103 1430 2194
1599 393 2733
393 1599 2733
2733 393 1599
1629 1908 2057
2057 1629 1908
1908 1629 2057
1696 695 1150
1150 695 1696
695 1150 1696
2044 2230 2372
2372 2044 2230
2230 2044 2372
1327 1255 2620
1255 1327 2620
2620 1255 1327
2947 537 916
916 537 2947
537 916 2947
2096 230 2340
2340 230 2096
230 2096 2340
753 914 2051
2051 753 914
914 753 2051
2851 275 2021
275 2021 2851
2021 275 2851
2109 780 2112
2112 780 2109
780 2109 2112
1510 324 1293
1293 324 1510
324 1293 1510
2799 2229 2365
2365 2229 2799
2229 2365 2799
70 581 1459
1459 70 581
581 70 1459
2283 815 2704
2704 815 2283
815 2283 2704
954 1368 2643
2643 954 1368
1368 954 2643
105 38 261
261 38 105
38 105 261
685 2675 2869
2675 685 2869
2869 685 2675
1627 1887 2144
2144 1627 1887
1887 1627 2144
146 151 2164
151 146 2164
2164 146 151
368 715 1877
715 368 1877
1877 368 715
195 1574 2557
1574 195 2557
2557 195 1574
2389 942 2479
2479 942 2389
942 2389 2479
2548 51 749
51 749 2548
749 51 2548
2099 530 1228
1228 530 2099
530 1228 2099
87 402 786
786 87 402
402 87 786
196 1607 1695
1695 196 1607
1607 196 1695
592 1318 1350
1350 592 1318
1318 592 1350
1046 864 1214
864 1046 1214
1214 864 1046
2644 689 1775
689 1775 2644
1775 689 2644
2634 767 2256
2256 767 2634
767 2256 2634
2368 417 2460
417 2368 2460
2460 417 2368
2836 157 2027
157 2027 2836
2027 157 2836
1471 1871 2884
2884 1471 1871
1871 1471 2884
1927 458 551
458 551 1927
551 458 1927
1682 1779 2609
2609 1682 1779
1779 1682 2609
25 1678 2015
2015 25 1678
1678 25 2015
2025 174 2499
2499 174 2025
174 2025 2499
1154 162 965
965 162 1154
162 965 1154
2454 310 1342
1342 310 2454
310 1342 2454
1120 86 1725
86 1120 1725
1725 86 1120
2182 1213 1891
1213 1891 2182
1891 1213 2182
1480 470 1195
470 1195 1480
1195 470 1480
644 1411 2439
1411 644 2439
2439 644 1411
1703 215 583
583 215 1703
215 583 1703
2599 1514 2755
2755 1514 2599
1514 2599 2755
1618 828 1904
1904 828 1618
828 1618 1904
2157 1639 2186
2186 1639 2157
1639 2157 2186
2724 849 1693
849 1693 2724
1693 849 2724
2527 557 1739
1739 557 2527
557 1739 2527
1292 1386 1998
1998 1292 1386
1386 1292 1998
2904 1849 2242
1849 2242 2904
2242 1849 2904
1650 1147 2783
1147 1650 2783
2783 1147 1650
1722 40 229
229 40 1722
40 229 1722
952 927 1718
927 952 1718
1718 927 952
681 1572 1603
1572 681 1603
1603 681 1572
422 309 991
991 309 422
309 422 991
886 1211 1400
1211 886 1400
1400 886 1211
423 1731 2606
2606 423 1731
1731 423 2606
2600 860 2641
2641 860 2600
860 2600 2641
1505 1162 2665
1162 1505 2665
2665 1162 1505
1879 966 2723
966 1879 2723
2723 966 1879
709 2564 2828
2828 709 2564
2564 709 2828
1432 772 2953
772 1432 2953
2953 772 1432
1548 499 2240
2240 499 1548
499 1548 2240
1537 1782 2714
2714 1537 1782
1782 1537 2714
58 1039 1683
1683 58 1039
1039 58 1683
1605 891 1815
1815 891 1605
891 1605 1815
2632 1188 1240
1188 1240 2632
1240 1188 2632
2284 578 2910
578 2284 2910
2910 578 2284
37 496 1061
1061 37 496
496 37 1061
1129 1950 2873
1950 1129 2873
2873 1129 1950
2019 2065 2140
2140 2019 2065
2065 2019 2140
684 754 2577
754 684 2577
2577 684 754
2149 1740 2949
2949 1740 2149
1740 2149 2949
1422 758 2576
2576 758 1422
758 1422 2576
1385 2545 2559
2559 1385 2545
2545 1385 2559
1224 1473 2696
1473 1224 2696
2696 1224 1473
1881 280 544
544 280 1881
280 544 1881
1193 1181 2659
1181 1193 2659
2659 1181 1193
1374 1396 2196
2196 1374 1396
1396 1374 2196
1024 1611 2419
1611 1024 2419
2419 1024 1611
1606 173 257
173 257 1606
257 173 1606
1455 60 1079
60 1079 1455
1079 60 1455
770 300 699
699 300 770
300 699 770
2300 331 599
331 599 2300
599 331 2300
1412 449 1276
1276 449 1412
449 1276 1412
436 1848 2154
1848 436 2154
2154 436 1848
473 74 540
74 473 540
540 74 473
2998 79 2350
79 2350 2998
2350 79 2998
2018 1938 2902
1938 2018 2902
2902 1938 2018
2721 856 1182
1182 856 2721
856 1182 2721
2900 880 944
944 880 2900
880 944 2900
1937 178 667
178 667 1937
667 178 1937
1612 3 90
3 90 1612
90 3 1612
2795 630 2165
630 2165 2795
2165 630 2795
403 365 2453
2453 365 403
365 403 2453
1060 1081 1172
1172 1060 1081
1081 1060 1172
2039 971 2666
2666 971 2039
971 2039 2666
832 252 2539
2539 252 832
252 832 2539
1452 265 2209
265 1452 2209
2209 265 1452
697 1710 2954
2954 697 1710
1710 697 2954
329 110 2168
2168 110 329
110 329 2168
2213 14 1005
1005 14 2213
14 1005 2213
1817 2248 2535
2535 1817 2248
2248 1817 2535
260 514 2253
514 260 2253
2253 260 514
1529 1745 2919
2919 1529 1745
1745 1529 2919
1487 867 1763
867 1487 1763
1763 867 1487
532 1983 2672
1983 532 2672
2672 532 1983
597 1006 1454
1006 597 1454
1454 597 1006
795 2263 2461
2263 795 2461
2461 795 2263
2612 1862 2560
1862 2560 2612
2560 1862 2612
2764 262 406
406 262 2764
262 406 2764
490 1967 2231
2231 490 1967
1967 490 2231
2987 710 2943
2943 710 2987
710 2943 2987
1651 1511 1690
1511 1651 1690
1690 1511 1651
801 323 580
580 323 801
323 580 801
980 1104 1994
1994 980 1104
1104 980 1994
934 236 1882
236 934 1882
1882 236 934
1338 2151 2695
2151 1338 2695
2695 1338 2151
1990 2116 2435
2435 1990 2116
2116 1990 2435
1401 118 814
814 118 1401
118 814 1401
634 2243 2517
2517 634 2243
2243 634 2517
1155 1107 1434
1107 1155 1434
1434 1107 1155
2052 976 1323
1323 976 2052
976 1323 2052
1380 587 720
720 587 1380
587 720 1380
617 1000 2663
2663 617 1000
1000 617 2663
303 2319 2778
2319 303 2778
2778 303 2319
394 389 985
389 394 985
985 389 394
1315 1286 1839
1286 1315 1839
1839 1286 1315
729 1558 1778
1778 729 1558
1558 729 1778
1145 362 2959
362 1145 2959
2959 362 1145
2397 615 1913
615 1913 2397
1913 615 2397
2773 2532 2749
2749 2532 2773
2532 2749 2773
2508 1921 2731
1921 2508 2731
2731 1921 2508
2619 1352 1925
1925 1352 2619
1352 1925 2619
2934 1048 2484
1048 2484 2934
2484 1048 2934
1869 367 2958
2958 367 1869
367 1869 2958
677 2568 2664
2664 677 2568
2568 677 2664
291 1890 2361
2361 291 1890
1890 291 2361
2101 707 1636
1636 707 2101
707 1636 2101
901 1166 1975
1975 901 1166
1166 901 1975
1125 1451 1461
1451 1125 1461
1461 1125 1451
821 1390 1821
1821 821 1390
1390 821 1821
346 464 1902
1902 346 464
464 346 1902
2443 746 2118
2118 746 2443
746 2118 2443
571 448 2328
2328 448 571
448 571 2328
794 407 904
904 407 794
407 794 904
1056 638 1743
1743 638 1056
638 1056 1743
2536 194 723
194 723 2536
723 194 2536
1260 972 1798
1798 972 1260
972 1260 1798
1271 1540 2504
2504 1271 1540
1540 1271 2504
2076 65 269
65 269 2076
269 65 2076
565 757 873
873 565 757
757 565 873
2382 421 2056
421 2056 2382
2056 421 2382
2455 751 2839
2839 751 2455
751 2455 2839
1724 1711 2734
2734 1711 1724
1711 1724 2734
1477 1113 2288
1113 1477 2288
2288 1113 1477
2127 523 2948
2948 523 2127
523 2127 2948
2023 1795 2212
2212 1795 2023
1795 2023 2212
1861 68 243
68 243 1861
243 68 1861
1554 1245 2095
1245 1554 2095
2095 1245 1554
441 245 2727
2727 245 441
245 441 2727
2371 1864 2926
2926 1864 2371
1864 2371 2926
1810 339 1478
339 1478 1810
1478 339 1810
1941 10 2832
2832 10 1941
10 1941 2832
1550 516 2447
516 1550 2447
2447 516 1550
570 1097 2041
1097 570 2041
2041 570 1097
468 881 1128
881 468 1128
1128 468 881
1542 1114 2353
1114 1542 2353
2353 1114 1542
228 1227 2208
2208 228 1227
1227 228 2208
1943 404 1807
1807 404 1943
404 1807 1943
2358 326 1499
326 1499 2358
1499 326 2358
2003 857 1903
1903 857 2003
857 1903 2003
905 104 2686
104 905 2686
2686 104 905
1579 1549 2032
2032 1549 1579
1549 1579 2032
2482 2486 2973
2973 2482 2486
2486 2482 2973
2488 1142 1749
1749 1142 2488
1142 1749 2488
1218 2030 2841
2841 1218 2030
2030 1218 2841
2979 2925 2957
2957 2925 2979
2925 2957 2979
2384 732 2161
732 2161 2384
2161 732 2384
893 21 605
21 605 893
605 21 893
2751 701 924
701 924 2751
924 701 2751
1991 1029 2403
1029 1991 2403
2403 1029 1991
2343 85 2418
2418 85 2343
85 2343 2418
1169 1588 2292
2292 1169 1588
1588 1169 2292
272 106 1876
106 272 1876
1876 106 272
1723 793 2205
793 1723 2205
2205 793 1723
2009 846 1373
846 1373 2009
1373 846 2009
2519 781 932
781 932 2519
932 781 2519
419 2330 2469
2469 419 2330
2330 419 2469
1687 349 1457
349 1457 1687
1457 349 1687
201 755 2812
2812 201 755
755 201 2812
2267 920 2670
920 2267 2670
2670 920 2267
131 2616 2741
2616 131 2741
2741 131 2616
2780 1762 2295
2295 1762 2780
1762 2295 2780
1730 1101 1756
1756 1101 1730
1101 1730 1756
1090 1229 1506
1229 1090 1506
1506 1090 1229
1148 853 1364
853 1148 1364
1364 853 1148
787 1496 2824
1496 787 2824
2824 787 1496
671 640 1212
1212 640 671
640 671 1212
961 796 2815
796 961 2815
2815 796 961
18 805 2115
2115 18 805
805 18 2115
604 374 2709
374 604 2709
2709 374 604
2200 906 1492
1492 906 2200
906 1492 2200
2846 1593 1662
1662 1593 2846
1593 1662 2846
858 411 844
844 411 858
411 844 858
1885 1179 2647
2647 1179 1885
1179 1885 2647
983 1251 1790
1790 983 1251
1251 983 1790
935 2062 2788
2788 935 2062
2062 935 2788
2912 1121 1134
1134 1121 2912
1121 1134 2912
1234 2106 2692
2106 1234 2692
2692 1234 2106
1080 24 1520
24 1080 1520
1520 24 1080
813 1216 2573
2573 813 1216
1216 813 2573
809 2080 2893
2080 809 2893
2893 809 2080
2273 1626 2219
2219 1626 2273
1626 2219 2273
1619 2055 2834
2834 1619 2055
2055 1619 2834
2160 505 641
505 641 2160
641 505 2160
2797 962 1282
962 1282 2797
1282 962 2797
2661 1804 2857
2857 1804 2661
1804 2661 2857
2750 1525 1751
1525 1751 2750
1751 1525 2750
437 478 2002
2002 437 478
478 437 2002
493 564 2373
564 493 2373
2373 493 564
1597 798 1488
798 1488 1597
1488 798 1597
227 39 2992
39 227 2992
2992 39 227
1165 2856 2929
2856 1165 2929
2929 1165 2856
54 1966 2988
1966 54 2988
2988 54 1966
351 714 2379
2379 351 714
714 351 2379
1433 1034 2496
2496 1034 1433
1034 1433 2496
1987 160 1361
1361 160 1987
160 1361 1987
2511 1715 2130
2130 1715 2511
1715 2130 2511
2713 1363 1942
1363 1942 2713
1942 1363 2713
48 622 1030
1030 48 622
622 48 1030
2324 97 2584
97 2324 2584
2584 97 2324
1310 1110 1257
1257 1110 1310
1110 1257 1310
2720 2748 2835
2835 2720 2748
2748 2720 2835
1754 485 2338
2338 485 1754
485 1754 2338
2102 1811 2408
2408 1811 2102
1811 2102 2408
1378 1391 2344
1391 1378 2344
2344 1378 1391
2413 1829 2123
1829 2123 2413
2123 1829 2413
2312 453 2982
453 2312 2982
2982 453 2312
1033 241 2061
241 1033 2061
2061 241 1033
2726 759 2204
759 2204 2726
2204 759 2726
955 297 2367
297 955 2367
2367 297 955
123 305 1027
305 123 1027
1027 123 305
1873 2134 2980
2134 1873 2980
2980 1873 2134
2899 1892 2487
1892 2487 2899
2487 1892 2899
1414 1159 1278
1159 1278 1414
1278 1159 1414
114 1092 1287
1287 114 1092
1092 114 1287
788 127 1138
127 788 1138
1138 127 788
2552 1303 1344
1303 1344 2552
1344 1303 2552
1209 370 2825
2825 370 1209
370 1209 2825
271 1261 2450
1261 271 2450
2450 271 1261
288 1589 2563
1589 288 2563
2563 288 1589
395 635 1750
635 395 1750
1750 395 635
2043 414 2093
2093 414 2043
414 2043 2093
1933 267 668
267 668 1933
668 267 1933
1317 91 1806
1806 91 1317
91 1317 1806
380 435 1600
1600 380 435
435 380 1600
1680 1495 1673
1673 1495 1680
1495 1673 1680
2762 2098 2923
2098 2762 2923
2923 2098 2762
1405 785 2603
2603 785 1405
785 1405 2603
2779 921 2547
2547 921 2779
921 2547 2779
1803 2089 2163
2089 1803 2163
2163 1803 2089
64 614 2493
614 64 2493
2493 64 614
1920 2276 2654
2654 1920 2276
2276 1920 2654
2903 1190 1857
1857 1190 2903
1190 1857 2903
2339 506 585
585 506 2339
506 585 2339
1355 117 2077
117 1355 2077
2077 117 1355
1504 1765 2171
2171 1504 1765
1765 1504 2171
1543 1233 2701
2701 1233 1543
1233 1543 2701
1995 1591 2068
2068 1591 1995
1591 1995 2068
405 432 2868
2868 405 432
432 405 2868
1002 416 2540
2540 416 1002
416 1002 2540
1979 1007 1907
1907 1007 1979
1007 1907 1979
1760 1285 1486
1486 1285 1760
1285 1486 1760
1316 547 1503
547 1316 1503
1503 547 1316
285 2225 2754
2754 285 2225
2225 285 2754
2304 1152 2817
1152 2304 2817
2817 1152 2304
1675 2485 2776
2776 1675 2485
2485 1675 2776
911 1031 1105
1105 911 1031
1031 911 1105
2395 119 2236
2236 119 2395
119 2236 2395
1517 1425 2849
2849 1425 1517
1425 1517 2849
420 1339 2589
1339 420 2589
2589 420 1339
1661 1075 2380
1075 1661 2380
2380 1075 1661
978 1331 1792
1792 978 1331
1331 978 1792
141 391 1883
1883 141 391
391 141 1883
703 1226 2566
1226 703 2566
2566 703 1226
2628 319 1295
319 1295 2628
1295 319 2628
2001 154 2136
154 2001 2136
2136 154 2001
360 1144 1300
1300 360 1144
1144 360 1300
2139 515 2348
515 2139 2348
2348 515 2139
2399 133 558
133 558 2399
558 133 2399
1973 1076 2483
2483 1076 1973
1076 1973 2483
231 1413 2682
1413 231 2682
2682 231 1413
1592 854 918
918 854 1592
854 918 1592
2386 953 2441
953 2386 2441
2441 953 2386
1767 964 1559
964 1559 1767
1559 964 1767
2059 803 2147
2147 803 2059
803 2059 2147
1827 1093 2005
1093 1827 2005
2005 1093 1827
277 152 2848
152 277 2848
2848 152 277
2550 1768 2211
1768 2211 2550
2211 1768 2550
2811 702 1858
702 1858 2811
1858 702 2811
1274 1198 1337
1198 1274 1337
1337 1198 1274
688 1269 2530
1269 688 2530
2530 688 1269
1648 1312 2366
2366 1312 1648
1312 1648 2366
1135 625 1622
625 1135 1622
1622 625 1135
1118 1171 2840
2840 1118 1171
1171 1118 2840
624 1241 2207
2207 624 1241
1241 624 2207
357 2623 2838
2623 357 2838
2838 357 2623
1701 726 1139
1139 726 1701
726 1139 1701
2422 144 566
566 144 2422
144 566 2422
1184 903 968
903 968 1184
968 903 1184
848 218 2498
218 848 2498
2498 218 848
2465 2223 2622
2223 2465 2622
2622 2223 2465
674 1808 2120
1808 674 2120
2120 674 1808
2262 101 598
101 598 2262
598 101 2262
1119 1087 2331
1087 1119 2331
2331 1087 1119
36 1164 2201
1164 36 2201
2201 36 1164
1444 769 2944
769 1444 2944
2944 769 1444
224 1734 1865
1734 224 1865
1865 224 1734
1610 1667 2122
1667 1610 2122
2122 1610 1667
1604 1924 2960
2960 1604 1924
1924 1604 2960
263 456 1367
1367 263 456
456 263 1367
1126 92 2100
2100 92 1126
92 1126 2100
632 498 2852
2852 498 632
498 632 2852
2821 2156 2378
2378 2156 2821
2156 2378 2821
1254 665 1918
1918 665 1254
665 1254 1918
1431 1023 1563
1023 1431 1563
1563 1023 1431
2883 526 1971
1971 526 2883
526 1971 2883
1997 2190 2383
2383 1997 2190
2190 1997 2383
1717 46 2907
2907 46 1717
46 1717 2907
1846 316 2094
2094 316 1846
316 1846 2094
1788 33 1333
1333 33 1788
33 1333 1788
1878 1054 1475
1054 1475 1878
1475 1054 1878
2260 2341 2458
2341 2260 2458
2458 2260 2341
1781 233 375
233 375 1781
375 233 1781
507 1982 2175
1982 507 2175
2175 507 1982
2126 1984 2937
2937 1984 2126
1984 2126 2937
2143 513 2090
513 2090 2143
2090 513 2143
2259 868 925
925 868 2259
868 925 2259
356 1453 1671
1671 356 1453
1453 356 1671
2006 2054 2617
2617 2006 2054
2054 2006 2617
2844 675 2658
675 2658 2844
2658 675 2844
2699 575 2033
575 2033 2699
2033 575 2699
150 463 2933
463 150 2933
2933 150 463
1289 502 2468
2468 502 1289
502 1289 2468
1082 1587 1753
1587 1082 1753
1753 1082 1587
221 938 2526
938 221 2526
2526 221 938
981 1208 2951
1208 981 2951
2951 981 1208
2855 238 2235
2235 238 2855
238 2235 2855
1708 431 1326
1326 431 1708
431 1326 1708
1634 345 2146
345 1634 2146
2146 345 1634
1109 1199 2605
2605 1109 1199
1199 1109 2605
1914 95 2870
95 1914 2870
2870 95 1914
1191 1844 1985
1844 1191 1985
1985 1191 1844
381 1641 2662
1641 381 2662
2662 381 1641
2591 1040 2150
1040 2150 2591
2150 1040 2591
1773 451 1727
451 1727 1773
1727 451 1773
1575 1465 2722
1465 1575 2722
2722 1465 1575
1439 2078 2135
2078 1439 2135
2135 1439 2078
1963 328 1721
328 1721 1963
1721 328 1963
1429 199 2409
199 1429 2409
2409 199 1429
721 1264 2377
1264 721 2377
2377 721 1264
295 67 1428
67 295 1428
1428 67 295
1709 454 888
454 888 1709
888 454 1709
2193 967 1853
1853 967 2193
967 1853 2193
1334 1095 1296
1095 1296 1334
1296 1095 1334
1875 629 2359
2359 629 1875
629 1875 2359
1371 1899 2336
1899 1371 2336
2336 1371 1899
2074 116 2433
2433 116 2074
116 2074 2433
497 989 1341
989 497 1341
1341 497 989
1266 1132 2309
2309 1132 1266
1132 1266 2309
577 216 512
216 512 577
512 216 577
659 466 1402
1402 466 659
466 659 1402
115 817 1840
817 115 1840
1840 115 817
13 996 1783
1783 13 996
996 13 1783
2265 11 250
11 250 2265
250 11 2265
2271 2642 2845
2642 2271 2845
2845 2271 2642
2999 802 1624
802 1624 2999
1624 802 2999
2415 109 1173
1173 109 2415
109 1173 2415
2602 584 1458
1458 584 2602
584 1458 2602
2583 933 1349
933 1349 2583
1349 933 2583
72 902 2890
2890 72 902
902 72 2890
43 342 1688
342 43 1688
1688 43 342
1442 928 2798
928 1442 2798
2798 928 1442
2390 487 2346
2346 487 2390
487 2346 2390
361 387 1841
387 361 1841
1841 361 387
2725 2081 2921
2081 2725 2921
2921 2081 2725
1297 730 1015
1015 730 1297
730 1015 1297
2470 472 2928
472 2470 2928
2928 472 2470
1098 307 2189
307 1098 2189
2189 307 1098
2753 2471 2476
2476 2471 2753
2471 2476 2753
1534 1766 2495
2495 1534 1766
1766 1534 2495
1201 936 2069
2069 936 1201
936 1201 2069
2323 907 1236
907 1236 2323
1236 907 2323
2124 1418 1884
1418 1884 2124
1884 1418 2124
483 552 2480
552 483 2480
2480 483 552
2318 1819 2351
2351 1819 2318
1819 2318 2351
2402 1284 1445
1445 1284 2402
1284 1445 2402
1508 835 1084
835 1084 1508
1084 835 1508
1383 240 2313
2313 240 1383
240 1383 2313
601 2636 2786
2636 601 2786
2786 601 2636
2697 511 2694
511 2694 2697
2694 511 2697
1771 819 2963
819 1771 2963
2963 819 1771
318 469 824
824 318 469
469 318 824
1906 136 425
425 136 1906
136 425 1906
1949 113 623
623 113 1949
113 623 1949
1802 899 1059
899 1059 1802
1059 899 1802
2639 494 760
494 760 2639
760 494 2639
1523 15 2892
15 1523 2892
2892 15 1523
2278 603 806
603 806 2278
806 603 2278
931 2854 2964
2964 931 2854
2854 931 2964
1446 2040 2446
2446 1446 2040
2040 1446 2446
302 522 808
808 302 522
522 302 808
810 460 1223
1223 460 810
460 810 1223
1556 501 569
501 569 1556
569 501 1556
