1853 302 2652
302 1853 2652
2652 302 1853
544 25 2098
2098 25 544
25 544 2098
1894 2161 2349
2161 1894 2349
2349 1894 2161
1873 2065 2943
2065 1873 2943
2943 1873 2065
2696 899 2810
899 2696 2810
2810 899 2696
294 41 1578
1578 41 294
41 294 1578
590 61 2848
61 590 2848
2848 61 590
2970 1216 2716
1216 2716 2970
2716 1216 2970
1809 430 2640
430 1809 2640
2640 430 1809
251 1942 2344
2344 251 1942
1942 251 2344
761 310 1918
1918 310 761
310 761 1918
2468 2176 2632
2632 2176 2468
2176 2468 2632
131 1302 1512
1512 131 1302
1302 131 1512
2966 2401 2953
2953 2401 2966
2401 2953 2966
426 1039 2954
1039 426 2954
2954 426 1039
551 707 1093
707 551 1093
1093 551 707
1450 2421 2557
2421 1450 2557
2557 1450 2421
2366 752 2196
752 2196 2366
2196 752 2366
2073 1211 1292
1211 1292 2073
1292 1211 2073
824 233 915
915 233 824
233 824 915
2264 1013 1647
1013 1647 2264
1647 1013 2264
2346 1004 1692
1004 1692 2346
1692 1004 2346
1388 1221 2741
2741 1221 1388
1221 1388 2741
173 2246 2387
2387 173 2246
2246 173 2387
1999 1722 2290
2290 1722 1999
1722 1999 2290
1623 76 1729
76 1623 1729
1729 76 1623
359 500 846
500 359 846
846 359 500
2237 431 1572
431 1572 2237
1572 431 2237
1028 46 308
46 308 1028
308 46 1028
2448 1096 2857
1096 2448 2857
2857 1096 2448
1018 138 1009
138 1009 1018
1009 138 1018
1626 1497 2138
1497 1626 2138
2138 1497 1626
1195 959 2155
2155 959 1195
959 1195 2155
1975 606 2103
606 1975 2103
2103 606 1975
2872 1019 2075
2075 1019 2872
1019 2075 2872
2998 2690 2950
2950 2690 2998
2690 2950 2998
1931 220 1938
1938 220 1931
220 1931 1938
1585 130 1460
130 1460 1585
1460 130 1585
2618 1091 2512
1091 2512 2618
2512 1091 2618
1857 459 1008
1008 459 1857
459 1008 1857
1804 412 1899
412 1804 1899
1899 412 1804
2142 1125 1128
1125 1128 2142
1128 1125 2142
2909 136 406
136 406 2909
406 136 2909
640 415 1579
1579 415 640
415 640 1579
2144 11 1829
1829 11 2144
11 1829 2144
1213 586 2437
586 1213 2437
2437 586 1213
1874 141 2563
2563 141 1874
141 1874 2563
1699 688 2877
688 1699 2877
2877 688 1699
2037 767 865
767 865 2037
865 767 2037
2258 923 961
923 961 2258
961 923 2258
79 199 1145
1145 79 199
199 79 1145
759 154 842
842 154 759
154 759 842
236 1260 2231
2231 236 1260
1260 236 2231
2588 214 677
677 214 2588
214 677 2588
2562 1880 1917
1917 1880 2562
1880 1917 2562
1185 133 1521
133 1185 1521
1521 133 1185
2808 1465 2257
1465 2257 2808
2257 1465 2808
1898 664 2070
2070 664 1898
664 1898 2070
1205 2210 2677
2210 1205 2677
2677 1205 2210
999 1983 2838
2838 999 1983
1983 999 2838
2314 2304 2968
2304 2314 2968
2968 2304 2314
806 1651 2493
1651 806 2493
2493 806 1651
1343 1243 2859
1243 1343 2859
2859 1243 1343
921 178 1308
1308 178 921
178 921 1308
319 605 1312
605 319 1312
1312 319 605
1879 1973 2685
2685 1879 1973
1973 1879 2685
835 408 1570
1570 408 835
408 835 1570
534 699 1056
1056 534 699
699 534 1056
1824 1575 2379
2379 1575 1824
1575 1824 2379
1067 913 2084
2084 913 1067
913 1067 2084
153 1499 3000
1499 153 3000
3000 153 1499
2583 694 2094
694 2094 2583
2094 694 2583
779 773 2913
773 779 2913
2913 773 779
1668 653 1412
653 1412 1668
1412 653 1668
1193 322 2479
2479 322 1193
322 1193 2479
2439 50 1423
50 1423 2439
1423 50 2439
2361 224 1264
1264 224 2361
224 1264 2361
2614 218 2177
218 2177 2614
2177 218 2614
373 1583 1796
1796 373 1583
1583 373 1796
181 1397 1551
1397 181 1551
1551 181 1397
345 1157 1765
1157 345 1765
1765 345 1157
2595 737 2370
2370 737 2595
737 2370 2595
2384 1715 1872
1872 1715 2384
1715 1872 2384
1161 623 2149
623 1161 2149
2149 623 1161
1965 2533 2794
2794 1965 2533
2533 1965 2794
2840 392 769
392 769 2840
769 392 2840
396 391 1496
391 396 1496
1496 391 396
1238 1347 2109
2109 1238 1347
1347 1238 2109
1217 469 2147
469 1217 2147
2147 469 1217
2431 2293 2537
2293 2431 2537
2537 2293 2431
370 558 2729
2729 370 558
558 370 2729
2498 52 2825
52 2498 2825
2825 52 2498
1547 750 1439
1439 750 1547
750 1439 1547
1721 986 2053
986 1721 2053
2053 986 1721
2292 2351 2852
2351 2292 2852
2852 2292 2351
547 1285 1396
1396 547 1285
1285 547 1396
1970 9 487
487 9 1970
9 487 1970
1728 73 909
909 73 1728
73 909 1728
1402 365 2413
2413 365 1402
365 1402 2413
2280 683 1861
1861 683 2280
683 1861 2280
2021 530 2567
2567 530 2021
530 2021 2567
1794 388 2191
2191 388 1794
388 1794 2191
2438 2315 2996
2315 2438 2996
2996 2315 2438
2775 1048 2483
1048 2483 2775
2483 1048 2775
2776 253 1457
253 1457 2776
1457 253 2776
2738 1701 1866
1866 1701 2738
1701 1866 2738
2265 2055 2930
2055 2265 2930
2930 2055 2265
417 968 1006
968 417 1006
1006 417 968
405 29 717
29 405 717
717 29 405
2781 1785 2959
2959 1785 2781
1785 2781 2959
460 257 2329
2329 257 460
257 460 2329
112 2031 2665
2031 112 2665
2665 112 2031
524 668 1749
668 524 1749
1749 524 668
882 1187 1734
1187 882 1734
1734 882 1187
440 1287 2517
2517 440 1287
1287 440 2517
2143 2340 2446
2340 2143 2446
2446 2143 2340
527 207 1208
1208 207 527
207 527 1208
1636 1215 2026
2026 1215 1636
1215 1636 2026
2373 33 1746
1746 33 2373
33 1746 2373
1840 198 2536
2536 198 1840
198 1840 2536
1529 607 1690
607 1529 1690
1690 607 1529
105 217 665
665 105 217
217 105 665
1667 841 2582
2582 841 1667
841 1667 2582
646 399 1831
1831 399 646
399 646 1831
1929 885 1180
1180 885 1929
885 1180 1929
749 647 1591
647 749 1591
1591 647 749
424 1070 1663
1070 424 1663
1663 424 1070
2849 864 2612
864 2612 2849
2612 864 2849
307 2961 2990
2990 307 2961
2961 307 2990
2803 533 1615
1615 533 2803
533 1615 2803
1286 1288 1634
1634 1286 1288
1288 1286 1634
1795 1127 2814
2814 1127 1795
1127 1795 2814
2801 992 2982
2982 992 2801
992 2801 2982
1833 1080 2525
2525 1080 1833
1080 1833 2525
1966 772 1919
772 1919 1966
1919 772 1966
2892 1994 2090
2090 1994 2892
1994 2090 2892
906 1337 1338
1338 906 1337
1337 906 1338
2174 75 1279
1279 75 2174
75 1279 2174
1968 802 1836
802 1836 1968
1836 802 1968
2107 1150 2939
1150 2107 2939
2939 1150 2107
905 2417 2843
2843 905 2417
2417 905 2843
1332 273 2410
273 1332 2410
2410 273 1332
1750 1106 1805
1106 1750 1805
1805 1106 1750
2860 723 1324
1324 723 2860
723 1324 2860
1182 357 2605
357 1182 2605
2605 357 1182
2509 438 2902
2902 438 2509
438 2509 2902
1906 78 366
366 78 1906
78 366 1906
2119 1299 1357
1299 1357 2119
1357 1299 2119
1197 1370 1758
1758 1197 1370
1370 1197 1758
1577 1387 2220
1387 1577 2220
2220 1387 1577
911 311 1737
311 911 1737
1737 311 911
1345 177 299
177 299 1345
299 177 1345
410 969 2471
969 410 2471
2471 410 969
1693 654 736
654 736 1693
736 654 1693
2669 485 985
485 985 2669
985 485 2669
1075 480 2227
2227 480 1075
480 1075 2227
380 585 1658
585 380 1658
1658 380 585
1466 1405 2127
1405 1466 2127
2127 1405 1466
1522 1523 2212
2212 1522 1523
1523 1522 2212
197 1454 2277
1454 197 2277
2277 197 1454
433 2407 2798
2798 433 2407
2407 433 2798
2883 1905 2620
2620 1905 2883
1905 2620 2883
22 213 998
998 22 213
213 22 998
2385 1897 2268
2268 1897 2385
1897 2268 2385
1244 313 1956
1956 313 1244
313 1244 1956
1695 191 948
948 191 1695
191 948 1695
2847 4 186
186 4 2847
4 186 2847
156 988 1816
988 156 1816
1816 156 988
1316 442 2574
442 1316 2574
2574 442 1316
1469 660 2004
2004 660 1469
660 1469 2004
1041 104 1902
1902 104 1041
104 1041 1902
2364 2008 2984
2008 2364 2984
2984 2008 2364
2358 642 681
681 642 2358
642 681 2358
1589 2049 2058
2058 1589 2049
2049 1589 2058
583 1222 1687
1687 583 1222
1222 583 1687
2989 956 997
997 956 2989
956 997 2989
1972 432 1298
1298 432 1972
432 1298 1972
553 808 1606
808 553 1606
1606 553 808
170 756 1131
756 170 1131
1131 170 756
1814 248 1696
248 1696 1814
1696 248 1814
1584 1568 1676
1568 1584 1676
1676 1568 1584
548 72 369
72 369 548
369 72 548
2504 629 1275
1275 629 2504
629 1275 2504
2414 901 1950
1950 901 2414
901 1950 2414
2828 1613 1852
1613 1852 2828
1852 1613 2828
1225 1115 1868
1868 1115 1225
1115 1225 1868
467 637 2900
637 467 2900
2900 467 637
21 43 1117
43 21 1117
1117 21 43
2170 30 582
582 30 2170
30 582 2170
562 2403 2770
2770 562 2403
2403 562 2770
1774 93 941
93 941 1774
941 93 1774
2759 685 1828
685 1828 2759
1828 685 2759
2083 2011 2491
2491 2011 2083
2011 2083 2491
435 239 2687
239 435 2687
2687 239 435
1393 283 839
283 839 1393
839 283 1393
698 549 852
549 698 852
852 549 698
1582 881 1380
881 1380 1582
1380 881 1582
2150 94 1118
94 1118 2150
1118 94 2150
741 1565 1661
1565 741 1661
1661 741 1565
49 1026 2235
1026 49 2235
2235 49 1026
117 552 1708
1708 117 552
552 117 1708
1527 1183 2823
2823 1183 1527
1183 1527 2823
179 1744 2921
1744 179 2921
2921 179 1744
216 1871 1974
1974 216 1871
1871 216 1974
27 448 1449
1449 27 448
448 27 1449
2091 833 1317
1317 833 2091
833 1317 2091
1415 364 1263
1263 364 1415
364 1263 1415
1486 1563 1776
1776 1486 1563
1563 1486 1776
1912 938 2756
2756 938 1912
938 1912 2756
1671 895 2591
2591 895 1671
895 1671 2591
1441 1084 2692
2692 1084 1441
1084 1441 2692
221 2079 2317
2079 221 2317
2317 221 2079
2702 1055 1448
1055 1448 2702
1448 1055 2702
2829 2866 2988
2866 2829 2988
2988 2829 2866
2584 478 855
478 855 2584
855 478 2584
1442 936 2348
2348 936 1442
936 1442 2348
1560 316 777
316 777 1560
777 316 1560
2296 182 2568
2568 182 2296
182 2296 2568
866 1517 2960
1517 866 2960
2960 866 1517
1167 193 503
193 503 1167
503 193 1167
85 1884 2224
1884 85 2224
2224 85 1884
979 355 1369
1369 355 979
355 979 1369
1459 2256 2962
2962 1459 2256
2256 1459 2962
265 1599 2893
1599 265 2893
2893 265 1599
1293 686 832
686 832 1293
832 686 1293
1262 1680 2915
1680 1262 2915
2915 1262 1680
725 821 2720
2720 725 821
821 725 2720
1704 729 763
763 729 1704
729 763 1704
1773 791 1586
1586 791 1773
791 1586 1773
2316 381 834
834 381 2316
381 834 2316
1951 1574 2604
2604 1574 1951
1574 1951 2604
600 351 1916
1916 351 600
351 600 1916
2307 338 831
831 338 2307
338 831 2307
2205 2 2171
2171 2 2205
2 2171 2205
394 950 2457
2457 394 950
950 394 2457
1797 580 589
589 580 1797
580 589 1797
1849 318 356
356 318 1849
318 356 1849
421 1622 2721
2721 421 1622
1622 421 2721
2181 1988 2367
1988 2181 2367
2367 1988 2181
2864 244 788
244 788 2864
788 244 2864
1234 328 2653
2653 328 1234
328 1234 2653
1815 753 1502
753 1502 1815
1502 753 1815
2743 974 2523
974 2523 2743
2523 974 2743
490 545 1685
545 490 1685
1685 490 545
2627 1420 1807
1807 1420 2627
1420 1807 2627
2085 1594 2271
2271 1594 2085
1594 2085 2271
1252 1780 1819
1819 1252 1780
1780 1252 1819
292 980 1021
980 292 1021
1021 292 980
1045 1513 2136
2136 1045 1513
1513 1045 2136
2587 1678 2607
1678 2587 2607
2607 1678 2587
423 2400 2965
2965 423 2400
2400 423 2965
1544 628 645
628 645 1544
645 628 1544
1783 71 1386
71 1386 1783
1386 71 1783
2372 2339 2896
2339 2372 2896
2896 2339 2372
437 470 2337
470 437 2337
2337 437 470
758 162 2816
162 758 2816
2816 162 758
129 2063 2447
2063 129 2447
2447 129 2063
2928 1907 2131
1907 2131 2928
2131 1907 2928
1447 1987 2904
2904 1447 1987
1987 1447 2904
951 183 828
828 183 951
183 828 951
1645 2217 2644
2217 1645 2644
2644 1645 2217
1268 97 2566
97 1268 2566
2566 97 1268
361 289 1670
289 361 1670
1670 289 361
920 159 1453
159 920 1453
1453 159 920
778 462 826
462 778 826
826 462 778
1882 925 2328
925 1882 2328
2328 925 1882
1066 766 886
886 766 1066
766 886 1066
2440 1739 2822
2822 1739 2440
1739 2440 2822
1433 2097 2624
2624 1433 2097
2097 1433 2624
555 1124 1194
1124 555 1194
1194 555 1124
67 2281 2420
2281 67 2420
2420 67 2281
2204 1186 1673
1186 1673 2204
1673 1186 2204
2267 871 890
871 890 2267
890 871 2267
143 641 1855
641 143 1855
1855 143 641
1330 912 1473
912 1330 1473
1473 912 1330
2074 1542 1604
1542 1604 2074
1604 1542 2074
298 1377 1862
1862 298 1377
1377 298 1862
2253 1411 2571
2571 1411 2253
1411 2253 2571
350 419 1129
1129 350 419
419 350 1129
499 884 2386
2386 499 884
884 499 2386
164 1482 1514
1482 164 1514
1514 164 1482
1908 1471 2099
2099 1471 1908
1471 1908 2099
1278 528 876
528 876 1278
876 528 1278
1199 1747 2530
2530 1199 1747
1747 1199 2530
2276 303 1782
1782 303 2276
303 1782 2276
1718 210 390
390 210 1718
210 390 1718
2160 134 2017
134 2017 2160
2017 134 2160
2222 672 1049
1049 672 2222
672 1049 2222
818 2024 2345
2345 818 2024
2024 818 2345
1034 1706 2034
1706 1034 2034
2034 1034 1706
2673 858 902
858 902 2673
902 858 2673
518 1675 2947
1675 518 2947
2947 518 1675
854 2465 2693
2693 854 2465
2465 854 2693
1069 235 1294
1294 235 1069
235 1069 1294
587 982 1625
1625 587 982
982 587 1625
2309 1952 2068
2068 1952 2309
1952 2068 2309
2760 2549 2920
2549 2760 2920
2920 2549 2760
2880 673 2761
673 2761 2880
2761 673 2880
2352 1306 2445
1306 2352 2445
2445 1306 2352
916 1458 2219
2219 916 1458
1458 916 2219
16 2593 2772
2593 16 2772
2772 16 2593
1800 205 1033
1033 205 1800
205 1033 1800
571 457 1689
457 571 1689
1689 457 571
2831 727 2336
2336 727 2831
727 2336 2831
809 1703 2452
1703 809 2452
2452 809 1703
2631 732 1654
1654 732 2631
732 1654 2631
1608 626 1937
1937 626 1608
626 1608 1937
754 498 1047
1047 498 754
498 754 1047
2422 875 1827
1827 875 2422
875 1827 2422
2490 812 1015
812 1015 2490
1015 812 2490
2059 494 2958
494 2059 2958
2958 494 2059
1218 2076 2725
2076 1218 2725
2725 1218 2076
1425 1889 2622
1889 1425 2622
2622 1425 1889
2589 942 2371
942 2371 2589
2371 942 2589
2952 572 1991
572 1991 2952
1991 572 2952
2134 1331 2019
1331 2019 2134
2019 1331 2134
2543 69 2791
2791 69 2543
69 2543 2791
223 870 2165
2165 223 870
870 223 2165
2262 787 2382
2382 787 2262
787 2262 2382
845 1282 2088
1282 845 2088
2088 845 1282
1841 447 1102
447 1102 1841
1102 447 1841
2239 1123 2454
1123 2239 2454
2454 1123 2239
452 155 1600
1600 155 452
155 452 1600
1098 10 2773
10 1098 2773
2773 10 1098
711 53 2151
53 711 2151
2151 53 711
2487 44 2590
44 2487 2590
2590 44 2487
2426 2771 2805
2805 2426 2771
2771 2426 2805
1367 1214 2393
2393 1214 1367
1214 1367 2393
1289 1754 2753
1754 1289 2753
2753 1289 1754
1242 2310 2977
2977 1242 2310
2310 1242 2977
1489 1142 2609
2609 1142 1489
1142 1489 2609
1428 2015 2145
2015 1428 2145
2145 1428 2015
59 1378 1923
1923 59 1378
1378 59 1923
2628 47 2245
47 2245 2628
2245 47 2628
2579 451 2182
451 2182 2579
2182 451 2579
119 2806 2911
2806 119 2911
2911 119 2806
1408 1351 2502
1351 1408 2502
2502 1351 1408
1430 1539 1595
1595 1430 1539
1539 1430 1595
1738 60 1240
1240 60 1738
60 1240 1738
2029 569 2554
2554 569 2029
569 2029 2554
2722 1446 2199
2199 1446 2722
1446 2199 2722
2875 463 851
851 463 2875
463 851 2875
1053 1724 2456
2456 1053 1724
1724 1053 2456
2230 1249 2698
2698 1249 2230
1249 2230 2698
2748 1491 2322
2322 1491 2748
1491 2322 2748
2800 1895 2865
1895 2800 2865
2865 1895 2800
1730 288 2514
288 1730 2514
2514 288 1730
715 867 1321
867 715 1321
1321 715 867
2223 1014 1779
1014 1779 2223
1779 1014 2223
541 2035 2811
2035 541 2811
2811 541 2035
245 1226 2295
1226 245 2295
2295 245 1226
1095 1434 2388
1434 1095 2388
2388 1095 1434
919 815 2347
815 919 2347
2347 815 919
2914 80 2522
2522 80 2914
80 2522 2914
1698 31 2524
31 1698 2524
2524 31 1698
1443 471 1770
1770 471 1443
471 1443 1770
2908 661 1209
1209 661 2908
661 1209 2908
2782 26 1837
26 1837 2782
1837 26 2782
2044 300 2879
300 2044 2879
2879 300 2044
573 1339 1982
1339 573 1982
1982 573 1339
142 13 2173
13 142 2173
2173 13 142
2796 1040 2350
2350 1040 2796
1040 2350 2796
466 429 2926
2926 429 466
429 466 2926
559 189 1610
1610 189 559
189 559 1610
575 1400 2005
1400 575 2005
2005 575 1400
1007 1461 2757
2757 1007 1461
1461 1007 2757
1555 1878 2649
2649 1555 1878
1878 1555 2649
768 1940 2215
1940 768 2215
2215 768 1940
810 878 2766
2766 810 878
878 810 2766
2613 1301 2167
1301 2167 2613
2167 1301 2613
633 1031 2616
2616 633 1031
1031 633 2616
334 780 2941
780 334 2941
2941 334 780
2597 617 1256
617 1256 2597
1256 617 2597
888 807 2443
807 888 2443
2443 807 888
1801 636 1633
1633 636 1801
636 1633 1801
2154 700 1391
700 1391 2154
1391 700 2154
1903 1011 2056
2056 1011 1903
1011 1903 2056
2251 1105 2503
2503 1105 2251
1105 2251 2503
2436 2746 2995
2995 2436 2746
2746 2436 2995
564 1220 1605
1220 564 1605
1605 564 1220
1493 1531 2441
1531 1493 2441
2441 1493 1531
1892 1109 2780
1109 1892 2780
2780 1109 1892
2645 171 1158
1158 171 2645
171 1158 2645
2325 971 2489
2489 971 2325
971 2325 2489
2200 144 1111
1111 144 2200
144 1111 2200
2592 537 2159
537 2159 2592
2159 537 2592
2153 1112 2999
2999 1112 2153
1112 2153 2999
1748 508 801
508 801 1748
801 508 1748
2980 2532 2676
2532 2676 2980
2676 2532 2980
2901 1246 1813
1246 1813 2901
1813 1246 2901
2684 1341 1666
1341 1666 2684
1666 1341 2684
284 2168 2279
2279 284 2168
2168 284 2279
330 349 679
679 330 349
349 330 679
513 620 1310
1310 513 620
620 513 1310
1085 1029 2754
1029 1085 2754
2754 1029 1085
87 1691 2298
1691 87 2298
2298 87 1691
2819 1162 2575
1162 2575 2819
2575 1162 2819
2963 1561 2302
2302 1561 2963
1561 2302 2963
1422 1206 2974
2974 1206 1422
1206 1422 2974
2606 2078 2907
2078 2606 2907
2907 2078 2606
2547 1939 2936
2936 1939 2547
1939 2547 2936
706 151 2102
151 706 2102
2102 151 706
740 1877 2363
2363 740 1877
1877 740 2363
2305 522 1382
522 1382 2305
1382 522 2305
2507 1300 2812
1300 2507 2812
2812 1300 2507
1236 1851 2655
1851 1236 2655
2655 1236 1851
2133 1590 2226
2226 1590 2133
1590 2133 2226
1375 710 900
900 710 1375
710 900 1375
2804 12 2111
2111 12 2804
12 2111 2804
848 225 1401
1401 225 848
225 848 1401
2455 444 1901
1901 444 2455
444 1901 2455
2526 1843 2132
2132 1843 2526
1843 2132 2526
1716 2020 2585
2020 1716 2585
2585 1716 2020
2651 1251 2209
1251 2209 2651
2209 1251 2651
1257 2671 2946
2671 1257 2946
2946 1257 2671
2944 190 414
414 190 2944
190 414 2944
2646 954 1646
1646 954 2646
954 1646 2646
28 1650 2513
2513 28 1650
1650 28 2513
1148 670 2790
670 1148 2790
2790 670 1148
458 1418 2976
1418 458 2976
2976 458 1418
384 172 1752
1752 172 384
172 384 1752
66 465 2269
465 66 2269
2269 66 465
2052 1247 1886
1886 1247 2052
1247 1886 2052
1392 19 2660
2660 19 1392
19 1392 2660
1592 259 2121
259 1592 2121
2121 259 1592
77 1327 2326
1327 77 2326
2326 77 1327
389 1394 2795
2795 389 1394
1394 389 2795
981 622 1189
1189 622 981
622 981 1189
2837 1510 2282
1510 2282 2837
2282 1510 2837
2233 1976 1997
1997 1976 2233
1976 1997 2233
2211 229 2642
229 2211 2642
2642 229 2211
2882 1037 2539
1037 2539 2882
2539 1037 2882
2184 731 897
897 731 2184
731 897 2184
1992 476 978
476 978 1992
978 476 1992
2406 450 1356
450 1356 2406
1356 450 2406
2051 1475 1485
1485 1475 2051
1475 1485 2051
1178 103 814
103 814 1178
814 103 1178
337 55 2678
2678 55 337
55 337 2678
1153 666 2022
666 1153 2022
2022 666 1153
1163 1947 2221
1947 1163 2221
2221 1163 1947
1811 745 2045
2045 745 1811
745 1811 2045
588 568 2286
568 588 2286
2286 568 588
868 413 489
413 489 868
489 413 868
269 838 1784
838 269 1784
1784 269 838
770 45 249
249 45 770
45 249 770
2718 333 1273
1273 333 2718
333 1273 2718
148 418 1174
1174 148 418
418 148 1174
1644 1501 2885
2885 1501 1644
1501 1644 2885
2979 336 2973
2973 336 2979
336 2973 2979
1421 1042 2283
2283 1042 1421
1042 1421 2283
687 1437 2565
2565 687 1437
1437 687 2565
2066 676 798
798 676 2066
676 798 2066
2853 849 2987
2987 849 2853
849 2853 2987
512 36 2477
2477 36 512
36 512 2477
278 7 2192
7 278 2192
2192 7 278
137 820 2765
820 137 2765
2765 137 820
2657 659 1044
659 1044 2657
1044 659 2657
2482 280 2112
280 2112 2482
2112 280 2482
2545 1104 1223
1223 1104 2545
1104 1223 2545
323 556 657
657 323 556
556 323 657
702 922 2630
922 702 2630
2630 702 922
1490 1936 2464
1936 1490 2464
2464 1490 1936
1350 491 940
940 491 1350
491 940 1350
2294 1742 2730
1742 2294 2730
2730 1742 2294
2666 1079 1709
1079 1709 2666
1709 1079 2666
2785 1935 2792
1935 2785 2792
2792 1935 2785
2039 200 2560
2560 200 2039
200 2039 2560
2815 68 1888
68 1888 2815
1888 68 2815
2061 2717 2835
2717 2061 2835
2835 2061 2717
2368 639 649
649 639 2368
639 649 2368
2603 2048 2238
2048 2238 2603
2238 2048 2603
1543 1385 1464
1464 1385 1543
1385 1464 1543
434 1875 2839
2839 434 1875
1875 434 2839
473 2185 2675
2185 473 2675
2675 473 2185
593 983 1981
983 593 1981
1981 593 983
1617 1426 1790
1426 1617 1790
1790 1426 1617
2827 1130 2010
2010 1130 2827
1130 2010 2827
2232 532 1848
1848 532 2232
532 1848 2232
781 1374 2260
1374 781 2260
2260 781 1374
2229 274 1170
274 1170 2229
1170 274 2229
2553 211 2709
2709 211 2553
211 2553 2709
1993 1712 2681
2681 1712 1993
1712 1993 2681
1107 250 2971
250 1107 2971
2971 250 1107
1764 958 1259
1259 958 1764
958 1259 1764
363 397 2779
2779 363 397
397 363 2779
1326 1507 2032
1507 1326 2032
2032 1326 1507
1755 540 2745
540 1755 2745
2745 540 1755
2744 100 799
100 799 2744
799 100 2744
1922 939 1808
1808 939 1922
939 1808 1922
1354 88 2927
2927 88 1354
88 1354 2927
1915 709 1541
1541 709 1915
709 1541 1915
2957 2633 2813
2813 2633 2957
2633 2813 2957
962 579 2635
2635 579 962
579 962 2635
2140 1320 2647
1320 2140 2647
2647 1320 2140
2550 2028 2769
2769 2028 2550
2028 2550 2769
1766 1143 2462
1143 1766 2462
2462 1143 1766
321 1137 1470
1470 321 1137
1137 321 1470
609 883 1165
1165 609 883
883 609 1165
293 38 1276
38 293 1276
1276 38 293
2409 481 1925
1925 481 2409
481 1925 2409
468 196 955
196 468 955
955 196 468
1944 161 1090
161 1090 1944
1090 161 1944
1395 567 1139
567 1139 1395
1139 567 1395
1631 1265 1955
1955 1265 1631
1265 1631 1955
122 456 563
456 122 563
563 122 456
2240 1314 1844
1314 1844 2240
1844 1314 2240
1641 1352 1845
1845 1352 1641
1352 1641 1845
2799 2520 2541
2520 2541 2799
2541 2520 2799
2429 17 604
604 17 2429
17 604 2429
2425 1003 1355
1355 1003 2425
1003 1355 2425
1567 1462 2135
2135 1462 1567
1462 1567 2135
2312 2505 2727
2505 2312 2727
2727 2312 2505
496 1181 2661
1181 496 2661
2661 496 1181
2244 20 794
794 20 2244
20 794 2244
483 2072 2935
2072 483 2935
2935 483 2072
347 2007 2141
2141 347 2007
2007 347 2141
1817 232 2324
2324 232 1817
232 1817 2324
8 1295 1865
1865 8 1295
1295 8 1865
1569 115 662
115 662 1569
662 115 1569
1961 35 1803
1803 35 1961
35 1803 1961
1978 1063 2086
2086 1063 1978
1063 1978 2086
874 1323 1336
1323 874 1336
1336 874 1323
615 1022 1110
1022 615 1110
1110 615 1022
2108 1267 1921
1267 1921 2108
1921 1267 2108
2164 1928 2534
2534 1928 2164
1928 2164 2534
2206 95 502
95 502 2206
502 95 2206
989 1155 1664
1664 989 1155
1155 989 1664
953 2175 2569
2569 953 2175
2175 953 2569
401 1832 2672
1832 401 2672
2672 401 1832
554 960 1960
960 554 1960
1960 554 960
2917 1642 1731
1731 1642 2917
1642 1731 2917
817 1087 1725
1087 817 1725
1725 817 1087
1603 271 1227
271 1227 1603
1227 271 1603
577 260 1953
1953 260 577
260 577 1953
1020 811 1720
1720 811 1020
811 1020 1720
785 169 1948
169 785 1948
1948 169 785
2528 1224 2130
1224 2130 2528
2130 1224 2528
1060 523 1914
1914 523 1060
523 1060 1914
2723 2333 2580
2580 2333 2723
2333 2580 2723
861 693 2897
693 861 2897
2897 693 861
1688 760 1126
1126 760 1688
760 1126 1688
1266 89 2137
2137 89 1266
89 1266 2137
2886 206 2641
206 2641 2886
2641 206 2886
917 62 692
62 692 917
692 62 917
1406 1753 2713
2713 1406 1753
1753 1406 2713
127 1349 2933
2933 127 1349
1349 127 2933
158 1506 2682
2682 158 1506
1506 158 2682
742 1611 2861
1611 742 2861
2861 742 1611
2659 873 1745
873 1745 2659
1745 873 2659
531 560 695
560 531 695
695 531 560
714 643 2834
2834 643 714
643 714 2834
2416 1152 2510
2510 1152 2416
1152 2416 2510
2194 2002 2207
2207 2002 2194
2002 2194 2207
1598 1427 2535
1427 1598 2535
2535 1427 1598
306 918 1281
1281 306 918
918 306 1281
1683 1562 1810
1810 1562 1683
1562 1683 1810
246 1674 2146
1674 246 2146
2146 246 1674
1057 1390 2929
2929 1057 1390
1390 1057 2929
247 658 2475
658 247 2475
2475 247 658
2272 2248 2378
2248 2272 2378
2378 2248 2272
994 54 2615
2615 54 994
54 994 2615
2511 1250 2529
1250 2511 2529
2529 1250 2511
1417 1198 1943
1198 1417 1943
1943 1198 1417
2374 887 1291
887 1291 2374
1291 887 2374
2082 272 1403
1403 272 2082
272 1403 2082
1649 1074 2964
2964 1074 1649
1074 1649 2964
425 393 2009
393 425 2009
2009 393 425
2166 964 1998
964 1998 2166
1998 964 2166
1245 914 2820
2820 914 1245
914 1245 2820
2521 1122 1846
1846 1122 2521
1122 1846 2521
157 1588 2389
1588 157 2389
2389 157 1588
2359 1309 2104
1309 2104 2359
2104 1309 2359
256 111 1777
111 256 1777
1777 111 256
1072 796 2399
2399 796 1072
796 1072 2399
2733 827 2715
2715 827 2733
827 2715 2733
2871 910 1366
910 1366 2871
1366 910 2871
2470 65 2261
65 2261 2470
2261 65 2470
2937 202 441
441 202 2937
202 441 2937
2548 422 2071
2071 422 2548
422 2071 2548
1686 2481 2714
2714 1686 2481
2481 1686 2714
1962 325 2444
2444 325 1962
325 1962 2444
2793 2365 2478
2478 2365 2793
2365 2478 2793
106 1488 1697
1488 106 1697
1697 106 1488
2695 163 2975
163 2695 2975
2975 163 2695
147 309 2435
2435 147 309
309 147 2435
2845 1959 2662
1959 2662 2845
2662 1959 2845
602 1802 2654
1802 602 2654
2654 602 1802
2380 125 2234
2234 125 2380
125 2234 2380
329 1834 2797
1834 329 2797
2797 329 1834
277 1277 1655
1655 277 1277
1277 277 1655
1630 42 2625
42 1630 2625
2625 42 1630
1172 116 1284
1284 116 1172
116 1172 1284
1005 282 2114
2114 282 1005
282 1005 2114
1920 596 1771
1771 596 1920
596 1771 1920
2889 1969 2495
2495 1969 2889
1969 2495 2889
2095 1681 2428
2428 1681 2095
1681 2095 2428
2777 746 1272
1272 746 2777
746 1272 2777
952 2216 2500
2500 952 2216
2216 952 2500
354 1429 2116
2116 354 1429
1429 354 2116
1296 291 2012
291 1296 2012
2012 291 1296
1121 836 2320
836 1121 2320
2320 836 1121
374 341 1371
341 374 1371
1371 341 374
1576 674 1900
1900 674 1576
674 1576 1900
1376 1219 2043
2043 1219 1376
1219 1376 2043
1869 691 1468
691 1468 1869
1468 691 1869
1239 332 344
344 332 1239
332 344 1239
2774 735 2474
2474 735 2774
735 2474 2774
2949 542 1659
1659 542 2949
542 1659 2949
1328 2198 2551
2551 1328 2198
2198 1328 2551
1451 352 1967
1967 352 1451
352 1451 1967
15 474 1602
1602 15 474
474 15 1602
1768 1823 2033
2033 1768 1823
1823 1768 2033
446 128 1035
1035 128 446
128 446 1035
2342 2288 2450
2288 2342 2450
2450 2288 2342
1559 428 860
860 428 1559
428 860 1559
1335 1601 2764
2764 1335 1601
1601 1335 2764
2736 37 2951
2951 37 2736
37 2736 2951
2699 1629 2321
2321 1629 2699
1629 2321 2699
857 449 2375
449 857 2375
2375 449 857
2538 1094 2124
2124 1094 2538
1094 2124 2538
1743 1463 2001
2001 1463 1743
1463 1743 2001
1553 96 1839
1839 96 1553
96 1553 1839
1474 2332 2833
2332 1474 2833
2833 1474 2332
1554 261 1820
1820 261 1554
261 1554 1820
2726 1196 1860
1196 1860 2726
1860 1196 2726
2362 209 2599
2599 209 2362
209 2362 2599
678 1027 1059
1059 678 1027
1027 678 1059
2067 1144 1710
1710 1144 2067
1144 1710 2067
2515 1290 2629
2629 1290 2515
1290 2515 2629
1985 543 1909
543 1909 1985
1909 543 1985
2343 1958 2636
2636 1958 2343
1958 2343 2636
2327 663 2274
663 2274 2327
2274 663 2327
1283 771 2637
2637 771 1283
771 1283 2637
2433 966 1628
966 1628 2433
1628 966 2433
304 180 241
241 180 304
180 241 304
3 1065 2542
2542 3 1065
1065 3 2542
2704 2169 2254
2169 2254 2704
2254 2169 2704
1030 1365 1946
1946 1030 1365
1365 1030 1946
1358 1762 2353
2353 1358 1762
1762 1358 2353
107 1230 1660
1230 107 1660
1660 107 1230
2023 520 2430
520 2023 2430
2430 520 2023
655 124 765
765 124 655
124 655 765
701 943 2014
943 701 2014
2014 701 943
2289 2706 2846
2706 2289 2846
2846 2289 2706
110 275 1736
275 110 1736
1736 110 275
843 1620 2910
2910 843 1620
1620 843 2910
2923 1445 2683
1445 2683 2923
2683 1445 2923
805 1191 1593
1191 805 1593
1593 805 1191
2731 327 1637
327 1637 2731
1637 327 2731
2432 120 368
368 120 2432
120 368 2432
1787 2611 2664
2611 1787 2664
2664 1787 2611
1538 501 1360
501 1360 1538
1360 501 1538
215 1133 2884
2884 215 1133
1133 215 2884
1818 504 1573
1573 504 1818
504 1573 1818
908 2381 2506
2506 908 2381
2381 908 2506
1516 184 2036
2036 184 1516
184 1516 2036
1893 970 2981
970 1893 2981
2981 970 1893
2663 295 1711
295 1711 2663
1711 295 2663
519 1253 2404
1253 519 2404
2404 519 1253
724 57 1404
57 724 1404
1404 57 724
790 510 869
869 510 790
510 790 869
1627 1169 1361
1169 1361 1627
1361 1169 1627
2809 32 2054
32 2054 2809
2054 32 2809
984 1362 2461
2461 984 1362
1362 984 2461
268 1078 1136
1078 268 1136
1136 268 1078
2556 1684 2178
2178 1684 2556
1684 2178 2556
2201 2247 2311
2247 2201 2311
2311 2201 2247
2259 1173 2335
2335 1173 2259
1173 2259 2335
1535 1097 2125
2125 1097 1535
1097 1535 2125
2027 2218 2956
2218 2027 2956
2956 2027 2218
145 420 2018
2018 145 420
420 145 2018
743 1842 2708
1842 743 2708
2708 743 1842
529 1002 1669
1002 529 1669
1669 529 1002
1467 515 2903
2903 515 1467
515 1467 2903
2494 201 844
201 844 2494
844 201 2494
1092 705 2787
2787 705 1092
705 1092 2787
2092 800 1964
1964 800 2092
800 1964 2092
139 281 1621
281 139 1621
1621 139 281
2540 1073 1438
1073 1438 2540
1438 1073 2540
1363 863 2405
2405 863 1363
863 1363 2405
599 1781 2876
1781 599 2876
2876 599 1781
755 1138 1477
1477 755 1138
1138 755 1477
2602 2710 2934
2710 2602 2934
2934 2602 2710
1856 1409 2658
1409 1856 2658
2658 1409 1856
1700 279 1492
1492 279 1700
279 1492 1700
1032 1435 2899
2899 1032 1435
1435 1032 2899
963 2242 2496
2242 963 2496
2496 963 2242
1656 324 697
324 697 1656
697 324 1656
2874 2728 2783
2783 2728 2874
2728 2783 2874
2873 726 907
907 726 2873
726 907 2873
2434 734 1000
734 1000 2434
1000 734 2434
439 1046 2925
2925 439 1046
1046 439 2925
1996 581 2881
2881 581 1996
581 1996 2881
375 2006 2299
2006 375 2299
2299 375 2006
1652 789 2303
789 1652 2303
2303 789 1652
1806 1455 2821
2821 1455 1806
1455 1806 2821
2101 1159 1741
1741 1159 2101
1159 1741 2101
1989 90 804
90 804 1989
804 90 1989
1440 326 2157
2157 326 1440
326 1440 2157
1799 2120 2617
2120 1799 2617
2617 1799 2120
566 1344 2486
1344 566 2486
2486 566 1344
2391 1232 1677
1677 1232 2391
1232 1677 2391
1534 312 342
312 342 1534
342 312 1534
2081 751 2832
751 2081 2832
2832 751 2081
2252 2025 2442
2442 2025 2252
2025 2252 2442
896 993 1058
993 896 1058
1058 896 993
2297 1847 2330
2330 1847 2297
1847 2297 2330
2484 409 538
409 538 2484
538 409 2484
343 669 1786
669 343 1786
1786 343 669
1508 2214 2243
2214 1508 2243
2243 1508 2214
2978 2862 2895
2862 2895 2978
2895 2862 2978
2291 102 2469
2469 102 2291
102 2291 2469
2466 2750 2919
2919 2466 2750
2750 2466 2919
1050 517 2701
2701 517 1050
517 1050 2701
1348 505 2623
505 1348 2623
2623 505 1348
2255 226 2700
2700 226 2255
226 2255 2700
987 689 1990
689 987 1990
1990 689 987
762 160 2577
160 762 2577
2577 160 762
2203 967 1896
1896 967 2203
967 1896 2203
2558 782 2894
2894 782 2558
782 2558 2894
822 1160 1389
1160 822 1389
1389 822 1160
880 477 2301
477 880 2301
2301 477 880
91 704 2867
704 91 2867
2867 91 704
2266 1480 1763
1763 1480 2266
1480 1763 2266
2193 635 2397
635 2193 2397
2397 635 2193
1413 74 924
924 74 1413
74 924 1413
2331 638 1618
1618 638 2331
638 1618 2331
1318 464 2449
464 1318 2449
2449 464 1318
2621 237 1883
237 1883 2621
1883 237 2621
378 601 2093
601 378 2093
2093 378 601
1638 51 2123
51 1638 2123
2123 51 1638
488 84 1648
1648 84 488
84 488 1648
648 932 1346
932 648 1346
1346 648 932
1760 1077 2249
2249 1077 1760
1077 1760 2249
287 1986 2287
1986 287 2287
2287 287 1986
1168 152 168
152 168 1168
168 152 1168
436 175 816
816 175 436
175 436 816
1876 2338 2786
2786 1876 2338
2338 1876 2786
784 461 2559
2559 461 784
461 784 2559
2689 194 682
194 682 2689
682 194 2689
716 1076 2419
1076 716 2419
2419 716 1076
2190 1789 2991
2991 1789 2190
1789 2190 2991
286 786 825
825 286 786
786 286 825
2758 1025 1062
1025 1062 2758
1062 1025 2758
2732 507 1483
1483 507 2732
507 1483 2732
830 930 1258
1258 830 930
930 830 1258
402 1890 2158
2158 402 1890
1890 402 2158
613 1177 1379
1177 613 1379
1379 613 1177
411 1452 1532
1452 411 1532
1532 411 1452
2598 1520 1792
1792 1520 2598
1520 1792 2598
1767 1099 1826
1826 1099 1767
1099 1767 1826
126 1863 2148
2148 126 1863
1863 126 2148
1064 598 2050
598 1064 2050
2050 598 1064
1707 453 484
484 453 1707
453 484 1707
1713 2383 2844
2383 1713 2844
2844 1713 2383
2122 656 1910
1910 656 2122
656 1910 2122
712 382 1038
1038 382 712
382 712 1038
24 565 1146
565 24 1146
1146 24 565
667 346 1101
346 667 1101
1101 346 667
2942 684 722
722 684 2942
684 722 2942
1368 2172 2360
2172 1368 2360
2360 1368 2172
358 578 2241
578 358 2241
2241 358 578
783 1108 1201
1201 783 1108
1108 783 1201
1254 385 2826
2826 385 1254
385 1254 2826
486 14 2778
14 486 2778
2778 14 486
1061 744 2110
2110 744 1061
744 1061 2110
1732 1017 2463
2463 1017 1732
1017 1732 2463
2888 1036 1702
1702 1036 2888
1036 1702 2888
1472 550 1444
1444 550 1472
550 1444 1472
2905 2047 2318
2047 2318 2905
2318 2047 2905
850 1134 2931
2931 850 1134
1134 850 2931
2273 1068 1913
1913 1068 2273
1068 1913 2273
1179 675 2938
2938 675 1179
675 1179 2938
1241 713 934
713 934 1241
934 713 1241
400 1229 1911
1911 400 1229
1229 400 1911
2619 525 2424
525 2424 2619
2424 525 2619
1274 949 1926
1926 949 1274
949 1274 1926
574 614 1596
1596 574 614
614 574 1596
2850 176 2740
176 2740 2850
2740 176 2850
1416 730 2285
730 1416 2285
2285 730 1416
2735 630 2788
630 2735 2788
2788 630 2735
1503 840 2784
2784 840 1503
840 1503 2784
2152 775 2376
775 2152 2376
2376 775 2152
1313 203 1204
1204 203 1313
203 1204 1313
2473 625 1864
625 1864 2473
1864 625 2473
362 703 1597
703 362 1597
1597 362 703
2188 2040 2129
2040 2129 2188
2129 2040 2188
928 454 2739
2739 454 928
454 928 2739
2737 631 1812
1812 631 2737
631 1812 2737
611 1212 2994
2994 611 1212
1212 611 2994
1086 1609 2408
1609 1086 2408
2408 1086 1609
2918 2187 2334
2334 2187 2918
2187 2334 2918
1051 92 616
616 92 1051
92 616 1051
1305 1624 2836
2836 1305 1624
1624 1305 2836
2472 2013 2042
2042 2013 2472
2013 2042 2472
290 1100 1571
1571 290 1100
1100 290 1571
795 372 944
944 372 795
372 795 944
1653 995 1619
1619 995 1653
995 1619 1653
1082 264 627
627 264 1082
264 627 1082
2488 360 539
360 539 2488
539 360 2488
2724 634 2596
2596 634 2724
634 2596 2724
872 70 1176
1176 70 872
70 872 1176
632 123 1679
1679 123 632
123 632 1679
1325 792 2763
2763 792 1325
792 1325 2763
1891 893 2126
2126 893 1891
893 1891 2126
1297 231 644
231 644 1297
644 231 1297
1116 371 2458
371 1116 2458
2458 371 1116
996 1132 2856
1132 996 2856
2856 996 1132
1269 1640 2576
2576 1269 1640
1640 1269 2576
803 2423 2932
2423 803 2932
2932 803 2423
86 1207 2228
2228 86 1207
1207 86 2228
2356 1930 2863
2863 1930 2356
1930 2356 2863
497 2415 2890
2415 497 2890
2890 497 2415
1581 728 2807
2807 728 1581
728 1581 2807
2518 188 2564
2564 188 2518
188 2518 2564
898 165 255
165 255 898
255 165 898
398 1280 1778
1778 398 1280
1280 398 1778
1484 976 1971
976 1484 1971
1971 976 1484
561 2377 2697
2377 561 2697
2697 561 2377
2705 1984 2392
2392 1984 2705
1984 2392 2705
965 1665 2703
1665 965 2703
2703 965 1665
618 926 1233
926 618 1233
1233 618 926
1228 254 1364
1364 254 1228
254 1228 1364
2096 514 2411
2411 514 2096
514 2096 2411
301 1552 2306
2306 301 1552
1552 301 2306
258 2115 2552
2552 258 2115
2115 258 2552
2162 1548 2163
2163 1548 2162
1548 2162 2163
2357 23 592
592 23 2357
23 592 2357
2544 1487 1977
1487 1977 2544
1977 1487 2544
1791 379 904
904 379 1791
379 904 1791
1564 1188 2451
2451 1188 1564
1188 1564 2451
1504 1192 2402
2402 1192 1504
1192 1504 2402
2313 1140 1540
1140 1540 2313
1540 1140 2313
149 847 2670
847 149 2670
2670 149 847
516 407 935
407 516 935
935 407 516
2453 1500 1854
1854 1500 2453
1500 1854 2453
2686 1384 1612
1384 1612 2686
1612 1384 2686
1012 1089 2497
2497 1012 1089
1089 1012 2497
651 101 2983
2983 101 651
101 651 2983
2308 1478 2041
1478 2041 2308
2041 1478 2308
1525 121 1373
121 1373 1525
1373 121 1525
584 747 927
927 584 747
747 584 927
739 146 1407
1407 146 739
146 739 1407
395 1859 1995
1995 395 1859
1859 395 1995
2183 557 1023
1023 557 2183
557 1023 2183
506 296 1526
1526 296 506
296 506 1526
2948 957 2030
2030 957 2948
957 2030 2948
945 608 2749
608 945 2749
2749 608 945
973 1120 2394
2394 973 1120
1120 973 2394
2610 276 1719
276 1719 2610
1719 276 2610
1632 813 2940
813 1632 2940
2940 813 1632
2688 1202 2250
2250 1202 2688
1202 2250 2688
2997 1557 1927
1927 1557 2997
1557 1927 2997
2570 2057 2354
2057 2354 2570
2354 2057 2570
2208 671 2179
2179 671 2208
671 2179 2208
1424 937 2751
2751 937 1424
937 1424 2751
733 140 1798
140 733 1798
1798 140 733
2601 1081 2501
1081 2501 2601
2501 1081 2601
340 242 1359
1359 242 340
242 340 1359
443 774 1175
1175 443 774
774 443 1175
2369 1635 2038
2038 1635 2369
1635 2038 2369
546 1904 2263
1904 546 2263
2263 546 1904
2046 1772 2891
1772 2046 2891
2891 1772 2046
2225 819 1887
1887 819 2225
819 1887 2225
2418 738 1071
738 1071 2418
1071 738 2418
252 228 2600
2600 228 252
228 252 2600
1614 1001 1511
1001 1511 1614
1511 1001 1614
2139 1519 1530
1530 1519 2139
1519 1530 2139
2679 266 1052
266 1052 2679
1052 266 2679
1616 879 2319
879 1616 2319
2319 879 1616
5 1885 2581
1885 5 2581
2581 5 1885
597 1383 1954
1383 597 1954
1954 597 1383
1311 776 931
776 931 1311
931 776 1311
1662 718 1556
718 1556 1662
1556 718 1662
2898 2016 2519
2016 2519 2898
2519 2016 2898
132 1924 2972
2972 132 1924
1924 132 2972
977 1410 2213
2213 977 1410
1410 977 2213
652 1333 1682
1333 652 1682
1682 652 1333
2755 263 1838
263 1838 2755
1838 263 2755
2202 991 2106
2106 991 2202
991 2106 2202
1381 947 1757
1757 947 1381
947 1381 1757
348 2270 2398
2398 348 2270
2270 348 2398
2555 270 2390
2390 270 2555
270 2390 2555
1322 320 650
650 320 1322
320 650 1322
1340 1533 2062
2062 1340 1533
1533 1340 2062
1024 1549 1714
1714 1024 1549
1549 1024 1714
1088 222 1010
222 1010 1088
1010 222 1088
1949 946 1932
1932 946 1949
946 1932 1949
2341 64 2087
2087 64 2341
64 2087 2341
1261 187 1171
187 1171 1261
1171 187 1261
610 1835 2817
2817 610 1835
1835 610 2817
1761 1166 1505
1166 1505 1761
1505 1166 1761
2077 2284 2955
2284 2077 2955
2955 2077 2284
353 1043 1881
1043 353 1881
1881 353 1043
2650 1 2945
