5574 6313 25726
25726 5574 6313
6313 5574 25726
14397 7981 28121
28121 7981 14397
7981 14397 28121
13205 8545 21997
21997 8545 13205
8545 13205 21997
12671 175 14320
14320 175 12671
175 12671 14320
4650 1058 18395
1058 4650 18395
18395 1058 4650
1430 22527 27553
27553 1430 22527
22527 1430 27553
20731 4692 6944
4692 6944 20731
6944 4692 20731
18864 9286 15564
15564 9286 18864
9286 15564 18864
16777 9397 12660
9397 12660 16777
12660 9397 16777
4365 1435 16374
16374 1435 4365
1435 4365 16374
24414 10733 21665
10733 21665 24414
21665 10733 24414
21968 10652 28856
28856 10652 21968
10652 21968 28856
26005 4426 10151
4426 10151 26005
10151 4426 26005
16196 23363 25891
25891 16196 23363
23363 16196 25891
4664 5749 7383
7383 4664 5749
5749 4664 7383
5190 9046 21068
9046 5190 21068
21068 5190 9046
341 5609 5643
5643 341 5609
5609 341 5643
7244 3887 5418
5418 3887 7244
3887 5418 7244
28772 4884 11317
11317 4884 28772
4884 11317 28772
15497 9962 10715
10715 9962 15497
9962 10715 15497
15299 2345 9663
9663 2345 15299
2345 9663 15299
15964 1104 25241
25241 1104 15964
1104 15964 25241
1753 4903 10370
10370 1753 4903
4903 1753 10370
22617 4494 27197
27197 4494 22617
4494 22617 27197
3362 20338 29516
20338 3362 29516
29516 3362 20338
29838 12348 22938
12348 22938 29838
22938 12348 29838
28688 5634 14466
5634 14466 28688
14466 5634 28688
8129 5128 22149
5128 8129 22149
22149 5128 8129
131 1540 22179
1540 131 22179
22179 131 1540
13555 2093 2175
2093 2175 13555
2175 2093 13555
24995 5771 29559
5771 24995 29559
29559 5771 24995
2809 23767 27390
23767 2809 27390
27390 2809 23767
26544 12943 25190
12943 25190 26544
25190 12943 26544
29721 10974 19207
10974 19207 29721
19207 10974 29721
201 14239 24519
14239 201 24519
24519 201 14239
16844 5231 10067
10067 5231 16844
5231 10067 16844
9872 9994 13140
13140 9872 9994
9994 9872 13140
6961 11533 15534
11533 6961 15534
15534 6961 11533
25508 20249 20883
20883 20249 25508
20249 20883 25508
2561 8208 23487
8208 2561 23487
23487 2561 8208
11258 1793 12645
12645 1793 11258
1793 11258 12645
19490 4272 25914
4272 19490 25914
25914 4272 19490
5208 18806 23836
23836 5208 18806
18806 5208 23836
17975 6125 6583
6583 6125 17975
6125 6583 17975
8428 23155 25470
23155 8428 25470
25470 8428 23155
4966 5036 23626
5036 4966 23626
23626 4966 5036
14732 23200 27671
27671 14732 23200
23200 14732 27671
17214 8109 21227
8109 17214 21227
21227 8109 17214
14869 10647 17470
17470 10647 14869
10647 14869 17470
6587 7297 28029
7297 6587 28029
28029 6587 7297
10254 849 24360
24360 849 10254
849 10254 24360
1379 14846 18356
14846 1379 18356
18356 1379 14846
11674 3471 5702
5702 3471 11674
3471 5702 11674
3677 6561 17763
6561 3677 17763
17763 3677 6561
9813 1686 5600
1686 5600 9813
5600 1686 9813
9416 2277 4944
4944 2277 9416
2277 4944 9416
10351 4522 21038
4522 10351 21038
21038 4522 10351
25850 12189 19756
12189 19756 25850
19756 12189 25850
17145 10953 24061
24061 10953 17145
10953 17145 24061
21234 2907 4865
2907 4865 21234
4865 2907 21234
16190 5845 8813
5845 8813 16190
8813 5845 16190
16668 15322 29104
15322 16668 29104
29104 15322 16668
13689 11466 16178
11466 13689 16178
16178 11466 13689
8225 9434 10201
9434 8225 10201
10201 8225 9434
22942 20804 29694
29694 20804 22942
20804 22942 29694
11878 16218 17064
17064 11878 16218
16218 11878 17064
2704 18368 24342
24342 2704 18368
18368 2704 24342
4211 2915 22330
22330 2915 4211
2915 4211 22330
3904 16153 18559
18559 3904 16153
16153 3904 18559
22706 4830 27891
27891 4830 22706
4830 22706 27891
20782 7043 10863
10863 7043 20782
7043 10863 20782
5086 4564 16757
16757 4564 5086
4564 5086 16757
934 3469 8045
3469 934 8045
8045 934 3469
22393 13172 22829
22829 13172 22393
13172 22393 22829
177 4918 21130
4918 177 21130
21130 177 4918
13544 8726 12593
12593 8726 13544
8726 12593 13544
27744 1056 24757
1056 24757 27744
24757 1056 27744
18493 1071 26783
26783 1071 18493
1071 18493 26783
6443 308 23499
308 6443 23499
23499 308 6443
26729 12579 20436
12579 20436 26729
20436 12579 26729
15871 2629 29553
29553 2629 15871
2629 15871 29553
14460 12491 16733
16733 12491 14460
12491 14460 16733
28220 1413 9296
1413 9296 28220
9296 1413 28220
1015 16895 22726
16895 1015 22726
22726 1015 16895
21240 2465 8115
2465 8115 21240
8115 2465 21240
19759 21620 22990
22990 19759 21620
21620 19759 22990
15451 23321 28573
28573 15451 23321
23321 15451 28573
7658 6288 8907
8907 6288 7658
6288 7658 8907
19283 11613 21654
21654 11613 19283
11613 19283 21654
11996 8705 26484
26484 8705 11996
8705 11996 26484
9732 21546 21717
21546 9732 21717
21717 9732 21546
2552 5356 28977
5356 2552 28977
28977 2552 5356
4949 11648 19055
19055 4949 11648
11648 4949 19055
18384 16583 23176
23176 16583 18384
16583 18384 23176
8636 4207 12371
12371 4207 8636
4207 8636 12371
9532 1886 9176
1886 9176 9532
9176 1886 9532
20210 4159 9616
4159 9616 20210
9616 4159 20210
15101 18771 27927
18771 15101 27927
27927 15101 18771
25886 3257 13717
13717 3257 25886
3257 13717 25886
26023 5797 18289
5797 18289 26023
18289 5797 26023
19999 23040 26491
23040 19999 26491
26491 19999 23040
18508 17180 19872
19872 17180 18508
17180 18508 19872
6387 245 14872
14872 245 6387
245 6387 14872
16962 16286 26579
26579 16286 16962
16286 16962 26579
10472 13714 23118
23118 10472 13714
13714 10472 23118
15106 57 15129
57 15106 15129
15129 57 15106
23528 16756 22479
22479 16756 23528
16756 22479 23528
14850 14953 24407
14953 14850 24407
24407 14850 14953
15938 24548 28635
28635 15938 24548
24548 15938 28635
6315 9138 17870
17870 6315 9138
9138 6315 17870
9576 14775 29832
14775 9576 29832
29832 9576 14775
28534 4049 25986
25986 4049 28534
4049 25986 28534
4403 4527 12247
4527 4403 12247
12247 4403 4527
24381 3626 12824
12824 3626 24381
3626 12824 24381
11297 2270 19505
2270 11297 19505
19505 2270 11297
3155 6019 7407
6019 3155 7407
7407 3155 6019
17330 7927 26465
26465 7927 17330
7927 17330 26465
6346 23852 26511
26511 6346 23852
23852 6346 26511
11672 6360 21124
6360 11672 21124
21124 6360 11672
29594 18403 24661
18403 24661 29594
24661 18403 29594
24752 10858 29542
10858 24752 29542
29542 10858 24752
16206 1424 18145
18145 1424 16206
1424 16206 18145
29765 3444 8741
3444 8741 29765
8741 3444 29765
26487 24594 26242
24594 26242 26487
26242 24594 26487
7528 10976 14131
10976 7528 14131
14131 7528 10976
10771 4361 17801
17801 4361 10771
4361 10771 17801
7257 2498 14169
2498 7257 14169
14169 2498 7257
2084 12785 13914
13914 2084 12785
12785 2084 13914
8478 22154 27696
27696 8478 22154
22154 8478 27696
19333 25351 26567
25351 19333 26567
26567 19333 25351
11926 20828 25017
20828 11926 25017
25017 11926 20828
2017 2925 29545
2925 2017 29545
29545 2017 2925
24915 8148 9499
8148 9499 24915
9499 8148 24915
21999 18045 22891
18045 21999 22891
22891 18045 21999
11416 2541 10402
10402 2541 11416
2541 10402 11416
18802 8012 19492
8012 18802 19492
19492 8012 18802
20748 1131 7792
7792 1131 20748
1131 7792 20748
15208 8299 16204
8299 15208 16204
16204 8299 15208
20306 11030 12394
11030 12394 20306
12394 11030 20306
3071 1702 2406
1702 2406 3071
2406 1702 3071
20456 14047 28410
14047 20456 28410
28410 14047 20456
20812 19815 27864
19815 20812 27864
27864 19815 20812
8963 8956 21387
21387 8956 8963
8956 8963 21387
25777 10895 29656
10895 25777 29656
29656 10895 25777
5748 10177 26840
26840 5748 10177
10177 5748 26840
20899 235 23613
235 20899 23613
23613 235 20899
10449 18803 22813
18803 10449 22813
22813 10449 18803
6151 7264 25433
25433 6151 7264
7264 6151 25433
13289 20127 26568
26568 13289 20127
20127 13289 26568
5688 1206 9195
9195 1206 5688
1206 5688 9195
23780 13902 24617
24617 13902 23780
13902 23780 24617
6826 13713 19959
19959 6826 13713
13713 6826 19959
19334 8349 22174
8349 19334 22174
22174 8349 19334
3040 3955 10675
3955 3040 10675
10675 3040 3955
13064 3938 28246
28246 3938 13064
3938 13064 28246
3842 7893 12106
12106 3842 7893
7893 3842 12106
23680 1268 5712
5712 1268 23680
1268 5712 23680
14926 3574 17716
3574 14926 17716
17716 3574 14926
20532 3124 14264
3124 14264 20532
14264 3124 20532
8673 851 26454
26454 851 8673
851 8673 26454
19585 3148 3288
3148 3288 19585
3288 3148 19585
19391 4552 15877
15877 4552 19391
4552 15877 19391
318 1317 20933
20933 318 1317
1317 318 20933
2627 10635 20465
10635 2627 20465
20465 2627 10635
27620 8167 10586
10586 8167 27620
8167 10586 27620
11103 6286 6871
6871 6286 11103
6286 6871 11103
13263 20478 27015
20478 13263 27015
27015 13263 20478
25297 14911 18030
14911 18030 25297
18030 14911 25297
24596 8258 19843
8258 19843 24596
19843 8258 24596
13075 21998 25116
21998 13075 25116
25116 13075 21998
26640 18780 24197
18780 24197 26640
24197 18780 26640
18409 16128 17958
17958 16128 18409
16128 17958 18409
6741 3086 9477
9477 3086 6741
3086 6741 9477
15102 2948 18376
18376 2948 15102
2948 15102 18376
13337 27877 28738
27877 13337 28738
28738 13337 27877
18506 16065 19691
16065 18506 19691
19691 16065 18506
14935 16135 25016
16135 14935 25016
25016 14935 16135
12158 3819 16012
3819 12158 16012
16012 3819 12158
25803 3307 7588
7588 3307 25803
3307 7588 25803
11437 6987 18729
18729 6987 11437
6987 11437 18729
12430 209 29819
29819 209 12430
209 12430 29819
16123 1437 18410
18410 1437 16123
1437 16123 18410
24068 2416 4452
2416 4452 24068
4452 2416 24068
26495 12557 29160
12557 26495 29160
29160 12557 26495
24392 6982 15821
6982 15821 24392
15821 6982 24392
671 1350 26592
1350 671 26592
26592 671 1350
27240 17346 22649
22649 17346 27240
17346 22649 27240
24443 2600 9757
2600 9757 24443
9757 2600 24443
24082 24004 28345
24004 24082 28345
28345 24004 24082
5501 10941 29462
29462 5501 10941
10941 5501 29462
16788 9596 28138
28138 9596 16788
9596 16788 28138
29330 3351 4986
4986 3351 29330
3351 4986 29330
14283 285 17616
285 14283 17616
17616 285 14283
5904 6077 7279
7279 5904 6077
6077 5904 7279
2160 5722 22320
5722 2160 22320
22320 2160 5722
28231 26020 28740
26020 28231 28740
28740 26020 28231
2881 9641 19430
19430 2881 9641
9641 2881 19430
23214 7641 21212
7641 21212 23214
21212 7641 23214
24470 568 17737
568 17737 24470
17737 568 24470
5833 1790 21493
21493 1790 5833
1790 5833 21493
12454 12874 18821
12874 12454 18821
18821 12454 12874
20858 12646 15494
12646 15494 20858
15494 12646 20858
14182 3101 6050
3101 6050 14182
6050 3101 14182
10744 19725 22999
19725 10744 22999
22999 10744 19725
24133 4686 9431
9431 4686 24133
4686 9431 24133
28045 7811 27615
27615 7811 28045
7811 27615 28045
22318 3157 6511
6511 3157 22318
3157 6511 22318
4798 11795 16658
16658 4798 11795
11795 4798 16658
24427 6693 20058
20058 6693 24427
6693 20058 24427
29954 20103 23250
23250 20103 29954
20103 23250 29954
6720 3909 18489
3909 6720 18489
18489 3909 6720
20247 20474 27794
27794 20247 20474
20474 20247 27794
789 9200 15255
9200 789 15255
15255 789 9200
9974 7224 29960
29960 7224 9974
7224 9974 29960
28348 2833 24851
24851 2833 28348
2833 24851 28348
5824 2004 10148
10148 2004 5824
2004 5824 10148
118 12715 27654
27654 118 12715
12715 118 27654
8864 15737 18386
18386 8864 15737
15737 8864 18386
21883 89 29947
29947 89 21883
89 21883 29947
28726 22517 29940
29940 22517 28726
22517 28726 29940
12995 755 2609
755 2609 12995
2609 755 12995
2191 5497 21266
21266 2191 5497
5497 2191 21266
11732 967 26407
967 11732 26407
26407 967 11732
1449 20290 28498
20290 1449 28498
28498 1449 20290
29248 2201 13687
2201 13687 29248
13687 2201 29248
16913 17035 29049
29049 16913 17035
17035 16913 29049
5674 10571 20483
10571 5674 20483
20483 5674 10571
29533 12672 16247
12672 16247 29533
16247 12672 29533
28957 6582 11548
11548 6582 28957
6582 11548 28957
17249 13688 17402
13688 17249 17402
17402 13688 17249
18617 11738 13302
11738 13302 18617
13302 11738 18617
17297 5836 13957
13957 5836 17297
5836 13957 17297
17805 2283 28422
2283 17805 28422
28422 2283 17805
3089 9829 25080
25080 3089 9829
9829 3089 25080
7672 6031 11361
6031 7672 11361
11361 6031 7672
481 24516 27750
27750 481 24516
24516 481 27750
19790 706 6195
6195 706 19790
706 6195 19790
2946 781 2726
2726 781 2946
781 2726 2946
16775 4000 18862
4000 16775 18862
18862 4000 16775
15436 12668 27116
27116 12668 15436
12668 15436 27116
15705 16064 20696
16064 15705 20696
20696 15705 16064
7992 2403 3009
2403 3009 7992
3009 2403 7992
15856 14816 26721
26721 14816 15856
14816 15856 26721
21527 6948 24447
6948 21527 24447
24447 6948 21527
8961 5978 20411
5978 8961 20411
20411 5978 8961
17728 14749 18523
18523 14749 17728
14749 17728 18523
18154 4820 7417
4820 7417 18154
7417 4820 18154
20453 21934 23634
23634 20453 21934
21934 20453 23634
7461 8360 14581
8360 7461 14581
14581 7461 8360
28458 3800 5180
3800 5180 28458
5180 3800 28458
25177 15084 15302
15084 15302 25177
15302 15084 25177
28229 2163 19137
19137 2163 28229
2163 19137 28229
22956 10902 12262
10902 12262 22956
12262 10902 22956
7552 21898 23587
23587 7552 21898
21898 7552 23587
4625 4871 13120
4871 4625 13120
13120 4625 4871
14818 18027 29243
18027 14818 29243
29243 14818 18027
27937 18736 26876
26876 18736 27937
18736 26876 27937
21784 12892 28451
28451 12892 21784
12892 21784 28451
13069 6445 21425
21425 6445 13069
6445 13069 21425
1922 11183 13509
13509 1922 11183
11183 1922 13509
3374 2938 21256
2938 3374 21256
21256 2938 3374
5862 18512 23629
23629 5862 18512
18512 5862 23629
25629 4357 28256
4357 25629 28256
28256 4357 25629
18339 1841 14278
14278 1841 18339
1841 14278 18339
3291 14587 24564
24564 3291 14587
14587 3291 24564
5658 18814 20599
18814 5658 20599
20599 5658 18814
5077 83 10841
83 5077 10841
10841 83 5077
2525 10053 24972
24972 2525 10053
10053 2525 24972
9734 11739 26519
26519 9734 11739
11739 9734 26519
8680 7375 12617
12617 7375 8680
7375 8680 12617
15216 3173 29637
3173 15216 29637
29637 3173 15216
3657 16365 21396
21396 3657 16365
16365 3657 21396
26919 6829 19209
6829 19209 26919
19209 6829 26919
13595 2018 24103
2018 13595 24103
24103 2018 13595
14122 4714 22725
22725 4714 14122
4714 14122 22725
24057 12105 12808
12105 12808 24057
12808 12105 24057
876 44 4347
44 876 4347
4347 44 876
20462 6423 12334
12334 6423 20462
6423 12334 20462
8595 20882 23846
20882 8595 23846
23846 8595 20882
17217 4352 18764
18764 4352 17217
4352 17217 18764
16308 9697 23848
23848 9697 16308
9697 16308 23848
23380 679 21182
679 21182 23380
21182 679 23380
9149 20237 24723
20237 9149 24723
24723 9149 20237
16651 11135 27616
11135 16651 27616
27616 11135 16651
17847 1726 17657
1726 17657 17847
17657 1726 17847
20287 4672 23316
4672 20287 23316
23316 4672 20287
8197 1555 13504
13504 1555 8197
1555 8197 13504
6685 6570 29183
6570 6685 29183
29183 6570 6685
5431 21627 25916
21627 5431 25916
25916 5431 21627
28182 914 16387
16387 914 28182
914 16387 28182
3404 11169 14106
14106 3404 11169
11169 3404 14106
15570 5645 8351
8351 5645 15570
5645 8351 15570
28999 19151 23164
19151 23164 28999
23164 19151 28999
14801 1146 22549
1146 14801 22549
22549 1146 14801
14645 16766 26317
16766 14645 26317
26317 14645 16766
14455 19116 28951
19116 14455 28951
28951 14455 19116
26523 15804 28610
28610 15804 26523
15804 26523 28610
28696 3589 13439
3589 13439 28696
13439 3589 28696
20897 689 19231
19231 689 20897
689 19231 20897
6294 13862 20010
13862 6294 20010
20010 6294 13862
29112 230 22843
230 22843 29112
22843 230 29112
2443 3481 25301
3481 2443 25301
25301 2443 3481
26311 28 24762
28 24762 26311
24762 28 26311
25789 22552 27268
27268 22552 25789
22552 25789 27268
17331 17622 28402
28402 17331 17622
17622 17331 28402
12206 4642 18392
18392 4642 12206
4642 12206 18392
28936 4775 15538
15538 4775 28936
4775 15538 28936
14697 13567 15986
13567 14697 15986
15986 13567 14697
16833 13479 20886
13479 16833 20886
20886 13479 16833
26384 13642 21664
21664 13642 26384
13642 21664 26384
19632 5145 23610
23610 5145 19632
5145 19632 23610
24277 12093 23982
23982 12093 24277
12093 23982 24277
2023 2475 6731
2475 2023 6731
6731 2023 2475
6718 2695 5402
5402 2695 6718
2695 5402 6718
14849 4183 15474
15474 4183 14849
4183 14849 15474
23418 3512 3825
3825 3512 23418
3512 3825 23418
25741 21270 23761
23761 21270 25741
21270 23761 25741
19560 4623 6894
4623 6894 19560
6894 4623 19560
7353 2933 23283
23283 2933 7353
2933 7353 23283
10400 9949 15780
9949 10400 15780
15780 9949 10400
11737 6380 19888
19888 6380 11737
6380 11737 19888
24830 3188 8311
8311 3188 24830
3188 8311 24830
19167 6602 15549
15549 6602 19167
6602 15549 19167
18129 10116 17441
10116 17441 18129
17441 10116 18129
26197 20255 25517
25517 20255 26197
20255 25517 26197
8335 5740 22148
22148 5740 8335
5740 8335 22148
16452 2631 3791
3791 2631 16452
2631 3791 16452
25347 20747 21449
20747 21449 25347
21449 20747 25347
10169 18922 24169
18922 10169 24169
24169 10169 18922
12914 15637 15949
15949 12914 15637
15637 12914 15949
24349 114 6754
114 6754 24349
6754 114 24349
16605 7562 8131
7562 8131 16605
8131 7562 16605
21422 827 14747
827 14747 21422
14747 827 21422
23861 23282 26376
23282 23861 26376
26376 23282 23861
12803 6702 17231
6702 12803 17231
17231 6702 12803
17939 14649 18672
14649 17939 18672
18672 14649 17939
8690 17049 27355
27355 8690 17049
17049 8690 27355
12448 22090 24017
24017 12448 22090
22090 12448 24017
4235 10333 15073
10333 4235 15073
15073 4235 10333
3007 21 23559
21 3007 23559
23559 21 3007
27720 15696 18438
15696 18438 27720
18438 15696 27720
8146 22337 29613
22337 8146 29613
29613 8146 22337
9551 8819 21356
8819 9551 21356
21356 8819 9551
23447 3413 20057
3413 20057 23447
20057 3413 23447
219 5644 12515
12515 219 5644
5644 219 12515
12141 23163 25617
23163 12141 25617
25617 12141 23163
15158 12007 21148
21148 12007 15158
12007 15158 21148
7017 10690 10780
10780 7017 10690
10690 7017 10780
2927 17845 28623
28623 2927 17845
17845 2927 28623
2618 12120 17965
17965 2618 12120
12120 2618 17965
29505 18712 27561
18712 27561 29505
27561 18712 29505
23191 17796 27975
17796 23191 27975
27975 17796 23191
20324 10503 25300
25300 10503 20324
10503 20324 25300
29713 12626 25204
25204 12626 29713
12626 25204 29713
6744 15280 18332
15280 6744 18332
18332 6744 15280
28271 11678 12492
12492 11678 28271
11678 12492 28271
8147 9310 21910
9310 8147 21910
21910 8147 9310
8354 12836 27659
27659 8354 12836
12836 8354 27659
8365 21158 24168
24168 8365 21158
21158 8365 24168
25849 10552 27282
10552 25849 27282
27282 10552 25849
25027 19823 23466
23466 19823 25027
19823 23466 25027
28972 3487 12918
3487 12918 28972
12918 3487 28972
21436 8159 18858
8159 18858 21436
18858 8159 21436
29468 8702 9645
9645 8702 29468
8702 9645 29468
21504 10852 22036
10852 21504 22036
22036 10852 21504
29861 11284 13126
13126 11284 29861
11284 13126 29861
14216 1036 1220
1036 1220 14216
1220 1036 14216
14147 23072 27021
23072 14147 27021
27021 14147 23072
14844 4710 21408
4710 14844 21408
21408 4710 14844
15505 23033 28723
28723 15505 23033
23033 15505 28723
18282 7586 26256
26256 7586 18282
7586 18282 26256
15889 10595 21241
10595 15889 21241
21241 10595 15889
17372 4368 7013
7013 4368 17372
4368 7013 17372
5663 2451 6898
2451 5663 6898
6898 2451 5663
18857 17919 23291
17919 18857 23291
23291 17919 18857
12275 14442 21589
14442 12275 21589
21589 12275 14442
17386 8882 14579
8882 14579 17386
14579 8882 17386
10168 9443 21250
9443 10168 21250
21250 9443 10168
19569 23747 26026
26026 19569 23747
23747 19569 26026
24888 22643 25273
22643 24888 25273
25273 22643 24888
16736 24544 27703
24544 16736 27703
27703 16736 24544
1570 6808 25562
25562 1570 6808
6808 1570 25562
20036 5243 10001
10001 5243 20036
5243 10001 20036
16832 11178 12018
11178 12018 16832
12018 11178 16832
13060 20991 23050
20991 13060 23050
23050 13060 20991
14342 1387 13654
13654 1387 14342
1387 13654 14342
11096 18918 28506
28506 11096 18918
18918 11096 28506
20728 12122 25058
25058 12122 20728
12122 20728 25058
20095 15733 28251
28251 15733 20095
15733 20095 28251
16292 2792 20713
20713 2792 16292
2792 16292 20713
23754 11226 23531
23531 11226 23754
11226 23531 23754
29342 4858 21598
21598 4858 29342
4858 21598 29342
356 14477 26908
14477 356 26908
26908 356 14477
28962 15056 26316
15056 26316 28962
26316 15056 28962
17573 3929 6438
6438 3929 17573
3929 6438 17573
4598 17117 20668
20668 4598 17117
17117 4598 20668
14766 16183 22115
22115 14766 16183
16183 14766 22115
23414 3818 8534
3818 8534 23414
8534 3818 23414
12574 21938 23089
21938 12574 23089
23089 12574 21938
21411 3451 13783
3451 13783 21411
13783 3451 21411
25483 2334 10229
10229 2334 25483
2334 10229 25483
19970 8275 17472
8275 17472 19970
17472 8275 19970
16432 5956 28961
28961 5956 16432
5956 16432 28961
23440 1285 12056
1285 12056 23440
12056 1285 23440
29 3723 21427
3723 29 21427
21427 29 3723
26619 19580 20584
19580 20584 26619
20584 19580 26619
21630 17654 26727
17654 21630 26727
26727 17654 21630
12108 3701 10300
10300 3701 12108
3701 10300 12108
11320 10110 24641
24641 10110 11320
10110 11320 24641
22504 1443 11031
11031 1443 22504
1443 11031 22504
18037 571 7272
7272 571 18037
571 7272 18037
27559 19343 25439
19343 25439 27559
25439 19343 27559
11757 238 24694
238 11757 24694
24694 238 11757
15894 9798 13551
9798 13551 15894
13551 9798 15894
26673 10382 16676
10382 16676 26673
16676 10382 26673
7014 12980 27991
27991 7014 12980
12980 7014 27991
11711 11366 26448
11366 11711 26448
26448 11366 11711
17080 13683 19832
19832 13683 17080
13683 17080 19832
5871 471 16327
471 5871 16327
16327 471 5871
10034 8048 19545
19545 8048 10034
8048 10034 19545
6392 5678 14018
5678 6392 14018
14018 5678 6392
203 4757 7515
4757 203 7515
7515 203 4757
16601 23308 29063
29063 16601 23308
23308 16601 29063
10688 9386 19197
9386 10688 19197
19197 9386 10688
6954 10171 22877
10171 6954 22877
22877 6954 10171
9672 11910 28184
28184 9672 11910
11910 9672 28184
20869 12429 24448
24448 12429 20869
12429 20869 24448
19101 4639 15075
4639 15075 19101
15075 4639 19101
13575 12190 25781
12190 13575 25781
25781 12190 13575
23343 8976 26124
26124 8976 23343
8976 23343 26124
4160 26447 29069
26447 4160 29069
29069 4160 26447
18347 1550 8465
8465 1550 18347
1550 8465 18347
23993 25210 28131
28131 23993 25210
25210 23993 28131
25029 19870 20703
19870 20703 25029
20703 19870 25029
8972 17481 19113
17481 8972 19113
19113 8972 17481
3691 17096 17924
17096 3691 17924
17924 3691 17096
5507 11470 14566
14566 5507 11470
11470 5507 14566
29985 2320 5524
5524 2320 29985
2320 5524 29985
4658 7412 27438
7412 4658 27438
27438 4658 7412
17107 18947 27594
27594 17107 18947
18947 17107 27594
10971 18892 22235
18892 10971 22235
22235 10971 18892
17449 15377 22943
22943 15377 17449
15377 17449 22943
27329 1020 6453
6453 1020 27329
1020 6453 27329
7662 1704 7159
1704 7159 7662
7159 1704 7662
23238 13347 21515
13347 21515 23238
21515 13347 23238
1128 27160 27476
27476 1128 27160
27160 1128 27476
5061 5345 22202
22202 5061 5345
5345 5061 22202
29428 23640 28518
23640 28518 29428
28518 23640 29428
13173 10485 25265
25265 10485 13173
10485 13173 25265
19923 9541 11502
9541 11502 19923
11502 9541 19923
29188 7530 14000
7530 14000 29188
14000 7530 29188
14010 8612 27988
8612 14010 27988
27988 8612 14010
9932 19726 21520
19726 9932 21520
21520 9932 19726
15912 21590 27098
21590 15912 27098
27098 15912 21590
26114 9089 10886
10886 9089 26114
9089 10886 26114
24887 740 9300
740 9300 24887
9300 740 24887
12968 1683 4089
1683 4089 12968
4089 1683 12968
20136 7372 26269
26269 7372 20136
7372 20136 26269
26307 4619 24389
4619 24389 26307
24389 4619 26307
16105 10697 10994
10994 10697 16105
10697 10994 16105
25138 5199 7200
5199 7200 25138
7200 5199 25138
7639 28320 28748
28320 7639 28748
28748 7639 28320
3731 18955 24895
18955 3731 24895
24895 3731 18955
5946 22041 23553
23553 5946 22041
22041 5946 23553
15978 13799 22807
13799 15978 22807
22807 13799 15978
5411 16746 18331
18331 5411 16746
16746 5411 18331
13707 1718 17373
1718 13707 17373
17373 1718 13707
15371 22593 22824
22593 15371 22824
22824 15371 22593
13507 13796 20716
13796 13507 20716
20716 13507 13796
7768 1173 29404
29404 1173 7768
1173 7768 29404
28831 1308 7095
1308 7095 28831
7095 1308 28831
409 7908 12335
7908 409 12335
12335 409 7908
17511 14721 16073
14721 16073 17511
16073 14721 17511
616 5083 11908
5083 616 11908
11908 616 5083
4502 16335 27383
16335 4502 27383
27383 4502 16335
7240 16639 19601
19601 7240 16639
16639 7240 19601
24078 4131 18699
4131 18699 24078
18699 4131 24078
6047 10293 27873
27873 6047 10293
10293 6047 27873
2449 2563 21429
2563 2449 21429
21429 2449 2563
27025 18830 27930
18830 27025 27930
27930 18830 27025
5448 18649 21011
21011 5448 18649
18649 5448 21011
11821 7025 11645
7025 11645 11821
11645 7025 11821
14984 21766 22707
22707 14984 21766
21766 14984 22707
15026 4612 29179
29179 4612 15026
4612 15026 29179
3986 25318 29383
25318 3986 29383
29383 3986 25318
7078 8655 11694
8655 7078 11694
11694 7078 8655
3266 17496 26386
17496 3266 26386
26386 3266 17496
2721 10490 13789
10490 2721 13789
13789 2721 10490
16726 24648 28627
24648 16726 28627
28627 16726 24648
6781 18684 25156
18684 6781 25156
25156 6781 18684
18173 8191 24494
24494 8191 18173
8191 18173 24494
24050 7625 17529
7625 17529 24050
17529 7625 24050
20216 10061 22385
22385 10061 20216
10061 20216 22385
4520 16924 26537
26537 4520 16924
16924 4520 26537
4034 2161 22700
2161 4034 22700
22700 2161 4034
924 10430 27089
27089 924 10430
10430 924 27089
5184 11587 12741
11587 5184 12741
12741 5184 11587
8872 12298 19688
12298 8872 19688
19688 8872 12298
16271 18147 23595
18147 16271 23595
23595 16271 18147
18268 3229 24176
3229 18268 24176
24176 3229 18268
10564 20973 27193
27193 10564 20973
20973 10564 27193
25352 4572 5137
5137 4572 25352
4572 5137 25352
11487 15412 17025
17025 11487 15412
15412 11487 17025
10746 24963 29790
29790 10746 24963
24963 10746 29790
29409 13517 20589
13517 20589 29409
20589 13517 29409
29061 19770 24711
19770 24711 29061
24711 19770 29061
26806 7646 29306
7646 26806 29306
29306 7646 26806
14089 18828 29019
29019 14089 18828
18828 14089 29019
27024 6690 6807
6690 6807 27024
6807 6690 27024
29339 2232 25811
25811 2232 29339
2232 25811 29339
4303 11534 24368
11534 4303 24368
24368 4303 11534
20404 1496 16279
1496 16279 20404
16279 1496 20404
20280 17259 27198
17259 20280 27198
27198 17259 20280
12946 15456 28920
15456 12946 28920
28920 12946 15456
3566 3836 13617
3836 3566 13617
13617 3566 3836
1978 3241 11858
3241 1978 11858
11858 1978 3241
24239 2816 13797
2816 13797 24239
13797 2816 24239
10728 5260 21401
5260 10728 21401
21401 5260 10728
4788 18999 29440
29440 4788 18999
18999 4788 29440
7000 9876 15380
15380 7000 9876
9876 7000 15380
7943 1818 12973
12973 1818 7943
1818 7943 12973
24158 1309 8618
8618 1309 24158
1309 8618 24158
9783 5268 26766
5268 9783 26766
26766 5268 9783
23051 5931 26257
5931 23051 26257
26257 5931 23051
11796 19014 27459
19014 11796 27459
27459 11796 19014
26565 22858 23788
23788 22858 26565
22858 23788 26565
17024 7143 25436
25436 7143 17024
7143 17024 25436
15358 9504 19121
19121 9504 15358
9504 15358 19121
329 7782 18321
7782 329 18321
18321 329 7782
7274 2092 22621
22621 2092 7274
2092 7274 22621
18565 5695 29518
5695 18565 29518
29518 5695 18565
4179 9747 18063
9747 4179 18063
18063 4179 9747
26549 1640 16727
1640 16727 26549
16727 1640 26549
2546 1290 11147
1290 2546 11147
11147 1290 2546
12239 7695 22748
22748 7695 12239
7695 12239 22748
25003 14293 29929
14293 25003 29929
29929 14293 25003
23457 9037 18350
18350 9037 23457
9037 18350 23457
2141 16084 24475
24475 2141 16084
16084 2141 24475
27411 10478 12751
10478 12751 27411
12751 10478 27411
21431 14168 20231
20231 14168 21431
14168 20231 21431
20573 19617 22074
19617 20573 22074
22074 19617 20573
26185 11598 26071
11598 26071 26185
26071 11598 26185
4247 3375 29719
29719 3375 4247
3375 4247 29719
14233 2703 10193
2703 10193 14233
10193 2703 14233
27184 3622 17141
17141 3622 27184
3622 17141 27184
410 1668 5440
5440 410 1668
1668 410 5440
25441 4709 15626
4709 15626 25441
15626 4709 25441
26286 508 15035
508 15035 26286
15035 508 26286
292 14578 28780
14578 292 28780
28780 292 14578
16810 420 10308
420 10308 16810
10308 420 16810
24984 1832 21312
21312 1832 24984
1832 21312 24984
23648 5801 6638
5801 6638 23648
6638 5801 23648
20348 15132 22927
22927 15132 20348
15132 20348 22927
25801 3646 11261
3646 11261 25801
11261 3646 25801
26966 370 16538
16538 370 26966
370 16538 26966
2184 23077 26090
23077 2184 26090
26090 2184 23077
13720 2535 2739
2739 2535 13720
2535 2739 13720
20424 7469 23103
23103 7469 20424
7469 20424 23103
14292 8630 23776
23776 8630 14292
8630 14292 23776
11850 467 26626
26626 467 11850
467 11850 26626
13874 13644 21955
13644 13874 21955
21955 13644 13874
2053 701 10187
701 2053 10187
10187 701 2053
28111 11855 27270
27270 11855 28111
11855 27270 28111
12912 12058 28283
28283 12058 12912
12058 12912 28283
3910 3166 14098
3166 3910 14098
14098 3166 3910
2997 8594 19307
8594 2997 19307
19307 2997 8594
27554 5211 21820
5211 21820 27554
21820 5211 27554
11820 2685 4054
4054 2685 11820
2685 4054 11820
20206 7210 7448
7448 7210 20206
7210 7448 20206
20564 4158 14424
4158 14424 20564
14424 4158 20564
8175 18040 26689
18040 8175 26689
26689 8175 18040
5619 11314 17032
11314 5619 17032
17032 5619 11314
20660 320 7004
7004 320 20660
320 7004 20660
23515 20881 26709
20881 23515 26709
26709 20881 23515
5526 4245 15238
4245 5526 15238
15238 4245 5526
23969 26594 29747
29747 23969 26594
26594 23969 29747
25334 2458 18261
2458 18261 25334
18261 2458 25334
11536 16481 25976
25976 11536 16481
16481 11536 25976
11142 13725 16057
16057 11142 13725
13725 11142 16057
26456 13858 17532
13858 17532 26456
17532 13858 26456
20757 7916 22467
7916 20757 22467
22467 7916 20757
25306 2101 19503
19503 2101 25306
2101 19503 25306
7685 25264 27651
25264 7685 27651
27651 7685 25264
26428 3866 25880
25880 3866 26428
3866 25880 26428
2778 24369 25664
24369 2778 25664
25664 2778 24369
9714 1969 21841
21841 1969 9714
1969 9714 21841
11278 3984 13824
13824 3984 11278
3984 11278 13824
302 3317 6143
6143 302 3317
3317 302 6143
20792 23554 28483
23554 20792 28483
28483 20792 23554
28597 18940 29477
18940 28597 29477
29477 18940 28597
6118 723 9029
9029 723 6118
723 6118 9029
833 3579 27442
27442 833 3579
3579 833 27442
16467 120 13440
120 13440 16467
13440 120 16467
15340 15444 26655
26655 15340 15444
15444 15340 26655
15786 1536 18827
18827 1536 15786
1536 15786 18827
16823 3569 22448
22448 3569 16823
3569 16823 22448
11213 6449 25339
25339 6449 11213
6449 11213 25339
14998 6009 16805
6009 14998 16805
16805 6009 14998
1849 17153 23612
23612 1849 17153
17153 1849 23612
14009 9143 24411
24411 9143 14009
9143 14009 24411
26835 13819 20183
13819 20183 26835
20183 13819 26835
18533 6704 25395
25395 6704 18533
6704 18533 25395
20489 1144 19979
1144 19979 20489
19979 1144 20489
586 8924 20429
8924 586 20429
20429 586 8924
25815 7151 24671
24671 7151 25815
7151 24671 25815
1477 8044 27827
27827 1477 8044
8044 1477 27827
8708 8445 29361
29361 8445 8708
8445 8708 29361
25121 16987 25462
16987 25121 25462
25462 16987 25121
5566 17515 18212
17515 5566 18212
18212 5566 17515
359 22121 26998
22121 359 26998
26998 359 22121
1434 15976 29635
15976 1434 29635
29635 1434 15976
13867 5459 24066
5459 13867 24066
24066 5459 13867
22081 14277 28248
28248 14277 22081
14277 22081 28248
24293 3547 15710
3547 15710 24293
15710 3547 24293
14956 385 18624
18624 385 14956
385 14956 18624
15167 12325 27317
27317 12325 15167
12325 15167 27317
17158 8606 20609
8606 17158 20609
20609 8606 17158
14500 14923 27156
14923 14500 27156
27156 14500 14923
10918 12887 18081
18081 10918 12887
12887 10918 18081
7437 16942 28859
16942 7437 28859
28859 7437 16942
5786 986 23375
23375 986 5786
986 5786 23375
13156 25410 28425
25410 13156 28425
28425 13156 25410
14197 8644 20822
20822 8644 14197
8644 14197 20822
4605 11494 27047
11494 4605 27047
27047 4605 11494
16567 6049 9322
9322 6049 16567
6049 9322 16567
25935 18962 27747
18962 25935 27747
27747 18962 25935
1933 4001 25320
25320 1933 4001
4001 1933 25320
2648 11201 14999
11201 2648 14999
14999 2648 11201
3267 1981 25707
1981 3267 25707
25707 1981 3267
14777 6700 29806
6700 14777 29806
29806 6700 14777
23784 8287 29921
8287 23784 29921
29921 8287 23784
14311 5800 27430
5800 14311 27430
27430 5800 14311
11920 6439 23160
23160 6439 11920
6439 11920 23160
14219 20282 21752
21752 14219 20282
20282 14219 21752
6959 11759 18477
11759 6959 18477
18477 6959 11759
28091 7320 15260
15260 7320 28091
7320 15260 28091
8784 8980 20274
8980 8784 20274
20274 8784 8980
19714 2305 26600
2305 19714 26600
26600 2305 19714
14371 5242 16681
5242 14371 16681
16681 5242 14371
121 18458 21304
21304 121 18458
18458 121 21304
20535 18588 26921
26921 18588 20535
18588 20535 26921
12030 10083 24743
10083 12030 24743
24743 10083 12030
22401 16273 29416
16273 22401 29416
29416 16273 22401
10057 4008 18122
18122 4008 10057
4008 10057 18122
11121 735 25007
735 11121 25007
25007 735 11121
13972 16268 29554
29554 13972 16268
16268 13972 29554
28478 1938 1991
1938 1991 28478
1991 1938 28478
29220 13321 20683
20683 13321 29220
13321 20683 29220
25970 2595 20961
20961 2595 25970
2595 20961 25970
17094 3276 3779
3276 3779 17094
3779 3276 17094
17777 2214 4659
2214 4659 17777
4659 2214 17777
19908 11951 23485
23485 11951 19908
11951 19908 23485
14979 7513 22825
7513 14979 22825
22825 7513 14979
4570 20924 21392
21392 4570 20924
20924 4570 21392
19139 16017 18198
18198 16017 19139
16017 18198 19139
27569 1183 14369
14369 1183 27569
1183 14369 27569
29010 15556 25173
15556 25173 29010
25173 15556 29010
18255 1720 19660
1720 18255 19660
19660 1720 18255
18482 6855 20318
6855 18482 20318
20318 6855 18482
27595 3164 11069
3164 11069 27595
11069 3164 27595
6721 23246 27324
27324 6721 23246
23246 6721 27324
3921 2992 8652
8652 2992 3921
2992 3921 8652
13348 6329 12580
12580 6329 13348
6329 12580 13348
20472 13000 15286
15286 13000 20472
13000 15286 20472
15410 6178 26916
6178 15410 26916
26916 6178 15410
18153 13581 26434
13581 18153 26434
26434 13581 18153
19076 7506 22009
22009 7506 19076
7506 19076 22009
6551 4900 24838
4900 6551 24838
24838 4900 6551
21509 16141 29461
29461 16141 21509
16141 21509 29461
20161 9135 18823
9135 18823 20161
18823 9135 20161
3585 2 6085
2 3585 6085
6085 2 3585
16745 6300 17721
17721 6300 16745
6300 16745 17721
22863 11544 25655
11544 22863 25655
25655 11544 22863
23782 2402 19107
2402 19107 23782
19107 2402 23782
24142 14069 16384
16384 14069 24142
14069 16384 24142
17110 21390 26429
21390 17110 26429
26429 17110 21390
24178 503 3064
3064 503 24178
503 3064 24178
15099 745 27171
745 15099 27171
27171 745 15099
12442 11411 27363
27363 11411 12442
11411 12442 27363
17987 11696 16227
11696 16227 17987
16227 11696 17987
27604 9849 13615
9849 13615 27604
13615 9849 27604
15376 17698 22445
22445 15376 17698
17698 15376 22445
4394 11050 20340
11050 4394 20340
20340 4394 11050
26532 1040 8401
8401 1040 26532
1040 8401 26532
20955 7825 10073
7825 10073 20955
10073 7825 20955
24741 11668 25042
25042 11668 24741
11668 24741 25042
16306 12777 19845
19845 12777 16306
12777 16306 19845
20285 7884 11166
11166 7884 20285
7884 11166 20285
1272 17230 27398
27398 1272 17230
17230 1272 27398
26763 14448 14934
14448 14934 26763
14934 14448 26763
29552 2757 12851
2757 12851 29552
12851 2757 29552
26733 23608 24380
23608 24380 26733
24380 23608 26733
11003 3795 9222
9222 3795 11003
3795 9222 11003
7214 15171 21164
15171 7214 21164
21164 7214 15171
6735 9220 15290
15290 6735 9220
9220 6735 15290
19082 10204 17611
17611 10204 19082
10204 17611 19082
1755 7838 12332
7838 1755 12332
12332 1755 7838
24130 20353 27810
27810 20353 24130
20353 24130 27810
3321 3648 6349
6349 3321 3648
3648 3321 6349
25328 5940 10464
5940 10464 25328
10464 5940 25328
351 7859 29360
7859 351 29360
29360 351 7859
20534 17772 24126
24126 17772 20534
17772 20534 24126
8723 20049 20195
20195 8723 20049
20049 8723 20195
14159 23295 25134
23295 14159 25134
25134 14159 23295
28640 24054 26703
26703 24054 28640
24054 26703 28640
10891 12441 25487
12441 10891 25487
25487 10891 12441
20743 8005 25467
25467 8005 20743
8005 20743 25467
15759 8088 10526
10526 8088 15759
8088 10526 15759
17678 5774 12293
5774 12293 17678
12293 5774 17678
3403 4056 7671
7671 3403 4056
4056 3403 7671
28582 3161 6142
3161 6142 28582
6142 3161 28582
19863 6354 20751
6354 19863 20751
20751 6354 19863
27232 13962 26941
26941 13962 27232
13962 26941 27232
7821 10456 18227
10456 7821 18227
18227 7821 10456
8390 3637 24289
3637 8390 24289
24289 3637 8390
11789 10554 27251
27251 10554 11789
10554 11789 27251
13436 10532 26510
26510 10532 13436
10532 13436 26510
23878 8877 12697
12697 8877 23878
8877 12697 23878
6903 27993 29522
27993 6903 29522
29522 6903 27993
5018 10028 13003
13003 5018 10028
10028 5018 13003
21513 577 18693
577 18693 21513
18693 577 21513
29817 15532 23383
23383 15532 29817
15532 23383 29817
20820 304 25596
304 20820 25596
25596 304 20820
16442 3603 26127
26127 3603 16442
3603 16442 26127
22728 19174 25075
25075 19174 22728
19174 22728 25075
6371 25925 28520
28520 6371 25925
25925 6371 28520
18084 10756 14343
10756 14343 18084
14343 10756 18084
14708 5591 13879
13879 5591 14708
5591 13879 14708
21342 25615 27602
27602 21342 25615
25615 21342 27602
878 3199 26788
26788 878 3199
3199 878 26788
8097 11427 26572
26572 8097 11427
11427 8097 26572
14037 5732 29379
29379 5732 14037
5732 14037 29379
26707 1113 15947
15947 1113 26707
1113 15947 26707
10932 21952 28381
21952 10932 28381
28381 10932 21952
25001 12043 29122
29122 12043 25001
12043 25001 29122
27457 716 25129
716 25129 27457
25129 716 27457
11032 10717 29663
29663 10717 11032
10717 11032 29663
24208 1001 4345
1001 4345 24208
4345 1001 24208
24547 7643 8112
7643 8112 24547
8112 7643 24547
15206 22878 28602
28602 15206 22878
22878 15206 28602
10958 12539 14473
12539 10958 14473
14473 10958 12539
2432 14188 16315
16315 2432 14188
14188 2432 16315
9773 10082 15973
15973 9773 10082
10082 9773 15973
16793 1211 21900
1211 16793 21900
21900 1211 16793
24286 1157 17477
17477 1157 24286
