159 70 163
70 159 163
163 70 159
272 61 72
61 72 272
72 61 272
226 134 257
257 134 226
134 226 257
15 47 102
47 15 102
102 15 47
241 16 59
16 59 241
59 16 241
129 10 169
10 129 169
169 10 129
114 29 66
29 66 114
66 29 114
198 113 168
168 113 198
113 168 198
125 229 278
229 125 278
278 125 229
236 233 244
244 233 236
233 236 244
54 73 123
123 54 73
73 54 123
239 36 174
36 174 239
174 36 239
104 202 268
268 104 202
202 104 268
142 60 288
288 60 142
60 142 288
232 100 277
277 100 232
100 232 277
209 145 218
218 145 209
145 209 218
152 184 234
234 152 184
184 152 234
55 150 192
150 55 192
192 55 150
231 11 40
40 11 231
11 40 231
45 68 297
297 45 68
68 45 297
74 141 219
219 74 141
141 74 219
298 51 230
51 230 298
230 51 298
69 120 243
243 69 120
120 69 243
116 133 171
133 116 171
171 116 133
255 65 283
65 255 283
283 65 255
78 80 81
81 78 80
80 78 81
194 18 42
18 42 194
42 18 194
161 108 296
108 161 296
296 108 161
158 95 235
95 158 235
235 95 158
276 28 293
28 276 293
293 28 276
299 97 179
179 97 299
97 179 299
90 14 119
14 90 119
119 14 90
167 110 281
281 110 167
110 167 281
213 162 201
201 162 213
162 201 213
224 79 284
79 224 284
284 79 224
139 121 153
153 121 139
121 139 153
242 22 88
88 22 242
22 88 242
132 262 267
262 132 267
267 132 262
251 37 204
204 37 251
37 204 251
210 103 216
216 103 210
103 210 216
138 82 260
82 138 260
260 82 138
220 223 271
223 220 271
271 220 223
186 112 181
112 181 186
181 112 186
106 71 273
273 71 106
71 106 273
48 25 53
53 25 48
25 48 53
87 84 190
190 84 87
84 87 190
26 33 57
57 26 33
33 26 57
43 127 196
127 43 196
196 43 127
63 94 263
94 63 263
263 63 94
105 56 154
56 105 154
154 56 105
187 146 183
146 183 187
183 146 187
62 261 294
261 62 294
294 62 261
58 24 140
140 24 58
24 58 140
256 39 143
143 39 256
39 143 256
270 12 115
12 115 270
115 12 270
225 156 300
156 225 300
300 156 225
252 30 290
290 30 252
30 252 290
144 41 208
208 41 144
41 144 208
131 177 240
240 131 177
177 131 240
49 64 265
64 49 265
265 49 64
32 35 250
250 32 35
35 32 250
130 266 280
280 130 266
266 130 280
195 136 259
259 136 195
136 195 259
13 149 199
149 13 199
199 13 149
291 264 285
285 264 291
264 285 291
137 92 164
92 137 164
164 92 137
222 214 227
227 214 222
214 222 227
75 91 258
91 75 258
258 75 91
89 160 286
286 89 160
160 89 286
206 20 77
20 77 206
77 20 206
247 178 237
178 237 247
237 178 247
254 1 76
76 1 254
1 76 254
6 217 289
289 6 217
217 6 289
151 122 295
295 122 151
122 151 295
5 96 166
96 5 166
166 5 96
155 98 287
98 155 287
287 98 155
148 19 245
19 148 245
245 19 148
274 83 248
83 248 274
248 83 274
46 117 212
117 46 212
212 46 117
176 85 99
85 99 176
99 85 176
8 173 215
173 8 215
215 8 173
67 211 279
211 67 279
279 67 211
21 9 147
9 21 147
147 9 21
126 124 188
124 126 188
188 124 126
128 3 180
3 128 180
180 3 128
27 7 118
7 27 118
118 7 27
2 23 197
197 2 23
23 2 197
182 101 275
101 182 275
275 101 182
205 170 191
170 191 205
191 170 205
246 93 203
93 203 246
203 93 246
228 38 86
86 38 228
38 86 228
172 109 175
109 172 175
175 109 172
111 52 157
52 111 157
157 52 111
221 17 189
17 189 221
189 17 221
249 34 135
34 135 249
135 34 249
193 44 292
44 193 292
292 44 193
185 4 269
269 4 185
4 185 269
31 107 282
107 31 282
282 31 107
200 50 207
207 50 200
50 200 207
165 238 253
238 165 253
253 165 238
