203 198 270
270 198 203
198 203 270
62 254 283
254 62 283
283 62 254
114 79 126
126 79 114
79 114 126
216 117 233
233 117 216
117 216 233
163 108 149
108 149 163
149 108 163
124 115 268
115 124 268
268 115 124
213 95 193
95 193 213
193 95 213
207 66 272
272 66 207
66 207 272
292 151 222
151 222 292
222 151 292
102 202 280
280 102 202
202 102 280
287 69 187
69 187 287
187 69 287
231 6 178
6 178 231
178 6 231
133 220 238
220 133 238
238 133 220
112 55 94
94 55 112
55 94 112
279 80 155
155 80 279
80 155 279
93 87 111
111 87 93
87 93 111
132 194 232
194 132 232
232 132 194
244 51 53
53 51 244
51 53 244
120 42 92
92 42 120
42 92 120
31 40 121
121 31 40
40 31 121
33 173 297
173 33 297
297 33 173
192 38 122
38 122 192
122 38 192
237 131 240
131 237 240
240 131 237
271 81 169
81 169 271
169 81 271
144 39 172
39 144 172
172 39 144
74 91 100
91 74 100
100 74 91
211 165 214
165 211 214
214 165 211
4 186 277
186 4 277
277 4 186
298 251 256
251 256 298
256 251 298
65 12 32
12 32 65
32 12 65
267 103 208
103 208 267
208 103 267
10 54 89
54 10 89
89 10 54
142 127 167
127 142 167
167 127 142
72 58 168
58 72 168
168 58 72
76 19 188
19 76 188
188 19 76
162 46 285
46 162 285
285 46 162
147 177 246
246 147 177
177 147 246
97 105 113
105 97 113
113 97 105
263 140 281
140 263 281
281 140 263
29 135 260
260 29 135
135 29 260
160 134 236
236 134 160
134 160 236
26 73 243
73 26 243
243 26 73
49 153 252
153 49 252
252 49 153
199 99 241
241 99 199
99 199 241
218 190 221
190 218 221
221 190 218
70 245 261
245 70 261
261 70 245
206 25 78
25 78 206
78 25 206
196 56 286
286 56 196
56 196 286
210 225 234
234 210 225
225 210 234
18 68 129
68 18 129
129 18 68
90 13 262
13 90 262
262 13 90
24 60 266
60 24 266
266 24 60
175 183 224
183 175 224
224 175 183
85 250 278
250 85 278
278 85 250
185 161 181
161 181 185
181 161 185
282 45 200
200 45 282
45 200 282
11 20 239
20 11 239
239 11 20
249 28 195
195 28 249
28 195 249
171 159 205
159 171 205
205 159 171
137 217 226
217 137 226
226 137 217
77 174 295
295 77 174
174 77 295
289 14 30
14 30 289
30 14 289
150 106 116
106 116 150
116 106 150
146 34 123
34 123 146
123 34 146
293 48 276
276 48 293
48 276 293
136 35 296
35 136 296
296 35 136
71 75 164
75 71 164
164 71 75
2 269 291
291 2 269
269 2 291
223 61 101
61 101 223
101 61 223
47 67 156
67 47 156
156 47 67
128 139 219
139 128 219
219 128 139
43 109 265
109 43 265
265 43 109
230 3 264
264 3 230
3 230 264
179 57 253
253 57 179
57 179 253
82 16 215
16 82 215
215 16 82
255 170 180
180 170 255
170 180 255
8 201 284
284 8 201
201 8 284
148 143 176
176 143 148
143 148 176
228 118 274
274 118 228
118 228 274
9 7 44
44 7 9
7 9 44
259 88 154
88 154 259
154 88 259
145 107 209
209 107 145
107 145 209
166 63 152
152 63 166
63 152 166
5 141 242
141 5 242
242 5 141
229 59 235
59 229 235
235 59 229
294 98 125
98 125 294
125 98 294
258 1 273
1 258 273
273 1 258
197 22 119
119 22 197
22 119 197
290 52 288
52 288 290
288 52 290
104 130 248
130 104 248
248 104 130
83 96 182
182 83 96
96 83 182
84 50 158
50 84 158
158 50 84
300 27 36
27 36 300
36 27 300
37 41 275
41 37 275
275 37 41
299 191 257
191 257 299
257 191 299
189 17 204
204 17 189
17 189 204
184 212 227
212 184 227
227 184 212
157 138 247
247 138 157
138 157 247
21 15 64
15 21 64
64 15 21
23 86 110
86 23 110
110 23 86
