14 28 295
295 14 28
28 14 295
54 121 172
172 54 121
121 54 172
115 2 256
2 115 256
256 2 115
96 34 136
34 96 136
136 34 96
116 6 292
6 116 292
292 6 116
20 179 284
179 20 284
284 20 179
291 193 204
204 193 291
193 204 291
119 44 67
44 67 119
67 44 119
263 7 49
49 7 263
7 49 263
205 10 236
236 10 205
10 205 236
298 51 300
300 51 298
51 298 300
289 43 141
141 43 289
43 141 289
175 18 290
18 175 290
290 18 175
258 186 293
293 186 258
186 258 293
133 78 185
185 78 133
78 133 185
215 109 147
147 109 215
109 147 215
45 74 217
74 45 217
217 45 74
178 38 229
229 38 178
38 178 229
211 8 222
8 211 222
222 8 211
257 180 265
265 180 257
180 257 265
70 47 163
163 47 70
47 70 163
208 107 127
107 127 208
127 107 208
52 25 224
25 52 224
224 25 52
105 114 120
114 105 120
120 105 114
279 75 218
218 75 279
75 218 279
140 24 118
24 118 140
118 24 140
216 73 221
73 216 221
221 73 216
170 207 225
207 170 225
225 170 207
138 80 260
80 138 260
260 80 138
26 239 281
281 26 239
239 26 281
79 31 297
297 31 79
31 79 297
36 160 171
160 36 171
171 36 160
228 82 232
82 228 232
232 82 228
164 83 269
83 164 269
269 83 164
274 88 122
122 88 274
88 122 274
214 93 155
93 155 214
155 93 214
152 167 184
167 152 184
184 152 167
235 161 230
161 230 235
230 161 235
272 135 226
135 226 272
226 135 272
142 91 209
209 91 142
91 142 209
153 149 241
149 153 241
241 149 153
212 273 283
283 212 273
273 212 283
110 100 237
100 110 237
237 100 110
268 50 227
50 227 268
227 50 268
132 9 19
9 19 132
19 9 132
5 162 253
253 5 162
162 5 253
194 81 123
81 123 194
123 81 194
39 85 130
130 39 85
85 39 130
84 128 223
128 84 223
223 84 128
288 97 299
299 97 288
97 288 299
264 156 262
156 262 264
262 156 264
165 251 294
294 165 251
251 165 294
183 108 255
108 183 255
255 108 183
111 129 267
129 111 267
267 111 129
195 71 246
246 71 195
71 195 246
66 58 64
64 58 66
58 64 66
103 69 112
69 103 112
112 69 103
62 104 150
150 62 104
104 62 150
158 41 285
285 41 158
41 158 285
87 29 199
29 87 199
199 29 87
275 32 65
32 65 275
65 32 275
220 259 278
259 220 278
278 220 259
145 15 159
159 15 145
15 145 159
60 12 270
270 12 60
12 60 270
277 30 102
30 102 277
102 30 277
188 196 219
196 188 219
219 188 196
42 261 271
271 42 261
261 42 271
242 23 98
98 23 242
23 98 242
46 95 177
95 46 177
177 46 95
187 94 240
240 94 187
94 187 240
276 17 238
238 17 276
17 238 276
198 125 201
201 125 198
125 198 201
92 3 243
3 92 243
243 3 92
192 27 191
27 191 192
191 27 192
280 151 176
151 176 280
176 151 280
244 126 131
131 126 244
126 131 244
282 101 210
210 101 282
101 210 282
63 33 146
33 63 146
146 33 63
16 48 190
190 16 48
48 16 190
173 11 56
11 56 173
56 11 173
231 68 248
68 231 248
248 68 231
77 4 287
287 4 77
4 77 287
143 189 266
266 143 189
189 143 266
35 181 252
252 35 181
181 35 252
197 40 206
206 40 197
40 197 206
59 89 99
89 59 99
99 59 89
200 37 137
137 37 200
37 137 200
22 157 169
169 22 157
157 22 169
76 1 174
174 1 76
1 76 174
203 250 296
250 203 296
296 203 250
139 166 233
166 139 233
233 139 166
61 117 202
117 61 202
202 61 117
168 124 286
124 168 286
286 124 168
86 55 154
55 86 154
154 55 86
182 134 234
234 134 182
134 182 234
254 53 249
249 53 254
53 249 254
113 21 144
21 113 144
144 21 113
245 72 106
72 106 245
106 72 245
90 57 148
57 90 148
148 57 90
13 213 247
247 13 213
213 13 247
