155 167 300
300 155 167
167 155 300
83 14 87
14 83 87
87 14 83
286 118 234
118 234 286
234 118 286
136 26 55
26 55 136
55 26 136
145 27 177
27 145 177
177 27 145
6 9 39
9 6 39
39 6 9
175 207 223
223 175 207
207 175 223
187 61 72
61 72 187
72 61 187
42 76 108
108 42 76
76 42 108
239 120 257
120 239 257
257 120 239
296 248 275
275 248 296
248 275 296
32 30 205
30 32 205
205 30 32
112 63 93
63 93 112
93 63 112
280 246 274
274 246 280
246 274 280
94 137 164
137 94 164
164 94 137
46 69 284
284 46 69
69 46 284
31 78 220
220 31 78
78 31 220
184 90 125
125 90 184
90 125 184
22 221 276
276 22 221
221 22 276
49 65 85
65 49 85
85 49 65
104 127 218
218 104 127
127 104 218
172 51 139
139 51 172
51 139 172
265 2 192
192 2 265
2 192 265
198 91 202
91 198 202
202 91 198
249 60 158
158 60 249
60 158 249
240 160 170
170 160 240
160 170 240
171 3 151
3 151 171
151 3 171
129 130 185
130 129 185
185 129 130
43 278 291
278 43 291
291 43 278
195 86 173
173 86 195
86 173 195
68 47 148
47 68 148
148 47 68
237 52 100
100 52 237
52 100 237
38 84 105
84 38 105
105 38 84
282 188 201
201 188 282
188 201 282
253 232 235
235 232 253
232 235 253
142 41 95
41 95 142
95 41 142
106 161 244
161 106 244
244 106 161
7 186 258
186 7 258
258 7 186
4 165 245
165 4 245
245 4 165
295 15 298
15 295 298
298 15 295
109 18 230
18 109 230
230 18 109
73 21 197
197 21 73
21 73 197
243 16 203
16 203 243
203 16 243
163 35 45
35 45 163
45 35 163
287 8 114
8 114 287
114 8 287
208 224 294
294 208 224
224 208 294
25 123 140
123 25 140
140 25 123
273 179 292
292 179 273
179 273 292
180 178 238
238 178 180
178 180 238
217 62 115
115 62 217
62 115 217
250 226 271
271 226 250
226 250 271
146 147 194
147 146 194
194 146 147
33 88 213
213 33 88
88 33 213
34 37 289
289 34 37
37 34 289
11 193 279
193 11 279
279 11 193
215 110 210
110 210 215
210 110 215
135 75 288
288 75 135
75 135 288
261 256 266
266 256 261
256 261 266
222 99 102
102 99 222
99 102 222
254 157 264
264 157 254
157 254 264
272 168 255
255 168 272
168 255 272
82 133 252
133 82 252
252 82 133
10 29 247
29 10 247
247 10 29
263 285 299
285 263 299
299 263 285
48 92 267
267 48 92
92 48 267
89 20 268
20 89 268
268 20 89
57 1 231
1 57 231
231 1 57
209 162 297
297 162 209
162 209 297
50 131 152
131 50 152
152 50 131
67 56 116
56 67 116
116 56 67
199 64 128
128 64 199
64 128 199
13 159 166
159 13 166
166 13 159
44 28 97
28 44 97
97 28 44
174 58 70
58 70 174
70 58 174
24 36 212
36 24 212
212 24 36
169 150 283
283 150 169
150 169 283
79 154 191
191 79 154
154 79 191
12 71 141
141 12 71
71 12 141
270 101 134
134 101 270
101 134 270
132 124 290
124 132 290
290 124 132
183 111 211
211 111 183
111 183 211
119 66 200
66 119 200
200 66 119
143 260 269
260 143 269
269 143 260
121 144 189
189 121 144
144 121 189
23 54 149
54 23 149
149 23 54
19 98 117
98 19 117
117 19 98
259 206 227
227 206 259
206 227 259
229 122 228
122 228 229
228 122 229
156 80 241
80 156 241
241 80 156
251 176 281
176 251 281
281 176 251
40 138 182
182 40 138
138 40 182
153 219 242
242 153 219
219 153 242
225 5 107
5 107 225
107 5 225
103 181 214
181 103 214
214 103 181
113 277 293
293 113 277
277 113 293
59 17 81
81 17 59
17 59 81
236 77 96
77 96 236
96 77 236
126 74 216
216 74 126
74 126 216
196 53 190
190 53 196
53 190 196
204 233 262
233 204 262
262 204 233
