251 41 286
41 251 286
286 41 251
298 72 235
72 235 298
235 72 298
152 154 295
295 152 154
154 152 295
212 26 287
26 212 287
287 26 212
89 163 278
278 89 163
163 89 278
33 21 125
125 21 33
21 33 125
206 31 183
31 183 206
183 31 206
7 54 149
54 7 149
149 7 54
197 239 261
239 197 261
261 197 239
177 117 265
265 117 177
117 177 265
25 66 99
66 25 99
99 25 66
109 6 139
139 6 109
6 109 139
204 39 281
39 204 281
281 39 204
135 276 291
276 135 291
291 135 276
184 68 91
68 91 184
91 68 184
95 90 254
254 90 95
90 95 254
37 140 289
140 37 289
289 37 140
210 74 191
191 74 210
74 191 210
227 51 294
294 51 227
51 227 294
157 92 187
92 157 187
187 92 157
166 115 213
115 166 213
213 115 166
161 75 158
75 158 161
158 75 161
78 81 142
81 78 142
142 78 81
280 162 190
162 190 280
190 162 280
12 131 178
131 12 178
178 12 131
43 11 155
11 43 155
155 11 43
44 82 215
215 44 82
82 44 215
101 49 111
111 49 101
49 101 111
225 16 84
16 84 225
84 16 225
145 147 290
290 145 147
147 145 290
88 141 216
141 88 216
216 88 141
103 114 182
114 103 182
182 103 114
284 65 283
65 283 284
283 65 284
165 58 64
58 64 165
64 58 165
119 22 28
22 28 119
28 22 119
116 63 248
63 116 248
248 63 116
193 120 207
207 120 193
120 193 207
46 36 122
36 46 122
122 36 46
8 9 249
9 8 249
249 8 9
148 138 277
277 138 148
138 148 277
214 17 195
195 17 214
17 195 214
236 219 243
243 219 236
219 236 243
288 76 226
226 76 288
76 226 288
143 156 296
296 143 156
156 143 296
102 194 253
194 102 253
253 102 194
252 24 146
24 146 252
146 24 252
104 132 274
274 104 132
132 104 274
108 34 159
159 34 108
34 108 159
80 71 273
273 71 80
71 80 273
123 23 32
32 23 123
23 32 123
282 87 221
87 221 282
221 87 282
52 1 192
1 52 192
192 1 52
62 79 209
79 62 209
209 62 79
113 285 292
292 113 285
285 113 292
14 60 126
60 14 126
126 14 60
112 173 247
247 112 173
173 112 247
98 96 160
96 98 160
160 96 98
198 242 267
267 198 242
242 198 267
136 172 266
172 136 266
266 136 172
180 19 258
258 19 180
19 180 258
18 27 127
127 18 27
27 18 127
40 73 269
73 40 269
269 40 73
4 196 222
196 4 222
222 4 196
133 3 42
42 3 133
3 42 133
134 2 238
238 2 134
2 134 238
188 199 272
272 188 199
199 188 272
181 13 264
264 13 181
13 181 264
255 15 275
275 15 255
15 255 275
69 167 175
167 69 175
175 69 167
244 47 245
47 244 245
245 47 244
137 61 224
224 61 137
61 137 224
185 189 268
189 185 268
268 185 189
53 30 231
231 30 53
30 53 231
94 35 67
35 67 94
67 35 94
174 83 203
83 174 203
203 83 174
105 59 77
59 77 105
77 59 105
201 118 241
241 118 201
118 201 241
164 50 232
232 50 164
50 164 232
128 237 271
271 128 237
237 128 271
230 186 205
205 186 230
186 205 230
211 220 246
246 211 220
220 211 246
300 86 262
262 86 300
86 262 300
260 176 293
176 260 293
293 176 260
85 171 217
217 85 171
171 85 217
250 70 97
70 97 250
97 70 250
240 55 144
55 144 240
144 55 240
56 106 299
106 56 299
299 56 106
233 129 259
259 129 233
129 233 259
150 228 234
234 150 228
228 150 234
223 208 229
229 208 223
208 223 229
270 38 256
256 38 270
38 256 270
29 20 130
130 20 29
20 29 130
200 124 279
279 124 200
124 200 279
179 45 57
57 45 179
45 57 179
100 48 151
151 48 100
48 100 151
93 107 153
107 93 153
153 93 107
297 169 263
263 169 297
169 263 297
202 5 168
168 5 202
5 168 202
10 218 257
257 10 218
218 10 257
170 110 121
110 121 170
121 110 170
