23173 7435 23801
23801 7435 23173
7435 23173 23801
2784 14943 24057
14943 2784 24057
24057 2784 14943
29368 6366 12661
12661 6366 29368
6366 12661 29368
3731 8090 18503
8090 3731 18503
18503 3731 8090
21353 10119 21601
10119 21353 21601
21601 10119 21353
16943 18938 23043
18938 16943 23043
23043 16943 18938
14772 1854 17034
1854 14772 17034
17034 1854 14772
9510 9079 23099
9079 9510 23099
23099 9079 9510
6473 166 17813
166 6473 17813
17813 166 6473
2496 16400 17545
16400 2496 17545
17545 2496 16400
15505 637 6081
637 6081 15505
6081 637 15505
18391 8645 21259
8645 18391 21259
21259 8645 18391
11566 18908 22392
22392 11566 18908
18908 11566 22392
29551 3326 25721
25721 3326 29551
3326 25721 29551
12082 14303 18419
18419 12082 14303
14303 12082 18419
6924 9796 14348
9796 6924 14348
14348 6924 9796
22525 23415 28357
28357 22525 23415
23415 22525 28357
22555 5227 13028
5227 13028 22555
13028 5227 22555
25093 2763 21895
2763 21895 25093
21895 2763 25093
4601 1215 12811
12811 1215 4601
1215 4601 12811
23476 6695 14489
14489 6695 23476
6695 14489 23476
23158 16451 27868
27868 16451 23158
16451 23158 27868
2450 15381 15534
15534 2450 15381
15381 2450 15534
19490 5278 28823
28823 5278 19490
5278 19490 28823
6499 1958 15795
15795 1958 6499
1958 6499 15795
22159 5887 19706
19706 5887 22159
5887 19706 22159
24460 5405 17562
17562 5405 24460
5405 17562 24460
7095 11300 26064
26064 7095 11300
11300 7095 26064
4534 1169 29011
29011 1169 4534
1169 4534 29011
7036 19439 22040
22040 7036 19439
19439 7036 22040
924 7226 19306
19306 924 7226
7226 924 19306
11462 2514 5344
5344 2514 11462
2514 5344 11462
22075 5251 10031
10031 5251 22075
5251 10031 22075
6298 1626 19376
19376 1626 6298
1626 6298 19376
18023 19251 29395
29395 18023 19251
19251 18023 29395
3624 7259 24516
24516 3624 7259
7259 3624 24516
10498 10466 27674
27674 10466 10498
10466 10498 27674
22235 5075 16089
16089 5075 22235
5075 16089 22235
11464 747 17709
747 11464 17709
17709 747 11464
17793 4521 15704
15704 4521 17793
4521 15704 17793
17955 1872 22429
1872 17955 22429
22429 1872 17955
4223 18225 20599
20599 4223 18225
18225 4223 20599
19537 2872 9068
9068 2872 19537
2872 9068 19537
25536 8490 21381
8490 21381 25536
21381 8490 25536
10580 3265 12633
3265 10580 12633
12633 3265 10580
6786 782 20469
782 6786 20469
20469 782 6786
20662 13351 29919
13351 20662 29919
29919 13351 20662
9754 5890 9086
5890 9086 9754
9086 5890 9754
18424 17796 22549
22549 17796 18424
17796 18424 22549
11601 9385 26802
9385 11601 26802
26802 9385 11601
28468 3588 13636
3588 13636 28468
13636 3588 28468
26522 7423 9326
9326 7423 26522
7423 9326 26522
27471 20839 29752
20839 27471 29752
29752 20839 27471
21129 14676 15393
15393 14676 21129
14676 15393 21129
16731 403 16192
16192 403 16731
403 16192 16731
11579 27547 28250
27547 11579 28250
28250 11579 27547
26987 2773 10180
2773 10180 26987
10180 2773 26987
9101 14039 17778
17778 9101 14039
14039 9101 17778
10822 6732 15056
15056 6732 10822
6732 10822 15056
26512 11953 18956
18956 11953 26512
11953 18956 26512
16895 21815 24394
24394 16895 21815
21815 16895 24394
13186 4862 13929
4862 13186 13929
13929 4862 13186
22577 13954 25178
25178 13954 22577
13954 22577 25178
14682 3887 17471
17471 3887 14682
3887 14682 17471
2128 697 17204
17204 697 2128
697 2128 17204
26959 10162 22672
22672 10162 26959
10162 22672 26959
14783 7452 20119
20119 7452 14783
7452 14783 20119
24675 1622 7111
1622 7111 24675
7111 1622 24675
3816 24860 27810
27810 3816 24860
24860 3816 27810
5584 7825 19156
7825 5584 19156
19156 5584 7825
13836 27885 28929
28929 13836 27885
27885 13836 28929
11429 13591 28920
28920 11429 13591
13591 11429 28920
1569 20258 24944
20258 1569 24944
24944 1569 20258
4113 2842 10508
2842 4113 10508
10508 2842 4113
4272 6376 16016
6376 4272 16016
16016 4272 6376
25229 22133 23366
22133 23366 25229
23366 22133 25229
9324 6475 15582
6475 9324 15582
15582 6475 9324
16395 7373 28878
28878 7373 16395
7373 16395 28878
3374 14958 28662
14958 3374 28662
28662 3374 14958
10932 13158 28373
28373 10932 13158
13158 10932 28373
12409 2685 18283
18283 2685 12409
2685 12409 18283
14664 84 19750
84 14664 19750
19750 84 14664
4585 10740 29075
29075 4585 10740
10740 4585 29075
23367 14812 19797
19797 14812 23367
14812 19797 23367
21088 13578 23846
23846 13578 21088
13578 21088 23846
13249 11859 20183
11859 13249 20183
20183 11859 13249
25695 19959 24054
24054 19959 25695
19959 24054 25695
972 24781 29995
29995 972 24781
24781 972 29995
9734 4777 20337
4777 9734 20337
20337 4777 9734
6928 17780 19212
19212 6928 17780
17780 6928 19212
19254 16787 24557
24557 16787 19254
16787 19254 24557
16970 5118 15209
15209 5118 16970
5118 15209 16970
4545 10493 16249
16249 4545 10493
10493 4545 16249
16200 8279 16038
8279 16038 16200
16038 8279 16200
6200 8543 19704
8543 6200 19704
19704 6200 8543
29114 4818 20383
20383 4818 29114
4818 20383 29114
5563 14788 25048
14788 5563 25048
25048 5563 14788
8710 14650 24941
14650 8710 24941
24941 8710 14650
2074 16923 22738
22738 2074 16923
16923 2074 22738
17678 10981 15345
15345 10981 17678
10981 15345 17678
7687 2795 9852
2795 7687 9852
9852 2795 7687
28426 6817 8908
6817 8908 28426
8908 6817 28426
4952 11512 23795
23795 4952 11512
11512 4952 23795
13507 6488 13502
6488 13502 13507
13502 6488 13507
10181 18275 28977
28977 10181 18275
18275 10181 28977
17689 395 11924
395 11924 17689
11924 395 17689
9267 2874 22390
2874 9267 22390
22390 2874 9267
10690 2141 20601
2141 10690 20601
20601 2141 10690
19915 15380 24673
24673 15380 19915
15380 19915 24673
20751 700 9912
9912 700 20751
700 9912 20751
2398 464 10185
464 2398 10185
10185 464 2398
2749 1369 14732
1369 2749 14732
14732 1369 2749
25206 20897 22067
20897 22067 25206
22067 20897 25206
14077 5301 5552
5552 5301 14077
5301 5552 14077
28587 17065 25874
17065 25874 28587
25874 17065 28587
21131 12818 24476
24476 12818 21131
12818 21131 24476
10480 13425 18975
18975 10480 13425
13425 10480 18975
27492 931 15269
931 15269 27492
15269 931 27492
19029 23067 28206
28206 19029 23067
23067 19029 28206
37 2568 23323
23323 37 2568
2568 37 23323
16343 12775 12855
12775 12855 16343
12855 12775 16343
16414 13576 26469
26469 13576 16414
13576 16414 26469
2222 12460 17058
17058 2222 12460
12460 2222 17058
7731 2041 26429
2041 7731 26429
26429 2041 7731
11877 1641 23024
1641 11877 23024
23024 1641 11877
7709 5664 8114
5664 7709 8114
8114 5664 7709
25907 25824 26450
26450 25824 25907
25824 25907 26450
26316 8159 29088
8159 26316 29088
29088 8159 26316
25142 560 15085
15085 560 25142
560 15085 25142
2364 8453 16439
16439 2364 8453
8453 2364 16439
25526 9722 21155
21155 9722 25526
9722 21155 25526
7387 4022 13876
4022 7387 13876
13876 4022 7387
3615 5379 19461
19461 3615 5379
5379 3615 19461
10786 7686 13385
7686 10786 13385
13385 7686 10786
27747 13490 27072
13490 27072 27747
27072 13490 27747
6085 1769 8449
8449 1769 6085
1769 6085 8449
9663 4866 5958
4866 5958 9663
5958 4866 9663
6451 3863 10244
10244 3863 6451
3863 6451 10244
10693 16286 26185
16286 10693 26185
26185 10693 16286
14747 6528 25711
6528 14747 25711
25711 6528 14747
3970 16850 23568
16850 3970 23568
23568 3970 16850
19587 6940 8642
8642 6940 19587
6940 8642 19587
11339 12545 13495
12545 11339 13495
13495 11339 12545
12487 9375 17890
17890 9375 12487
9375 12487 17890
16260 8066 27921
27921 8066 16260
8066 16260 27921
995 10851 19846
10851 995 19846
19846 995 10851
2973 11064 12883
11064 2973 12883
12883 2973 11064
21291 19934 29818
19934 21291 29818
29818 19934 21291
13035 9212 9673
9673 9212 13035
9212 9673 13035
26045 22227 24845
22227 24845 26045
24845 22227 26045
10173 1274 22449
1274 10173 22449
22449 1274 10173
19090 6813 10677
6813 10677 19090
10677 6813 19090
12554 20612 22702
22702 12554 20612
20612 12554 22702
14420 682 19676
682 14420 19676
19676 682 14420
20212 12719 26890
26890 12719 20212
12719 20212 26890
17685 23671 23775
23775 17685 23671
23671 17685 23775
29188 2583 3118
3118 2583 29188
2583 3118 29188
15551 18693 28227
28227 15551 18693
18693 15551 28227
9059 18356 27998
18356 9059 27998
27998 9059 18356
829 16415 25377
25377 829 16415
16415 829 25377
17520 2475 10137
2475 10137 17520
10137 2475 17520
11985 813 6919
813 6919 11985
6919 813 11985
4229 16843 27883
27883 4229 16843
16843 4229 27883
7358 15907 26055
15907 7358 26055
26055 7358 15907
22511 23193 23979
23193 22511 23979
23979 22511 23193
29788 22279 26996
22279 26996 29788
26996 22279 29788
485 8255 24475
8255 485 24475
24475 485 8255
15181 21393 28298
28298 15181 21393
21393 15181 28298
4753 14493 22049
22049 4753 14493
14493 4753 22049
14815 11716 23780
23780 11716 14815
11716 14815 23780
22784 12785 26509
26509 12785 22784
12785 22784 26509
26997 10105 29356
29356 10105 26997
10105 26997 29356
10621 10307 12570
10307 10621 12570
12570 10307 10621
3405 8269 18490
8269 3405 18490
18490 3405 8269
21782 18479 23398
18479 21782 23398
23398 18479 21782
29946 589 22062
22062 589 29946
589 22062 29946
29014 4643 9786
9786 4643 29014
4643 9786 29014
26559 26162 28359
26162 26559 28359
28359 26162 26559
20343 28254 28845
28254 20343 28845
28845 20343 28254
17476 5340 14357
5340 14357 17476
14357 5340 17476
3762 1914 29147
29147 1914 3762
1914 3762 29147
16299 27024 28595
27024 16299 28595
28595 16299 27024
12902 16145 25771
25771 12902 16145
16145 12902 25771
19332 9866 15821
15821 9866 19332
9866 15821 19332
20495 5381 6999
5381 6999 20495
6999 5381 20495
3841 12832 23898
23898 3841 12832
12832 3841 23898
14523 5829 25461
5829 14523 25461
25461 5829 14523
18773 5161 9961
5161 9961 18773
9961 5161 18773
25486 10296 18847
18847 10296 25486
10296 18847 25486
29571 6396 7714
7714 6396 29571
6396 7714 29571
28476 11761 11879
11761 11879 28476
11879 11761 28476
8386 5407 14287
5407 8386 14287
14287 5407 8386
22108 1275 5365
5365 1275 22108
1275 5365 22108
15043 161 9300
161 9300 15043
9300 161 15043
110 8767 10664
10664 110 8767
8767 110 10664
2220 2824 15137
15137 2220 2824
2824 2220 15137
572 17947 28143
28143 572 17947
17947 572 28143
944 20478 26771
20478 944 26771
26771 944 20478
14319 22733 23363
23363 14319 22733
22733 14319 23363
4509 16082 17673
17673 4509 16082
16082 4509 17673
12230 2955 20013
20013 2955 12230
2955 12230 20013
21990 1978 12959
12959 1978 21990
1978 12959 21990
2613 6743 24793
24793 2613 6743
6743 2613 24793
25717 6127 15072
15072 6127 25717
6127 15072 25717
18020 6007 26402
26402 6007 18020
6007 18020 26402
15449 1289 9132
9132 1289 15449
1289 9132 15449
24812 11170 24887
24887 11170 24812
11170 24812 24887
26426 2044 13284
13284 2044 26426
2044 13284 26426
23875 1211 28440
1211 23875 28440
28440 1211 23875
6881 5242 17846
17846 5242 6881
5242 6881 17846
20175 4697 16429
16429 4697 20175
4697 16429 20175
8910 18417 25398
25398 8910 18417
18417 8910 25398
28585 24063 27873
24063 27873 28585
27873 24063 28585
14757 17091 19672
19672 14757 17091
17091 14757 19672
13555 13559 19356
13559 13555 19356
19356 13555 13559
907 17397 24577
17397 907 24577
24577 907 17397
8534 6289 14587
14587 6289 8534
6289 8534 14587
29692 3546 6021
3546 6021 29692
6021 3546 29692
25458 1858 12439
12439 1858 25458
1858 12439 25458
13497 14799 21107
21107 13497 14799
14799 13497 21107
24603 15472 18198
15472 18198 24603
18198 15472 24603
20985 8725 16978
16978 8725 20985
8725 16978 20985
7844 9339 16311
16311 7844 9339
9339 7844 16311
5030 25609 25898
25898 5030 25609
25609 5030 25898
16801 4442 14297
14297 4442 16801
4442 14297 16801
18291 2963 6369
2963 6369 18291
6369 2963 18291
19174 3356 11748
3356 11748 19174
11748 3356 19174
25930 3207 8869
3207 8869 25930
8869 3207 25930
12620 3942 8406
8406 3942 12620
3942 8406 12620
28532 1827 22032
22032 1827 28532
1827 22032 28532
24398 7875 10601
10601 7875 24398
7875 10601 24398
21364 11941 30000
30000 11941 21364
11941 21364 30000
24992 1842 5363
5363 1842 24992
1842 5363 24992
29605 6789 24317
24317 6789 29605
6789 24317 29605
3062 15401 19293
19293 3062 15401
15401 3062 19293
1563 5696 22950
22950 1563 5696
5696 1563 22950
9392 17779 29942
29942 9392 17779
17779 9392 29942
18483 5854 10458
5854 10458 18483
10458 5854 18483
20047 19744 22648
22648 19744 20047
19744 20047 22648
4529 8675 22366
22366 4529 8675
8675 4529 22366
18360 15313 23136
15313 18360 23136
23136 15313 18360
29914 9261 18508
18508 9261 29914
9261 18508 29914
5400 2940 20330
2940 5400 20330
20330 2940 5400
19007 6411 23993
23993 6411 19007
6411 19007 23993
3910 17486 24339
24339 3910 17486
17486 3910 24339
15500 11252 27464
27464 11252 15500
11252 15500 27464
15945 7120 20340
7120 15945 20340
20340 7120 15945
27878 24730 27458
24730 27458 27878
27458 24730 27878
7393 5447 20379
5447 7393 20379
20379 5447 7393
11673 8302 10392
8302 10392 11673
10392 8302 11673
12654 2057 24229
2057 12654 24229
24229 2057 12654
8407 21711 23914
23914 8407 21711
21711 8407 23914
20070 6514 22737
6514 20070 22737
22737 6514 20070
19530 9431 16363
16363 9431 19530
9431 16363 19530
7655 6184 10915
10915 6184 7655
6184 7655 10915
4802 12931 13114
13114 4802 12931
12931 4802 13114
21971 21655 22331
21655 21971 22331
22331 21655 21971
9884 7923 18833
18833 7923 9884
7923 9884 18833
2602 7605 8014
7605 2602 8014
8014 2602 7605
18454 6614 20727
6614 18454 20727
20727 6614 18454
15161 20302 23000
23000 15161 20302
20302 15161 23000
4107 11396 19807
19807 4107 11396
11396 4107 19807
26241 10682 27719
27719 10682 26241
10682 26241 27719
21511 20971 24996
20971 21511 24996
24996 20971 21511
20622 9050 21896
21896 9050 20622
9050 20622 21896
5675 19957 26760
19957 5675 26760
26760 5675 19957
3832 13993 15316
15316 3832 13993
13993 3832 15316
25731 2414 20215
2414 20215 25731
20215 2414 25731
7059 24103 25516
24103 7059 25516
25516 7059 24103
24932 25946 28604
25946 24932 28604
28604 24932 25946
28665 6685 29901
6685 28665 29901
29901 6685 28665
3751 6781 17938
6781 3751 17938
17938 3751 6781
23124 14725 27410
27410 14725 23124
14725 23124 27410
3819 9986 20826
20826 3819 9986
9986 3819 20826
4102 4144 10578
10578 4102 4144
4144 4102 10578
17845 4850 13702
13702 4850 17845
4850 13702 17845
4507 17531 18785
18785 4507 17531
17531 4507 18785
16077 3993 9566
3993 9566 16077
9566 3993 16077
3723 17694 21473
17694 3723 21473
21473 3723 17694
22806 16727 16973
16973 16727 22806
16727 16973 22806
1936 7682 11505
7682 1936 11505
11505 1936 7682
19593 24347 27136
24347 19593 27136
27136 19593 24347
9882 5494 24213
5494 9882 24213
24213 5494 9882
27110 675 3483
675 3483 27110
3483 675 27110
13842 21420 29821
21420 13842 29821
29821 13842 21420
7999 1095 21576
1095 7999 21576
21576 1095 7999
424 2381 23457
2381 424 23457
23457 424 2381
7575 3551 20606
3551 7575 20606
20606 3551 7575
22974 12621 26982
26982 12621 22974
12621 22974 26982
15286 3455 29613
3455 15286 29613
29613 3455 15286
15594 7440 27260
7440 15594 27260
27260 7440 15594
10660 6392 15255
6392 10660 15255
15255 6392 10660
26976 25150 27530
25150 26976 27530
27530 25150 26976
20953 7068 11557
11557 7068 20953
7068 11557 20953
26096 14191 17639
14191 17639 26096
17639 14191 26096
23462 331 29712
331 23462 29712
29712 331 23462
2027 15099 25037
25037 2027 15099
15099 2027 25037
831 6236 27701
6236 831 27701
27701 831 6236
19548 4019 15586
15586 4019 19548
4019 15586 19548
25080 5476 26706
5476 25080 26706
26706 5476 25080
24954 21038 28332
28332 21038 24954
21038 24954 28332
20439 6402 14279
6402 14279 20439
14279 6402 20439
11154 990 23522
23522 990 11154
990 11154 23522
27150 9109 25964
25964 9109 27150
9109 25964 27150
25402 6763 12481
12481 6763 25402
6763 12481 25402
6120 6425 22459
6425 6120 22459
22459 6120 6425
22627 4454 10764
10764 4454 22627
4454 10764 22627
3024 392 2072
2072 392 3024
392 2072 3024
26311 13687 29962
13687 26311 29962
29962 13687 26311
17708 12656 22545
22545 12656 17708
12656 17708 22545
5015 4625 6464
6464 4625 5015
4625 5015 6464
12692 2754 2982
2982 2754 12692
2754 2982 12692
19259 6088 6926
6926 6088 19259
6088 6926 19259
7738 2085 18989
2085 7738 18989
18989 2085 7738
7147 2836 27501
27501 2836 7147
2836 7147 27501
12366 24613 25613
24613 12366 25613
25613 12366 24613
17744 10842 12329
10842 12329 17744
12329 10842 17744
5321 5759 29005
29005 5321 5759
5759 5321 29005
7421 14300 18614
14300 7421 18614
18614 7421 14300
23695 18776 21527
18776 21527 23695
21527 18776 23695
12492 4070 10338
4070 10338 12492
10338 4070 12492
12300 18469 21937
18469 12300 21937
21937 12300 18469
8277 18271 20406
20406 8277 18271
18271 8277 20406
10759 7590 13966
7590 10759 13966
13966 7590 10759
24586 1550 26140
1550 24586 26140
26140 1550 24586
20344 454 1926
454 1926 20344
1926 454 20344
12905 54 8057
8057 54 12905
54 8057 12905
27192 24943 28185
28185 24943 27192
24943 27192 28185
4533 6842 17030
6842 4533 17030
17030 4533 6842
2753 3051 26917
26917 2753 3051
3051 2753 26917
13684 4213 26748
4213 13684 26748
26748 4213 13684
25727 3438 9641
9641 3438 25727
3438 9641 25727
11189 2473 11329
2473 11189 11329
11329 2473 11189
27730 12856 26929
12856 26929 27730
26929 12856 27730
5612 11617 11643
11617 5612 11643
11643 5612 11617
15411 1536 6912
1536 6912 15411
6912 1536 15411
16346 7105 13338
13338 7105 16346
7105 13338 16346
6605 6069 16692
6069 6605 16692
16692 6069 6605
16337 17133 23877
17133 16337 23877
23877 16337 17133
5077 16030 27942
16030 5077 27942
27942 5077 16030
28507 8317 24205
8317 24205 28507
24205 8317 28507
9667 2631 4512
2631 4512 9667
4512 2631 9667
2292 10670 18345
18345 2292 10670
10670 2292 18345
28651 1776 8598
8598 1776 28651
1776 8598 28651
11911 10984 17972
10984 11911 17972
17972 10984 11911
8518 8042 9160
8042 8518 9160
9160 8042 8518
4894 2087 13404
2087 4894 13404
13404 2087 4894
19380 19451 21230
21230 19380 19451
19451 19380 21230
22646 26656 27633
26656 22646 27633
27633 22646 26656
13074 25494 29047
25494 13074 29047
29047 13074 25494
20135 16592 22309
16592 20135 22309
22309 16592 20135
29847 5352 28750
5352 28750 29847
28750 5352 29847
25065 1673 7398
1673 7398 25065
7398 1673 25065
4562 15511 19991
15511 4562 19991
19991 4562 15511
23938 14700 26859
14700 23938 26859
26859 14700 23938
19213 13992 28194
13992 19213 28194
28194 13992 19213
4018 459 29671
459 4018 29671
29671 459 4018
18 9277 13041
9277 18 13041
13041 18 9277
17983 4079 5609
5609 4079 17983
4079 5609 17983
1123 2638 5935
2638 1123 5935
5935 1123 2638
386 22592 23730
22592 386 23730
23730 386 22592
21849 11568 12747
11568 12747 21849
12747 11568 21849
1346 10481 26524
10481 1346 26524
26524 1346 10481
16055 4687 27475
27475 4687 16055
4687 16055 27475
12600 1517 17469
1517 12600 17469
17469 1517 12600
20906 20680 21752
21752 20680 20906
20680 20906 21752
2301 3518 8201
3518 2301 8201
8201 2301 3518
8325 11854 22216
22216 8325 11854
11854 8325 22216
24091 24402 25709
25709 24091 24402
24402 24091 25709
6663 7338 26831
26831 6663 7338
7338 6663 26831
5281 9020 23452
9020 5281 23452
23452 5281 9020
12365 5576 6849
5576 6849 12365
6849 5576 12365
19698 22997 25448
25448 19698 22997
22997 19698 25448
22036 23688 27236
23688 22036 27236
27236 22036 23688
29030 19278 21468
19278 21468 29030
21468 19278 29030
2162 15716 29139
29139 2162 15716
15716 2162 29139
12458 8239 11395
11395 8239 12458
8239 11395 12458
27596 10277 17430
10277 17430 27596
17430 10277 27596
11829 9475 17911
17911 9475 11829
9475 11829 17911
5256 12924 28482
28482 5256 12924
12924 5256 28482
21829 20031 20574
20574 20031 21829
20031 20574 21829
23915 7001 14336
7001 14336 23915
14336 7001 23915
2787 8581 28367
8581 2787 28367
28367 2787 8581
12210 10844 11934
11934 10844 12210
10844 11934 12210
29496 19802 28732
19802 28732 29496
28732 19802 29496
8378 4482 18940
4482 8378 18940
18940 4482 8378
11711 19 730
19 730 11711
730 19 11711
25863 22757 25899
25899 22757 25863
22757 25863 25899
7124 1957 19943
19943 1957 7124
1957 7124 19943
2918 1512 4780
1512 2918 4780
4780 1512 2918
16417 1685 28109
1685 16417 28109
28109 1685 16417
1133 21098 21706
21706 1133 21098
21098 1133 21706
16779 3900 26833
3900 16779 26833
26833 3900 16779
28466 5209 22282
5209 22282 28466
22282 5209 28466
10387 9315 16644
9315 10387 16644
16644 9315 10387
8634 1767 26132
26132 1767 8634
1767 8634 26132
11353 20252 22560
20252 11353 22560
22560 11353 20252
6593 20191 23196
23196 6593 20191
20191 6593 23196
21335 8179 9925
9925 8179 21335
8179 9925 21335
10712 20451 29629
20451 10712 29629
29629 10712 20451
24848 9244 26093
26093 9244 24848
9244 24848 26093
11691 14366 15800
15800 11691 14366
14366 11691 15800
26032 7993 12420
12420 7993 26032
7993 12420 26032
16831 1263 12200
12200 1263 16831
1263 12200 16831
19833 5057 13639
5057 13639 19833
13639 5057 19833
26280 7588 17530
7588 17530 26280
17530 7588 26280
24875 14716 21778
14716 21778 24875
21778 14716 24875
10748 18521 23260
18521 10748 23260
23260 10748 18521
3797 1970 4083
4083 1970 3797
1970 3797 4083
168 14805 17514
14805 168 17514
17514 168 14805
3996 278 17695
278 3996 17695
17695 278 3996
21846 1748 25949
25949 1748 21846
1748 21846 25949
382 437 18898
18898 382 437
437 382 18898
22428 6419 23255
6419 22428 23255
23255 6419 22428
19844 6822 7701
6822 7701 19844
7701 6822 19844
2208 8876 18129
18129 2208 8876
8876 2208 18129
2540 6675 11662
6675 2540 11662
11662 2540 6675
19734 14974 20712
20712 14974 19734
14974 19734 20712
9041 794 29736
794 9041 29736
29736 794 9041
3568 12135 17975
12135 3568 17975
17975 3568 12135
7021 1836 19454
19454 1836 7021
1836 7021 19454
11387 5565 27705
5565 11387 27705
27705 5565 11387
25910 26591 28378
28378 25910 26591
26591 25910 28378
7163 5225 17210
17210 5225 7163
5225 7163 17210
17332 4176 7843
4176 7843 17332
7843 4176 17332
4556 1159 18432
1159 4556 18432
18432 1159 4556
28563 11559 20226
20226 11559 28563
11559 20226 28563
7977 19600 25126
25126 7977 19600
19600 7977 25126
25773 18645 23705
18645 23705 25773
23705 18645 25773
27594 2352 15555
15555 2352 27594
2352 15555 27594
16442 5764 8268
5764 8268 16442
8268 5764 16442
11619 21329 27953
27953 11619 21329
21329 11619 27953
29302 17583 24425
24425 17583 29302
17583 24425 29302
26574 15998 24514
24514 15998 26574
15998 24514 26574
17162 6577 19072
19072 6577 17162
6577 17162 19072
15253 11874 12963
12963 11874 15253
11874 12963 15253
556 8022 12503
8022 556 12503
12503 556 8022
23346 3778 26791
3778 23346 26791
26791 3778 23346
3004 10902 29288
29288 3004 10902
10902 3004 29288
16176 19469 26109
26109 16176 19469
19469 16176 26109
14127 3703 6751
6751 3703 14127
3703 6751 14127
16601 17668 28299
17668 16601 28299
28299 16601 17668
13227 17783 28565
17783 13227 28565
28565 13227 17783
27111 14034 17557
14034 17557 27111
17557 14034 27111
20889 2499 13994
2499 13994 20889
13994 2499 20889
16127 17968 19674
17968 16127 19674
19674 16127 17968
13047 3696 19894
3696 13047 19894
19894 3696 13047
24462 4898 18683
4898 18683 24462
18683 4898 24462
14391 23055 24757
23055 14391 24757
24757 14391 23055
26497 19930 19945
19945 19930 26497
19930 19945 26497
1857 5607 6678
6678 1857 5607
5607 1857 6678
24116 13179 16403
16403 13179 24116
13179 16403 24116
8044 16880 28715
28715 8044 16880
16880 8044 28715
25442 21141 24251
24251 21141 25442
21141 24251 25442
21443 13094 22574
13094 21443 22574
22574 13094 21443
13957 4831 24935
4831 13957 24935
24935 4831 13957
25704 3662 15475
3662 15475 25704
15475 3662 25704
25915 8782 22181
22181 8782 25915
8782 22181 25915
5311 5666 5967
5967 5311 5666
5666 5311 5967
6777 27483 29478
27483 6777 29478
29478 6777 27483
19683 7768 19725
7768 19683 19725
19725 7768 19683
5336 5867 16215
5867 5336 16215
16215 5336 5867
16810 4842 29401
4842 16810 29401
29401 4842 16810
23104 26245 27467
26245 23104 27467
27467 23104 26245
16514 2657 6347
2657 6347 16514
6347 2657 16514
14798 570 15198
570 14798 15198
15198 570 14798
18273 5021 8078
8078 5021 18273
5021 8078 18273
6139 4827 6031
4827 6031 6139
6031 4827 6139
19728 11236 23182
23182 11236 19728
11236 19728 23182
15518 2744 17129
2744 15518 17129
17129 2744 15518
8305 710 28233
28233 710 8305
710 8305 28233
27913 416 9678
9678 416 27913
416 9678 27913
4615 3031 10261
3031 4615 10261
10261 3031 4615
1749 11836 13716
13716 1749 11836
11836 1749 13716
5849 10673 23577
10673 5849 23577
23577 5849 10673
11463 3130 7183
7183 3130 11463
3130 7183 11463
9975 15778 24792
15778 9975 24792
24792 9975 15778
4215 8963 11532
11532 4215 8963
8963 4215 11532
19189 24533 24942
24533 19189 24942
24942 19189 24533
1118 9774 24520
9774 1118 24520
24520 1118 9774
12453 1324 26749
1324 12453 26749
26749 1324 12453
18882 3036 4649
3036 4649 18882
4649 3036 18882
9623 9486 27678
27678 9486 9623
9486 9623 27678
11213 3401 26928
3401 11213 26928
26928 3401 11213
3195 9439 9829
9829 3195 9439
9439 3195 9829
26372 4676 17688
17688 4676 26372
4676 17688 26372
438 17854 19736
19736 438 17854
17854 438 19736
17508 7867 14743
7867 14743 17508
14743 7867 17508
1887 11065 16470
11065 1887 16470
16470 1887 11065
20878 9024 28777
28777 9024 20878
9024 20878 28777
25889 21115 22285
21115 22285 25889
22285 21115 25889
23004 12017 15817
15817 12017 23004
12017 15817 23004
12247 6773 17674
6773 12247 17674
17674 6773 12247
17157 665 27901
27901 665 17157
665 17157 27901
29321 9206 23032
9206 23032 29321
23032 9206 29321
27461 7732 16471
7732 16471 27461
16471 7732 27461
26401 4069 6981
6981 4069 26401
4069 6981 26401
28486 8535 25973
8535 25973 28486
25973 8535 28486
16036 230 20660
230 16036 20660
20660 230 16036
17495 586 26072
26072 586 17495
586 17495 26072
15220 6702 23761
23761 6702 15220
6702 15220 23761
6450 14599 21462
14599 6450 21462
21462 6450 14599
5218 8793 21847
21847 5218 8793
8793 5218 21847
5201 2098 23628
23628 2098 5201
2098 5201 23628
27749 13317 16502
13317 16502 27749
16502 13317 27749
28540 1071 26856
1071 26856 28540
26856 1071 28540
28048 3484 26949
26949 3484 28048
3484 26949 28048
11343 18560 20057
18560 11343 20057
20057 11343 18560
4476 11853 25187
25187 4476 11853
11853 4476 25187
10943 17507 28280
28280 10943 17507
17507 10943 28280
8353 3026 9008
3026 8353 9008
9008 3026 8353
13999 7231 17526
7231 13999 17526
17526 7231 13999
2650 13504 19730
13504 2650 19730
19730 2650 13504
10973 5231 5701
5231 5701 10973
5701 5231 10973
24333 2345 6804
2345 6804 24333
6804 2345 24333
24011 13362 28078
13362 24011 28078
28078 13362 24011
22548 10725 16930
16930 10725 22548
10725 16930 22548
2154 2291 23976
23976 2154 2291
2291 2154 23976
12612 22155 23439
22155 12612 23439
23439 12612 22155
26453 10058 17630
17630 10058 26453
10058 17630 26453
25882 12267 29420
29420 12267 25882
12267 25882 29420
10399 25311 27485
27485 10399 25311
25311 10399 27485
12383 1625 16856
16856 1625 12383
1625 12383 16856
8533 1108 7430
1108 7430 8533
7430 1108 8533
563 14099 18441
14099 563 18441
18441 563 14099
18947 2863 22501
22501 2863 18947
2863 18947 22501
6527 3979 9980
9980 3979 6527
3979 6527 9980
7861 323 19800
323 7861 19800
19800 323 7861
13162 19220 29684
19220 13162 29684
29684 13162 19220
6435 8266 15947
15947 6435 8266
8266 6435 15947
13128 4310 14620
4310 13128 14620
14620 4310 13128
16507 13893 15457
13893 15457 16507
15457 13893 16507
29334 14094 24580
24580 14094 29334
14094 24580 29334
6617 311 20627
311 6617 20627
20627 311 6617
12713 5668 27391
5668 12713 27391
27391 5668 12713
25914 17277 17338
17338 17277 25914
17277 17338 25914
10212 12473 18165
18165 10212 12473
12473 10212 18165
11926 1659 10560
1659 10560 11926
10560 1659 11926
10720 1833 20944
1833 10720 20944
20944 1833 10720
8708 10625 18547
10625 8708 18547
18547 8708 10625
15391 4765 20153
4765 15391 20153
20153 4765 15391
27814 114 21146
21146 114 27814
114 21146 27814
27525 8013 27500
27500 8013 27525
8013 27500 27525
10103 4728 11586
4728 10103 11586
11586 4728 10103
10815 2705 3517
3517 2705 10815
2705 3517 10815
2445 9649 17940
9649 2445 17940
17940 2445 9649
10166 1372 19876
19876 1372 10166
1372 10166 19876
17762 8118 20516
20516 8118 17762
8118 17762 20516
16799 17981 23325
17981 16799 23325
23325 16799 17981
2447 12896 21879
21879 2447 12896
12896 2447 21879
8065 21976 26472
26472 8065 21976
21976 8065 26472
7951 11023 12139
12139 7951 11023
11023 7951 12139
18259 9954 21718
21718 9954 18259
9954 18259 21718
26279 7497 18169
7497 18169 26279
18169 7497 26279
18801 436 26105
26105 436 18801
436 18801 26105
18431 2142 12798
12798 2142 18431
2142 12798 18431
21350 24509 25478
25478 21350 24509
24509 21350 25478
9397 377 608
608 377 9397
377 608 9397
11011 8652 11197
8652 11011 11197
11197 8652 11011
23489 4852 27245
4852 23489 27245
27245 4852 23489
514 8817 22697
22697 514 8817
8817 514 22697
2629 8703 11484
8703 2629 11484
11484 2629 8703
27589 1793 5238
1793 5238 27589
5238 1793 27589
3394 2708 13270
13270 2708 3394
2708 3394 13270
18331 18862 28530
18862 18331 28530
28530 18331 18862
20257 23697 24418
23697 20257 24418
24418 20257 23697
25049 6316 19635
6316 19635 25049
19635 6316 25049
14014 2953 22000
22000 2953 14014
2953 14014 22000
3023 2992 13183
13183 2992 3023
2992 3023 13183
5730 6288 25485
25485 5730 6288
6288 5730 25485
20217 11686 24667
11686 20217 24667
24667 11686 20217
11100 8059 15863
15863 8059 11100
8059 11100 15863
7007 7671 7972
7972 7007 7671
7671 7007 7972
12390 6216 16066
16066 6216 12390
6216 12390 16066
10933 19166 19178
19178 10933 19166
19166 10933 19178
19992 12675 14550
12675 14550 19992
14550 12675 19992
18095 10857 27484
10857 18095 27484
27484 10857 18095
21853 18218 23033
23033 18218 21853
18218 21853 23033
23028 12310 24846
12310 23028 24846
24846 12310 23028
14037 15437 22089
15437 14037 22089
22089 14037 15437
4194 8682 11541
11541 4194 8682
8682 4194 11541
22730 4978 6902
4978 6902 22730
6902 4978 22730
2931 3337 5795
3337 2931 5795
5795 2931 3337
25228 9704 11719
11719 9704 25228
9704 11719 25228
20593 11523 21716
21716 11523 20593
11523 20593 21716
22779 7045 11057
7045 11057 22779
11057 7045 22779
21940 5653 8080
8080 5653 21940
5653 8080 21940
22855 3021 28286
3021 22855 28286
28286 3021 22855
29490 19374 28702
19374 28702 29490
28702 19374 29490
15560 29347 29677
29677 15560 29347
29347 15560 29677
16272 7445 18153
7445 16272 18153
18153 7445 16272
7301 10909 26024
10909 7301 26024
26024 7301 10909
13192 16469 27619
27619 13192 16469
16469 13192 27619
13064 7503 17622
7503 13064 17622
17622 7503 13064
25144 510 22114
510 22114 25144
22114 510 25144
329 5542 7611
5542 329 7611
7611 329 5542
22604 10823 21106
10823 21106 22604
21106 10823 22604
422 15521 21240
21240 422 15521
15521 422 21240
14047 16790 29634
16790 14047 29634
29634 14047 16790
23429 6800 27258
27258 6800 23429
6800 23429 27258
22908 1566 10989
10989 1566 22908
1566 10989 22908
29679 1809 17296
1809 17296 29679
17296 1809 29679
1063 1753 24258
1753 1063 24258
24258 1063 1753
16162 1282 14223
14223 1282 16162
1282 14223 16162
17644 10910 14475
14475 10910 17644
10910 14475 17644
27897 6492 28820
28820 6492 27897
6492 27897 28820
22609 5132 19300
19300 5132 22609
5132 19300 22609
11527 9153 23809
23809 9153 11527
9153 11527 23809
22441 9002 14718
14718 9002 22441
9002 14718 22441
2674 1751 5820
5820 1751 2674
1751 2674 5820
19042 994 10825
994 10825 19042
10825 994 19042
28795 9817 17022
17022 9817 28795
9817 17022 28795
16039 3933 9538
3933 9538 16039
9538 3933 16039
21680 7850 12776
12776 7850 21680
7850 12776 21680
5904 23627 23631
23631 5904 23627
23627 5904 23631
25865 21608 28994
28994 21608 25865
21608 25865 28994
16366 18201 28602
18201 16366 28602
28602 16366 18201
3055 3496 12789
12789 3055 3496
3496 3055 12789
26384 4163 13984
13984 4163 26384
4163 13984 26384
16411 10240 20179
10240 16411 20179
20179 10240 16411
16907 10201 16184
10201 16184 16907
16184 10201 16907
1210 4421 18294
4421 1210 18294
18294 1210 4421
15394 7155 12250
7155 12250 15394
12250 7155 15394
2423 11354 21463
11354 2423 21463
21463 2423 11354
4618 17432 18640
18640 4618 17432
17432 4618 18640
17516 14369 20640
20640 14369 17516
14369 17516 20640
14683 8083 10354
8083 10354 14683
10354 8083 14683
4713 14830 17963
17963 4713 14830
14830 4713 17963
28673 19809 29921
19809 28673 29921
29921 19809 28673
21003 13480 26705
13480 21003 26705
26705 13480 21003
23623 1005 24678
1005 23623 24678
24678 1005 23623
24807 15652 23696
23696 15652 24807
15652 23696 24807
19781 18334 26647
18334 19781 26647
26647 18334 19781
28730 9531 23256
9531 23256 28730
23256 9531 28730
10710 4475 24791
4475 10710 24791
24791 4475 10710
13275 23386 28748
23386 13275 28748
28748 13275 23386
21493 12302 27020
12302 21493 27020
27020 12302 21493
27580 1000 5092
1000 5092 27580
5092 1000 27580
14681 3205 4329
4329 3205 14681
3205 4329 14681
15456 383 3630
383 3630 15456
3630 383 15456
17721 4963 22682
4963 17721 22682
22682 4963 17721
10237 10507 28775
10507 10237 28775
28775 10237 10507
13394 20245 29517
20245 13394 29517
29517 13394 20245
22911 3928 20471
20471 3928 22911
3928 20471 22911
27662 2183 18321
18321 2183 27662
2183 18321 27662
13691 19526 26865
26865 13691 19526
19526 13691 26865
27802 7873 26811
7873 26811 27802
26811 7873 27802
2223 22981 28914
22981 2223 28914
28914 2223 22981
7093 10917 23419
23419 7093 10917
10917 7093 23419
3599 5794 8712
8712 3599 5794
5794 3599 8712
23312 2424 11359
11359 2424 23312
2424 11359 23312
16806 8741 16269
8741 16269 16806
16269 8741 16806
4580 14831 19298
14831 4580 19298
19298 4580 14831
9296 14229 28362
28362 9296 14229
14229 9296 28362
1547 8007 22723
22723 1547 8007
8007 1547 22723
22092 15595 19389
19389 15595 22092
15595 19389 22092
23849 3294 22775
22775 3294 23849
3294 22775 23849
19364 21860 26436
26436 19364 21860
21860 19364 26436
18853 7138 13569
7138 13569 18853
13569 7138 18853
20679 3199 11661
3199 11661 20679
11661 3199 20679
13981 7482 15642
15642 7482 13981
7482 13981 15642
23895 10827 20539
10827 20539 23895
20539 10827 23895
22891 8717 28121
28121 8717 22891
8717 22891 28121
7175 1568 11295
1568 7175 11295
11295 1568 7175
1561 3287 23824
23824 1561 3287
3287 1561 23824
23918 11774 18590
18590 11774 23918
11774 18590 23918
14621 5924 7801
7801 5924 14621
5924 7801 14621
29865 4599 17611
17611 4599 29865
4599 17611 29865
5586 12060 25778
12060 5586 25778
25778 5586 12060
6331 16991 29899
29899 6331 16991
16991 6331 29899
11847 6010 16042
16042 6010 11847
6010 11847 16042
21915 26924 27328
26924 21915 27328
27328 21915 26924
23071 13088 18491
13088 18491 23071
18491 13088 23071
20561 10593 28824
28824 10593 20561
10593 20561 28824
15738 12500 28783
12500 15738 28783
28783 12500 15738
11756 24429 25832
24429 11756 25832
25832 11756 24429
620 904 27091
27091 620 904
904 620 27091
12211 12711 27776
12711 12211 27776
27776 12211 12711
12593 474 2255
2255 474 12593
474 2255 12593
10897 15910 20306
15910 10897 20306
20306 10897 15910
19015 19019 29419
29419 19015 19019
19019 19015 29419
12150 1764 24863
24863 1764 12150
1764 12150 24863
25351 5354 8072
8072 5354 25351
5354 8072 25351
16598 16143 26434
16143 16598 26434
26434 16143 16598
19424 16717 22462
22462 16717 19424
16717 19424 22462
28390 15826 17061
15826 17061 28390
17061 15826 28390
15368 4161 13381
13381 4161 15368
4161 13381 15368
1113 20673 29299
29299 1113 20673
20673 1113 29299
10424 10698 14416
10698 10424 14416
14416 10424 10698
16754 867 28453
28453 867 16754
867 16754 28453
7930 1248 28490
1248 7930 28490
28490 1248 7930
2005 6633 21018
6633 2005 21018
21018 2005 6633
24536 9636 12682
12682 9636 24536
9636 12682 24536
2819 10437 26491
10437 2819 26491
26491 2819 10437
865 7293 27396
27396 865 7293
7293 865 27396
27075 20587 20720
20587 20720 27075
20720 20587 27075
18420 14777 20030
20030 14777 18420
14777 18420 20030
1821 16199 23953
23953 1821 16199
16199 1821 23953
27771 1412 21781
21781 1412 27771
1412 21781 27771
8765 3643 21793
21793 3643 8765
3643 8765 21793
3398 15744 18767
18767 3398 15744
15744 3398 18767
20505 3029 3881
3881 3029 20505
3029 3881 20505
18719 4101 5989
5989 4101 18719
4101 5989 18719
21270 8299 29269
8299 21270 29269
29269 8299 21270
13935 3335 16257
3335 13935 16257
16257 3335 13935
22330 25851 28782
28782 22330 25851
25851 22330 28782
2884 10092 16521
10092 2884 16521
16521 2884 10092
7432 9473 20966
9473 7432 20966
20966 7432 9473
14582 12786 13263
13263 12786 14582
12786 13263 14582
439 2490 14059
14059 439 2490
2490 439 14059
23653 12539 22423
22423 12539 23653
12539 22423 23653
19985 17549 19169
19169 17549 19985
17549 19169 19985
1040 5541 8523
8523 1040 5541
5541 1040 8523
9505 20418 22424
22424 9505 20418
20418 9505 22424
17546 24717 29924
29924 17546 24717
24717 17546 29924
9928 6264 25840
6264 9928 25840
25840 6264 9928
18226 14425 18822
18822 14425 18226
14425 18226 18822
3328 8168 22458
22458 3328 8168
8168 3328 22458
10838 14131 28458
28458 10838 14131
14131 10838 28458
10803 7250 28064
28064 7250 10803
7250 10803 28064
2882 1162 2020
2020 1162 2882
1162 2020 2882
14860 16623 20883
16623 14860 20883
20883 14860 16623
15759 9853 22813
9853 15759 22813
22813 9853 15759
933 22203 25348
22203 933 25348
25348 933 22203
4218 21616 26945
26945 4218 21616
21616 4218 26945
20038 12822 24281
24281 12822 20038
12822 20038 24281
10757 21134 25383
21134 10757 25383
25383 10757 21134
2408 4206 12591
4206 2408 12591
12591 2408 4206
28189 4368 19622
19622 4368 28189
4368 19622 28189
26597 14495 21389
14495 21389 26597
21389 14495 26597
2995 6413 15432
6413 2995 15432
15432 2995 6413
4515 12183 28183
12183 4515 28183
28183 4515 12183
18128 16001 25112
25112 16001 18128
16001 18128 25112
10455 8796 16457
8796 10455 16457
16457 8796 10455
22902 5425 8737
5425 8737 22902
8737 5425 22902
25372 5435 10819
10819 5435 25372
5435 10819 25372
16160 12412 23251
23251 12412 16160
12412 16160 23251
25167 18472 21432
18472 21432 25167
21432 18472 25167
6868 4588 16466
4588 6868 16466
16466 4588 6868
2542 10540 22722
10540 2542 22722
22722 2542 10540
25032 2529 24500
2529 24500 25032
24500 2529 25032
11692 5013 24236
24236 5013 11692
5013 11692 24236
7319 2410 26479
2410 7319 26479
26479 2410 7319
9845 18652 20844
20844 9845 18652
18652 9845 20844
14945 7953 22250
7953 14945 22250
22250 7953 14945
16691 19926 25935
25935 16691 19926
19926 16691 25935
