54 45 299
299 45 54
45 54 299
63 65 213
213 63 65
65 63 213
182 103 209
103 182 209
209 103 182
188 118 261
118 188 261
261 118 188
234 136 248
248 136 234
136 234 248
20 178 198
178 20 198
198 20 178
21 204 241
241 21 204
204 21 241
34 97 279
279 34 97
97 34 279
78 50 91
50 78 91
91 50 78
294 124 148
124 148 294
148 124 294
134 138 185
138 134 185
185 134 138
300 5 297
5 297 300
297 5 300
23 93 177
93 23 177
177 23 93
10 13 260
13 10 260
260 10 13
208 201 295
295 201 208
201 208 295
131 47 253
253 47 131
47 131 253
26 89 92
89 26 92
92 26 89
153 228 283
283 153 228
228 153 283
149 242 256
242 149 256
256 149 242
46 83 162
162 46 83
83 46 162
216 210 236
236 210 216
210 216 236
272 183 274
183 272 274
274 183 272
249 60 240
240 60 249
60 240 249
170 164 207
164 170 207
207 164 170
277 159 293
159 277 293
293 159 277
203 9 16
16 9 203
9 16 203
52 98 200
98 52 200
200 52 98
218 80 123
80 123 218
123 80 218
130 29 73
73 29 130
29 73 130
88 57 233
233 57 88
57 88 233
172 150 271
271 150 172
150 172 271
48 266 276
266 48 276
276 48 266
296 53 129
129 53 296
53 129 296
66 85 145
145 66 85
85 66 145
121 168 227
168 121 227
227 121 168
174 217 292
292 174 217
217 174 292
25 110 141
110 25 141
141 25 110
76 81 250
250 76 81
81 76 250
122 109 192
109 122 192
192 109 122
251 104 119
119 104 251
104 119 251
244 43 230
43 230 244
230 43 244
139 194 285
285 139 194
194 139 285
59 38 268
268 38 59
38 59 268
243 58 267
267 58 243
58 243 267
265 156 197
197 156 265
156 197 265
239 160 284
284 160 239
160 239 284
74 40 270
270 40 74
40 74 270
215 114 238
238 114 215
114 215 238
41 14 135
135 14 41
14 41 135
87 100 133
133 87 100
100 87 133
115 163 262
163 115 262
262 115 163
64 79 232
79 64 232
232 64 79
199 28 247
28 199 247
247 28 199
1 106 189
189 1 106
106 1 189
221 95 287
95 221 287
287 95 221
157 4 49
49 4 157
4 49 157
223 166 263
166 223 263
263 166 223
56 275 288
288 56 275
275 56 288
72 71 220
220 71 72
71 72 220
99 15 258
15 99 258
258 15 99
67 101 226
226 67 101
101 67 226
146 32 102
32 102 146
102 32 146
62 181 278
181 62 278
278 62 181
212 77 126
126 77 212
77 126 212
127 69 155
155 69 127
69 127 155
280 158 196
196 158 280
158 196 280
229 137 219
137 219 229
219 137 229
206 113 273
273 113 206
113 206 273
36 222 235
222 36 235
235 36 222
17 193 269
269 17 193
193 17 269
254 140 167
140 167 254
167 140 254
237 44 111
111 44 237
44 111 237
190 245 290
245 190 290
290 190 245
179 2 37
2 37 179
37 2 179
120 27 246
27 120 246
246 27 120
165 112 169
112 165 169
169 112 165
184 108 152
108 152 184
152 108 184
171 31 75
31 75 171
75 31 171
154 7 173
7 154 173
173 7 154
86 147 175
147 86 175
175 86 147
61 186 191
186 61 191
191 61 186
116 84 117
117 84 116
84 116 117
211 35 143
143 35 211
35 143 211
264 11 281
281 11 264
11 264 281
298 195 224
224 195 298
195 224 298
252 30 94
94 30 252
30 94 252
55 68 187
187 55 68
68 55 187
3 70 291
70 3 291
291 3 70
176 51 286
286 51 176
51 176 286
132 33 282
282 33 132
33 132 282
105 39 90
90 39 105
39 90 105
214 12 128
128 12 214
12 128 214
22 202 255
255 22 202
202 22 255
257 19 24
24 19 257
19 24 257
289 42 144
144 42 289
42 144 289
107 8 18
8 18 107
18 8 107
231 6 259
6 231 259
259 6 231
125 96 205
96 125 205
205 96 125
180 151 225
225 151 180
151 180 225
161 82 142
142 82 161
82 142 161
