26 141 291
291 26 141
141 26 291
139 28 215
215 28 139
28 139 215
255 167 217
167 217 255
217 167 255
8 72 151
151 8 72
72 8 151
70 32 283
283 32 70
32 70 283
25 16 31
31 16 25
16 25 31
284 113 147
147 113 284
113 147 284
208 58 158
158 58 208
58 158 208
97 73 143
73 97 143
143 73 97
227 99 190
190 99 227
99 190 227
9 17 264
17 9 264
264 9 17
117 131 266
266 117 131
131 117 266
19 241 253
253 19 241
241 19 253
10 20 222
20 10 222
222 10 20
155 189 273
273 155 189
189 155 273
209 250 256
250 209 256
256 209 250
219 12 140
12 140 219
140 12 219
161 4 288
4 161 288
288 4 161
52 6 106
6 52 106
106 6 52
178 191 290
191 178 290
290 178 191
50 104 236
236 50 104
104 50 236
148 76 137
137 76 148
76 137 148
168 258 285
285 168 258
258 168 285
67 134 146
146 67 134
134 67 146
88 63 128
128 63 88
63 88 128
159 246 297
297 159 246
246 159 297
244 86 199
86 199 244
199 86 244
150 37 127
127 37 150
37 127 150
240 85 184
184 85 240
85 184 240
296 164 300
164 296 300
300 164 296
49 162 210
162 49 210
210 49 162
175 36 80
36 80 175
80 36 175
42 129 233
233 42 129
129 42 233
69 102 257
257 69 102
102 69 257
119 248 261
261 119 248
248 119 261
295 11 43
11 43 295
43 11 295
231 206 218
206 218 231
218 206 231
33 166 196
166 33 196
196 33 166
293 18 247
247 18 293
18 247 293
55 13 27
27 13 55
13 27 55
251 91 282
91 251 282
282 91 251
271 35 154
35 154 271
154 35 271
287 77 89
89 77 287
77 89 287
171 90 163
90 163 171
163 90 171
74 46 95
46 74 95
95 46 74
274 48 229
48 229 274
229 48 274
96 103 187
187 96 103
103 96 187
149 238 299
238 149 299
299 149 238
61 3 30
3 30 61
30 3 61
195 2 145
145 2 195
2 145 195
201 136 232
136 201 232
232 136 201
239 107 249
249 107 239
107 239 249
294 60 153
60 153 294
153 60 294
156 24 265
265 24 156
24 156 265
169 108 194
194 108 169
108 169 194
234 39 135
135 39 234
39 135 234
71 40 245
40 71 245
245 40 71
278 207 276
207 276 278
276 207 278
205 65 200
65 200 205
200 65 205
157 110 263
110 157 263
263 110 157
176 98 188
98 176 188
188 98 176
132 34 118
118 34 132
34 118 132
280 56 78
78 56 280
56 78 280
112 62 82
62 82 112
82 62 112
202 101 277
277 101 202
101 202 277
14 64 121
121 14 64
64 14 121
286 230 298
298 230 286
230 286 298
221 87 165
165 87 221
87 165 221
23 83 204
83 23 204
204 23 83
211 268 292
268 211 292
292 211 268
123 7 224
224 7 123
7 123 224
254 68 180
68 180 254
180 68 254
216 160 235
235 160 216
160 216 235
275 21 289
21 275 289
289 21 275
126 47 269
47 126 269
269 47 126
226 242 259
242 226 259
259 226 242
29 15 225
225 15 29
15 29 225
41 54 260
260 41 54
54 41 260
44 214 252
252 44 214
214 44 252
130 66 186
66 130 186
186 66 130
125 75 115
115 75 125
75 115 125
181 81 183
183 81 181
81 181 183
92 138 185
138 92 185
185 92 138
124 94 174
174 94 124
94 124 174
272 84 105
84 105 272
105 84 272
179 142 270
142 179 270
270 142 179
262 192 279
279 192 262
192 262 279
120 114 182
182 114 120
114 120 182
122 45 203
203 45 122
45 122 203
93 172 213
172 93 213
213 93 172
51 5 38
5 38 51
38 5 51
144 59 198
59 144 198
198 59 144
237 173 220
173 220 237
220 173 237
228 79 281
79 228 281
281 79 228
267 22 243
243 22 267
22 243 267
53 1 197
1 53 197
197 1 53
170 111 193
193 111 170
111 170 193
212 152 177
152 177 212
177 152 212
109 116 223
223 109 116
116 109 223
57 100 133
133 57 100
100 57 133
