2373 10176 16726
10176 2373 16726
16726 2373 10176
23138 10440 20936
20936 10440 23138
10440 20936 23138
1004 1745 7128
7128 1004 1745
1745 1004 7128
15545 5911 24761
5911 15545 24761
24761 5911 15545
25078 6020 15528
15528 6020 25078
6020 15528 25078
9584 13153 29185
13153 9584 29185
29185 9584 13153
5376 8534 19418
8534 5376 19418
19418 5376 8534
17864 10253 25559
10253 17864 25559
25559 10253 17864
22511 11705 29736
29736 11705 22511
11705 22511 29736
23734 5138 21522
5138 21522 23734
21522 5138 23734
29171 16471 25224
25224 16471 29171
16471 25224 29171
4027 18641 21575
18641 4027 21575
21575 4027 18641
16036 5769 27716
5769 16036 27716
27716 5769 16036
13101 17482 24443
24443 13101 17482
17482 13101 24443
23880 430 25718
25718 430 23880
430 23880 25718
20486 6068 20321
6068 20321 20486
20321 6068 20486
25336 10754 25095
25095 10754 25336
10754 25095 25336
16953 20811 21152
21152 16953 20811
20811 16953 21152
16258 2770 10452
2770 10452 16258
10452 2770 16258
23626 5688 19342
19342 5688 23626
5688 19342 23626
2527 18586 18899
18899 2527 18586
18586 2527 18899
3986 1893 20080
20080 1893 3986
1893 3986 20080
27553 10103 16266
10103 16266 27553
16266 10103 27553
25846 8328 14509
14509 8328 25846
8328 14509 25846
3941 325 16367
325 3941 16367
16367 325 3941
603 14621 22361
14621 603 22361
22361 603 14621
11094 5205 16553
16553 5205 11094
5205 11094 16553
29220 14348 27215
14348 27215 29220
27215 14348 29220
2549 8649 29160
8649 2549 29160
29160 2549 8649
21819 17400 20564
17400 20564 21819
20564 17400 21819
19095 3592 28101
3592 19095 28101
28101 3592 19095
29269 11131 16917
16917 11131 29269
11131 16917 29269
10824 9758 27154
27154 9758 10824
9758 10824 27154
11044 2092 28256
28256 2092 11044
2092 11044 28256
14605 22566 26558
22566 14605 26558
26558 14605 22566
27916 12379 15415
12379 15415 27916
15415 12379 27916
29042 4520 25479
4520 25479 29042
25479 4520 29042
22825 1885 6981
6981 1885 22825
1885 6981 22825
22213 5310 22167
5310 22167 22213
22167 5310 22213
23455 6434 9488
9488 6434 23455
6434 9488 23455
25837 18278 22885
22885 18278 25837
18278 22885 25837
17486 9240 28258
28258 9240 17486
9240 17486 28258
26419 20764 22589
20764 22589 26419
22589 20764 26419
16406 3174 25029
25029 3174 16406
3174 16406 25029
23614 13206 21662
13206 21662 23614
21662 13206 23614
23022 22096 28671
22096 23022 28671
28671 22096 23022
24352 19888 22260
19888 22260 24352
22260 19888 24352
15120 21093 27380
27380 15120 21093
21093 15120 27380
3664 1093 24458
1093 3664 24458
24458 1093 3664
24758 22339 22799
22339 22799 24758
22799 22339 24758
6106 15899 16716
15899 6106 16716
16716 6106 15899
17348 4044 13957
4044 13957 17348
13957 4044 17348
10584 11149 29527
11149 10584 29527
29527 10584 11149
26998 14264 25546
25546 14264 26998
14264 25546 26998
11917 16035 17565
16035 11917 17565
17565 11917 16035
5784 5015 15294
5015 5784 15294
15294 5015 5784
17546 18583 26256
26256 17546 18583
18583 17546 26256
19991 10177 29878
29878 10177 19991
10177 19991 29878
26137 982 3335
982 3335 26137
3335 982 26137
10812 7343 10589
10589 7343 10812
7343 10589 10812
27020 3724 4286
3724 4286 27020
4286 3724 27020
9 6976 26063
6976 9 26063
26063 9 6976
28643 11535 15826
15826 11535 28643
11535 15826 28643
29221 1591 24659
1591 24659 29221
24659 1591 29221
17096 7903 27291
7903 17096 27291
27291 7903 17096
9969 22630 27004
22630 9969 27004
27004 9969 22630
21749 809 19230
809 19230 21749
19230 809 21749
8046 5814 19789
19789 5814 8046
5814 8046 19789
18218 16298 16625
16625 16298 18218
16298 16625 18218
23330 11384 17819
17819 11384 23330
11384 17819 23330
10665 26563 27375
27375 10665 26563
26563 10665 27375
29751 15413 21202
15413 21202 29751
21202 15413 29751
24556 2886 4077
2886 4077 24556
4077 2886 24556
5550 22387 23144
22387 5550 23144
23144 5550 22387
23274 19442 25445
25445 19442 23274
19442 23274 25445
3459 728 20426
20426 728 3459
728 3459 20426
14859 18826 29890
29890 14859 18826
18826 14859 29890
18054 2348 21520
21520 2348 18054
2348 18054 21520
10843 6254 11703
11703 6254 10843
6254 10843 11703
4417 12322 15046
12322 4417 15046
15046 4417 12322
15722 12376 13513
12376 13513 15722
13513 12376 15722
238 4451 18611
18611 238 4451
4451 238 18611
5181 16612 25084
25084 5181 16612
16612 5181 25084
22014 24782 25149
24782 22014 25149
25149 22014 24782
19573 6355 23056
23056 6355 19573
6355 19573 23056
3802 2222 23694
23694 2222 3802
2222 3802 23694
16903 5478 15488
15488 5478 16903
5478 15488 16903
6200 10237 29426
29426 6200 10237
10237 6200 29426
21265 13443 27430
13443 21265 27430
27430 13443 21265
17066 20328 24759
20328 17066 24759
24759 17066 20328
3324 6331 15183
6331 3324 15183
15183 3324 6331
8782 14492 18392
18392 8782 14492
14492 8782 18392
26883 11580 27037
11580 26883 27037
27037 11580 26883
11276 1313 27710
27710 1313 11276
1313 11276 27710
20439 20024 27403
20024 20439 27403
27403 20024 20439
13098 2927 18940
18940 2927 13098
2927 13098 18940
24377 20274 29084
29084 20274 24377
20274 24377 29084
5299 8489 20318
8489 5299 20318
20318 5299 8489
17264 17284 20313
20313 17264 17284
17284 17264 20313
28950 720 7980
720 7980 28950
7980 720 28950
8196 9084 18517
9084 8196 18517
18517 8196 9084
11370 23160 29951
23160 11370 29951
29951 11370 23160
13209 10621 15417
15417 10621 13209
10621 13209 15417
11043 1931 16533
1931 11043 16533
16533 1931 11043
6153 8586 16247
8586 6153 16247
16247 6153 8586
13239 5813 26987
26987 5813 13239
5813 13239 26987
11380 6733 13745
13745 6733 11380
6733 11380 13745
22886 6164 24018
24018 6164 22886
6164 22886 24018
16080 24882 29486
24882 16080 29486
29486 16080 24882
10167 10014 23235
10014 10167 23235
23235 10014 10167
9623 18679 22660
22660 9623 18679
18679 9623 22660
24455 17266 28033
17266 24455 28033
28033 17266 24455
15380 260 1135
260 1135 15380
1135 260 15380
14126 21298 23377
23377 14126 21298
21298 14126 23377
11875 19837 25212
19837 11875 25212
25212 11875 19837
745 1461 9049
9049 745 1461
1461 745 9049
18996 12969 23835
12969 18996 23835
23835 12969 18996
154 9085 10024
10024 154 9085
9085 154 10024
21531 12696 27025
27025 12696 21531
12696 21531 27025
17652 6466 17391
6466 17391 17652
17391 6466 17652
7420 1649 9117
1649 7420 9117
9117 1649 7420
355 5306 23917
23917 355 5306
5306 355 23917
6325 7888 23468
7888 6325 23468
23468 6325 7888
24464 17721 23950
17721 23950 24464
23950 17721 24464
24008 16893 29058
29058 16893 24008
16893 24008 29058
2036 4935 29230
29230 2036 4935
4935 2036 29230
6704 10931 24656
24656 6704 10931
10931 6704 24656
19490 1187 10602
10602 1187 19490
1187 10602 19490
17125 9279 16164
9279 16164 17125
16164 9279 17125
26 8288 12720
8288 26 12720
12720 26 8288
5336 18377 23400
18377 5336 23400
23400 5336 18377
9015 3305 8578
8578 3305 9015
3305 8578 9015
28141 11171 18301
18301 11171 28141
11171 18301 28141
27902 2990 7386
7386 2990 27902
2990 7386 27902
12837 5005 17326
17326 5005 12837
5005 12837 17326
6076 8490 22259
22259 6076 8490
8490 6076 22259
4242 26985 27741
27741 4242 26985
26985 4242 27741
22396 2610 15631
2610 15631 22396
15631 2610 22396
2190 4187 29347
29347 2190 4187
4187 2190 29347
26156 16638 22299
16638 22299 26156
22299 16638 26156
22276 3205 26309
26309 3205 22276
3205 22276 26309
21216 14895 25858
25858 14895 21216
14895 21216 25858
19148 6884 9406
6884 9406 19148
9406 6884 19148
28553 7993 10791
7993 10791 28553
10791 7993 28553
29357 11725 12908
11725 12908 29357
12908 11725 29357
15569 13102 15767
13102 15569 15767
15767 13102 15569
13366 4232 7080
7080 4232 13366
4232 7080 13366
22223 756 2275
756 2275 22223
2275 756 22223
20088 13695 14999
14999 13695 20088
13695 14999 20088
20186 8149 21473
8149 20186 21473
21473 8149 20186
22694 6065 11837
6065 11837 22694
11837 6065 22694
8659 21191 21320
21191 8659 21320
21320 8659 21191
1494 14706 23794
14706 1494 23794
23794 1494 14706
24482 3224 29424
3224 24482 29424
29424 3224 24482
7139 2542 6505
2542 6505 7139
6505 2542 7139
8551 1950 27489
1950 8551 27489
27489 1950 8551
15602 12670 29606
12670 15602 29606
29606 12670 15602
23669 2720 4238
4238 2720 23669
2720 4238 23669
27379 17287 27459
17287 27379 27459
27459 17287 27379
29074 16993 26979
16993 26979 29074
26979 16993 29074
3783 12329 23957
23957 3783 12329
12329 3783 23957
13689 19968 21392
21392 13689 19968
19968 13689 21392
5140 26145 28991
28991 5140 26145
26145 5140 28991
8483 8696 19841
19841 8483 8696
8696 8483 19841
18658 9341 25818
9341 18658 25818
25818 9341 18658
20524 18839 25127
25127 18839 20524
18839 20524 25127
13272 13333 16975
13333 13272 16975
16975 13272 13333
10729 24 28367
24 10729 28367
28367 24 10729
25500 2971 28799
28799 2971 25500
2971 25500 28799
18695 2000 6971
6971 2000 18695
2000 6971 18695
23017 18040 21867
21867 18040 23017
18040 21867 23017
14087 224 14007
224 14007 14087
14007 224 14087
23559 4552 29194
4552 23559 29194
29194 4552 23559
10758 6381 27514
6381 10758 27514
27514 6381 10758
29141 10672 15156
10672 15156 29141
15156 10672 29141
6429 2017 12791
12791 2017 6429
2017 6429 12791
25565 21007 22212
22212 21007 25565
21007 22212 25565
20951 6314 26185
6314 20951 26185
26185 6314 20951
17090 12156 24724
24724 12156 17090
12156 17090 24724
24899 2403 23983
23983 2403 24899
2403 23983 24899
1761 11296 12404
12404 1761 11296
11296 1761 12404
27812 3131 3939
3131 3939 27812
3939 3131 27812
24110 4099 9866
9866 4099 24110
4099 9866 24110
4965 16027 20436
16027 4965 20436
20436 4965 16027
28282 4303 16932
16932 4303 28282
4303 16932 28282
7600 13976 24013
13976 7600 24013
24013 7600 13976
28756 11933 13479
11933 13479 28756
13479 11933 28756
19973 16337 27868
27868 16337 19973
16337 19973 27868
18701 13043 23128
23128 13043 18701
13043 18701 23128
1269 1139 28684
1139 1269 28684
28684 1139 1269
12160 15407 21745
15407 12160 21745
21745 12160 15407
17305 25181 26912
26912 17305 25181
25181 17305 26912
2557 15879 20440
20440 2557 15879
15879 2557 20440
6121 15870 23123
23123 6121 15870
15870 6121 23123
18103 6128 8704
6128 8704 18103
8704 6128 18103
28418 21079 27983
27983 21079 28418
21079 27983 28418
7448 4358 16245
16245 4358 7448
4358 7448 16245
20498 10080 21098
21098 10080 20498
10080 20498 21098
22753 4483 13839
13839 4483 22753
4483 13839 22753
4863 11787 26015
26015 4863 11787
11787 4863 26015
7589 15566 28586
15566 7589 28586
28586 7589 15566
3353 4284 26842
26842 3353 4284
4284 3353 26842
12890 12268 22342
22342 12268 12890
12268 12890 22342
5646 4937 11973
11973 4937 5646
4937 5646 11973
4111 1155 10108
1155 4111 10108
10108 1155 4111
28720 3258 11956
3258 11956 28720
11956 3258 28720
27156 8273 17186
17186 8273 27156
8273 17186 27156
16617 2342 22006
2342 16617 22006
22006 2342 16617
7296 13064 16404
13064 7296 16404
16404 7296 13064
1124 6902 7161
6902 1124 7161
7161 1124 6902
3092 6140 11203
11203 3092 6140
6140 3092 11203
21711 6970 23550
23550 6970 21711
6970 21711 23550
24996 16876 16997
16997 16876 24996
16876 16997 24996
21545 4071 16186
4071 16186 21545
16186 4071 21545
16192 12513 28126
12513 16192 28126
28126 12513 16192
20272 3435 13642
13642 3435 20272
3435 13642 20272
3358 14205 24296
24296 3358 14205
14205 3358 24296
5272 18523 27841
27841 5272 18523
18523 5272 27841
10977 10525 18361
18361 10525 10977
10525 10977 18361
8265 5480 22538
22538 5480 8265
5480 8265 22538
22940 23367 25293
23367 22940 25293
25293 22940 23367
9107 14688 27500
14688 9107 27500
27500 9107 14688
8189 13519 20844
13519 8189 20844
20844 8189 13519
6555 1538 9753
1538 6555 9753
9753 1538 6555
7805 3603 7116
3603 7116 7805
7116 3603 7805
6308 5457 24842
5457 6308 24842
24842 5457 6308
27507 8251 10338
8251 10338 27507
10338 8251 27507
1605 8621 25391
25391 1605 8621
8621 1605 25391
23891 5183 24317
24317 5183 23891
5183 23891 24317
23630 4383 20735
20735 4383 23630
4383 20735 23630
568 11339 25348
11339 568 25348
25348 568 11339
21325 17219 22372
17219 21325 22372
22372 17219 21325
14661 7934 19238
7934 14661 19238
19238 7934 14661
24705 17505 22430
17505 22430 24705
22430 17505 24705
21601 7904 15632
7904 15632 21601
15632 7904 21601
28333 4902 24401
24401 4902 28333
4902 24401 28333
28676 545 21221
21221 545 28676
545 21221 28676
6252 1473 15808
15808 1473 6252
1473 6252 15808
7959 20140 25329
20140 7959 25329
25329 7959 20140
25271 8324 16183
8324 16183 25271
16183 8324 25271
13480 11862 25416
25416 11862 13480
11862 13480 25416
26262 11754 11957
11754 11957 26262
11957 11754 26262
12643 9751 10211
10211 9751 12643
9751 10211 12643
2659 27302 27499
27302 2659 27499
27499 2659 27302
7107 12351 27685
27685 7107 12351
12351 7107 27685
18885 27793 29837
27793 18885 29837
29837 18885 27793
29531 5566 8884
5566 8884 29531
8884 5566 29531
18104 13937 23430
13937 18104 23430
23430 13937 18104
29053 7724 16044
7724 16044 29053
16044 7724 29053
15930 3414 5036
5036 3414 15930
3414 5036 15930
15559 10894 14557
10894 14557 15559
14557 10894 15559
3841 5680 7112
7112 3841 5680
5680 3841 7112
24415 13179 16770
16770 13179 24415
13179 16770 24415
29124 19227 23650
23650 19227 29124
19227 23650 29124
25706 751 19810
751 19810 25706
19810 751 25706
296 22762 29690
22762 296 29690
29690 296 22762
27816 16012 26093
26093 16012 27816
16012 26093 27816
1034 1384 26562
1384 1034 26562
26562 1034 1384
29738 19365 25280
19365 25280 29738
25280 19365 29738
29272 15649 23464
23464 15649 29272
15649 23464 29272
25909 9763 24644
9763 24644 25909
24644 9763 25909
3852 22406 23453
23453 3852 22406
22406 3852 23453
11880 3145 7877
3145 7877 11880
7877 3145 11880
19726 14518 18568
18568 14518 19726
14518 18568 19726
23027 8326 25228
8326 23027 25228
25228 8326 23027
26759 9104 24886
24886 9104 26759
9104 24886 26759
20210 5407 28824
5407 20210 28824
28824 5407 20210
29253 12453 17252
17252 12453 29253
12453 17252 29253
12604 9761 16623
16623 9761 12604
9761 12604 16623
22445 13325 26048
13325 22445 26048
26048 13325 22445
12275 15878 15986
15986 12275 15878
15878 12275 15986
29904 4881 27568
4881 27568 29904
27568 4881 29904
19018 14489 19170
19170 14489 19018
14489 19018 19170
170 12831 23597
23597 170 12831
12831 170 23597
823 12038 19959
12038 823 19959
19959 823 12038
15690 12282 23141
23141 12282 15690
12282 15690 23141
24668 14045 23697
14045 23697 24668
23697 14045 24668
26769 9526 23237
9526 23237 26769
23237 9526 26769
17996 24076 25978
24076 17996 25978
25978 17996 24076
7217 24229 24425
24229 7217 24425
24425 7217 24229
23732 54 7736
54 7736 23732
7736 54 23732
5561 14623 22228
14623 5561 22228
22228 5561 14623
25738 6811 29840
6811 25738 29840
29840 6811 25738
17485 10885 14799
10885 14799 17485
14799 10885 17485
13857 3129 7910
7910 3129 13857
3129 7910 13857
10073 20450 23865
23865 10073 20450
20450 10073 23865
6151 5329 27192
27192 5329 6151
5329 6151 27192
12226 313 8418
313 8418 12226
8418 313 12226
13045 1579 19915
19915 1579 13045
1579 13045 19915
622 4712 12774
12774 622 4712
4712 622 12774
21574 5605 15633
5605 15633 21574
15633 5605 21574
22784 15098 24514
24514 15098 22784
15098 22784 24514
12337 342 9874
342 9874 12337
9874 342 12337
6819 12169 13971
12169 6819 13971
13971 6819 12169
11591 8702 18948
18948 8702 11591
8702 11591 18948
4279 557 22876
557 4279 22876
22876 557 4279
4835 12481 16810
12481 4835 16810
16810 4835 12481
2742 10486 21236
21236 2742 10486
10486 2742 21236
21447 2526 4363
4363 2526 21447
2526 4363 21447
20231 20192 24252
20192 20231 24252
24252 20192 20231
20857 5876 17901
17901 5876 20857
5876 17901 20857
87 7177 27619
7177 87 27619
27619 87 7177
10068 4577 7372
4577 7372 10068
7372 4577 10068
20912 17895 24338
24338 17895 20912
17895 20912 24338
28348 2397 8036
8036 2397 28348
2397 8036 28348
15558 9736 20796
9736 15558 20796
20796 9736 15558
6232 6137 24664
24664 6137 6232
6137 6232 24664
3800 19723 21101
21101 3800 19723
19723 3800 21101
18253 3127 25576
3127 18253 25576
25576 3127 18253
23744 26984 26989
26984 23744 26989
26989 23744 26984
22559 1367 27847
1367 22559 27847
27847 1367 22559
13308 11755 17921
17921 11755 13308
11755 13308 17921
8867 647 25442
25442 647 8867
647 8867 25442
11900 10832 29883
10832 11900 29883
29883 10832 11900
29579 1920 9241
1920 9241 29579
9241 1920 29579
26039 2904 23897
2904 23897 26039
23897 2904 26039
24060 1474 5711
5711 1474 24060
1474 5711 24060
17448 14685 25635
25635 14685 17448
14685 17448 25635
5079 8505 11445
11445 5079 8505
8505 5079 11445
20057 21818 23652
23652 20057 21818
21818 20057 23652
13407 16279 18730
16279 13407 18730
18730 13407 16279
22456 28777 29422
29422 22456 28777
28777 22456 29422
27135 3458 20577
3458 20577 27135
20577 3458 27135
27113 10905 25686
10905 25686 27113
25686 10905 27113
7244 18500 26282
18500 7244 26282
26282 7244 18500
16930 4290 23151
4290 16930 23151
23151 4290 16930
642 26499 29517
29517 642 26499
26499 642 29517
1265 3973 16838
3973 1265 16838
16838 1265 3973
24240 7402 12641
12641 7402 24240
7402 12641 24240
20602 10965 15257
15257 10965 20602
10965 15257 20602
29126 24988 27394
24988 27394 29126
27394 24988 29126
5954 12216 26948
12216 5954 26948
26948 5954 12216
4104 24632 28034
28034 4104 24632
24632 4104 28034
19936 24684 28401
28401 19936 24684
24684 19936 28401
5354 12534 26801
12534 5354 26801
26801 5354 12534
2502 8274 19431
8274 2502 19431
19431 2502 8274
8740 11272 29312
11272 8740 29312
29312 8740 11272
29330 566 12501
12501 566 29330
566 12501 29330
18869 21902 22946
22946 18869 21902
21902 18869 22946
19541 5509 9911
5509 9911 19541
9911 5509 19541
1364 11148 16549
11148 1364 16549
16549 1364 11148
245 6851 18974
18974 245 6851
6851 245 18974
2157 16874 23977
16874 2157 23977
23977 2157 16874
2973 25264 29059
29059 2973 25264
25264 2973 29059
8625 15001 29980
15001 8625 29980
29980 8625 15001
10800 13128 28026
13128 10800 28026
28026 10800 13128
19139 8153 14192
14192 8153 19139
8153 14192 19139
21816 1335 3266
1335 3266 21816
3266 1335 21816
3136 8016 27466
27466 3136 8016
8016 3136 27466
19225 735 29625
735 19225 29625
29625 735 19225
7658 24555 26501
26501 7658 24555
24555 7658 26501
13423 11020 15770
11020 13423 15770
15770 11020 13423
19940 12288 16989
12288 16989 19940
16989 12288 19940
27249 4754 18771
4754 18771 27249
18771 4754 27249
21268 6347 9752
6347 9752 21268
9752 6347 21268
12652 6257 14980
14980 6257 12652
6257 12652 14980
24242 2516 3022
2516 3022 24242
3022 2516 24242
7434 26975 26986
26986 7434 26975
26975 7434 26986
7322 3486 17957
17957 3486 7322
3486 7322 17957
28022 14420 28803
28803 14420 28022
14420 28022 28803
9592 2555 4459
2555 4459 9592
4459 2555 9592
25924 9518 16417
16417 9518 25924
9518 16417 25924
8421 25448 26600
25448 8421 26600
26600 8421 25448
18123 11845 16311
11845 16311 18123
16311 11845 18123
17220 3796 25782
3796 17220 25782
25782 3796 17220
19878 1926 15135
1926 15135 19878
15135 1926 19878
7415 9061 17608
9061 7415 17608
17608 7415 9061
4999 16634 28825
16634 4999 28825
28825 4999 16634
22503 13459 26385
26385 13459 22503
13459 22503 26385
5817 9036 27502
9036 5817 27502
27502 5817 9036
6102 5641 11090
11090 5641 6102
5641 6102 11090
4306 5892 7669
5892 4306 7669
7669 4306 5892
23746 4362 10342
4362 10342 23746
10342 4362 23746
9558 3452 11482
11482 3452 9558
3452 9558 11482
1628 15778 25959
15778 1628 25959
25959 1628 15778
445 10110 20356
10110 445 20356
20356 445 10110
19306 9147 23065
9147 19306 23065
23065 9147 19306
27911 3811 24085
3811 24085 27911
24085 3811 27911
16418 18860 28793
28793 16418 18860
18860 16418 28793
2577 18580 29747
18580 2577 29747
29747 2577 18580
1977 24308 26724
26724 1977 24308
24308 1977 26724
22788 10607 12915
12915 10607 22788
10607 12915 22788
2548 18388 23555
23555 2548 18388
18388 2548 23555
22499 17527 23269
23269 17527 22499
17527 22499 23269
15108 1655 19113
1655 15108 19113
19113 1655 15108
11661 10220 25265
25265 10220 11661
10220 11661 25265
9367 3191 22838
3191 9367 22838
22838 3191 9367
15469 7331 14978
14978 7331 15469
7331 14978 15469
21113 12279 28461
12279 21113 28461
28461 12279 21113
10919 28694 29506
28694 10919 29506
29506 10919 28694
4423 10969 20066
10969 4423 20066
20066 4423 10969
29189 3809 17621
3809 17621 29189
17621 3809 29189
10892 17396 22027
17396 10892 22027
22027 10892 17396
20640 8459 26810
26810 8459 20640
8459 20640 26810
25487 13909 19292
19292 13909 25487
13909 19292 25487
28938 8439 25422
25422 8439 28938
8439 25422 28938
26867 4180 26865
4180 26865 26867
26865 4180 26867
20296 22341 23761
22341 20296 23761
23761 20296 22341
14770 3432 14144
14144 3432 14770
3432 14144 14770
29899 8822 13199
13199 8822 29899
8822 13199 29899
18691 21210 23285
23285 18691 21210
21210 18691 23285
21825 9071 17443
9071 17443 21825
17443 9071 21825
19796 21435 28714
28714 19796 21435
21435 19796 28714
11908 8413 26306
26306 8413 11908
8413 11908 26306
21747 6305 17610
17610 6305 21747
6305 17610 21747
3663 6123 9042
9042 3663 6123
6123 3663 9042
22439 15208 16447
15208 16447 22439
16447 15208 22439
1361 15524 25761
25761 1361 15524
15524 1361 25761
12150 713 21297
713 12150 21297
21297 713 12150
12700 1544 5123
1544 5123 12700
5123 1544 12700
7556 9251 23064
23064 7556 9251
9251 7556 23064
4490 10464 25668
25668 4490 10464
10464 4490 25668
20507 1959 29118
29118 1959 20507
1959 20507 29118
1518 1041 22806
1041 1518 22806
22806 1041 1518
3662 23543 24071
23543 3662 24071
24071 3662 23543
12923 1565 29454
1565 12923 29454
29454 1565 12923
26896 9360 28286
9360 26896 28286
28286 9360 26896
4261 7089 26750
7089 4261 26750
26750 4261 7089
20536 5623 21108
21108 5623 20536
5623 20536 21108
5487 9556 24805
9556 5487 24805
24805 5487 9556
28029 11013 21571
11013 21571 28029
21571 11013 28029
10226 345 6185
6185 345 10226
345 6185 10226
24422 8021 24687
8021 24422 24687
24687 8021 24422
6271 3015 29524
3015 6271 29524
29524 3015 6271
2217 16403 26844
16403 2217 26844
26844 2217 16403
24282 12175 25940
12175 24282 25940
25940 12175 24282
26226 22268 26950
26950 22268 26226
22268 26226 26950
16128 8675 29313
8675 16128 29313
29313 8675 16128
1100 9914 21331
21331 1100 9914
9914 1100 21331
1360 8997 15684
15684 1360 8997
8997 1360 15684
17928 935 29263
935 17928 29263
29263 935 17928
14949 25195 29155
29155 14949 25195
25195 14949 29155
28752 23610 27501
27501 23610 28752
23610 27501 28752
27007 1905 8951
1905 8951 27007
8951 1905 27007
23857 228 3888
228 3888 23857
3888 228 23857
9765 3006 6311
3006 6311 9765
6311 3006 9765
19132 2668 26770
2668 19132 26770
26770 2668 19132
26723 6915 9388
6915 9388 26723
9388 6915 26723
23634 3912 10384
10384 3912 23634
3912 10384 23634
4966 19997 22321
22321 4966 19997
19997 4966 22321
25878 14089 29917
14089 25878 29917
29917 14089 25878
18350 11193 12187
11193 12187 18350
12187 11193 18350
29849 13836 15223
15223 13836 29849
13836 15223 29849
12880 22877 28572
28572 12880 22877
22877 12880 28572
15651 14792 20501
14792 15651 20501
20501 14792 15651
27982 6263 22773
22773 6263 27982
6263 22773 27982
15260 10137 18672
10137 15260 18672
18672 10137 15260
18602 1458 4331
1458 4331 18602
4331 1458 18602
18412 20252 24631
20252 18412 24631
24631 18412 20252
28290 798 9475
798 9475 28290
9475 798 28290
7043 1547 10867
10867 1547 7043
1547 7043 10867
21343 2654 12060
12060 2654 21343
2654 12060 21343
25714 12749 23961
12749 23961 25714
23961 12749 25714
4526 14937 24725
24725 4526 14937
14937 4526 24725
17902 858 21534
21534 858 17902
858 17902 21534
7584 9444 21798
9444 7584 21798
21798 7584 9444
6580 8445 25788
8445 6580 25788
25788 6580 8445
13282 12089 12891
12089 12891 13282
12891 12089 13282
17559 22567 29459
29459 17559 22567
22567 17559 29459
7668 18943 28107
28107 7668 18943
18943 7668 28107
5142 9011 25955
25955 5142 9011
9011 5142 25955
24263 6527 7936
7936 6527 24263
6527 7936 24263
24335 527 21393
527 21393 24335
21393 527 24335
18371 16607 21206
16607 18371 21206
21206 16607 18371
2201 6633 6910
6910 2201 6633
6633 2201 6910
4356 5284 13461
13461 4356 5284
5284 4356 13461
2421 5433 13801
13801 2421 5433
5433 2421 13801
18022 4046 29921
4046 18022 29921
29921 4046 18022
27031 17143 21757
21757 17143 27031
17143 21757 27031
27961 18753 24780
18753 24780 27961
24780 18753 27961
20984 997 24112
997 20984 24112
24112 997 20984
21373 3421 7952
7952 3421 21373
3421 7952 21373
3274 17604 21114
21114 3274 17604
17604 3274 21114
12788 7828 9586
9586 7828 12788
7828 9586 12788
7915 15272 23339
15272 7915 23339
23339 7915 15272
22340 2407 10305
2407 10305 22340
10305 2407 22340
2475 7841 11556
11556 2475 7841
7841 2475 11556
5157 22173 25087
22173 5157 25087
25087 5157 22173
10712 1348 1902
1348 1902 10712
1902 1348 10712
14933 6400 7058
7058 6400 14933
6400 7058 14933
15218 10883 25043
25043 10883 15218
10883 15218 25043
23944 1798 2675
1798 2675 23944
2675 1798 23944
27128 652 29808
652 27128 29808
29808 652 27128
12305 26227 27407
27407 12305 26227
26227 12305 27407
24247 40 16167
16167 40 24247
40 16167 24247
19457 8776 29434
29434 8776 19457
8776 19457 29434
6676 11102 28817
11102 6676 28817
28817 6676 11102
25602 3076 20864
20864 3076 25602
3076 20864 25602
29891 23942 26363
23942 26363 29891
26363 23942 29891
24445 8688 12245
12245 8688 24445
8688 12245 24445
1521 15003 17063
15003 1521 17063
17063 1521 15003
24448 26328 29276
26328 24448 29276
29276 24448 26328
3930 26560 28721
26560 3930 28721
28721 3930 26560
8767 18221 25819
18221 8767 25819
25819 8767 18221
26538 3112 14206
14206 3112 26538
3112 14206 26538
3393 73 28218
73 3393 28218
28218 73 3393
3602 20258 29301
20258 3602 29301
29301 3602 20258
1584 12711 22520
22520 1584 12711
12711 1584 22520
3010 7538 17174
17174 3010 7538
7538 3010 17174
23226 3275 22984
3275 22984 23226
22984 3275 23226
4914 12681 17216
17216 4914 12681
12681 4914 17216
3793 16808 18329
18329 3793 16808
16808 3793 18329
8926 18376 23738
18376 8926 23738
23738 8926 18376
9619 5746 29730
29730 5746 9619
5746 9619 29730
13382 10201 16026
10201 13382 16026
16026 10201 13382
9829 10557 11357
10557 9829 11357
11357 9829 10557
7109 26397 29407
29407 7109 26397
26397 7109 29407
14866 6327 8382
6327 8382 14866
8382 6327 14866
21741 21846 22307
22307 21741 21846
21846 21741 22307
29823 15123 25771
15123 25771 29823
25771 15123 29823
9101 9923 18400
18400 9101 9923
9923 9101 18400
10353 2884 13256
13256 2884 10353
2884 10353 13256
19184 27932 28959
27932 19184 28959
28959 19184 27932
264 16996 21048
21048 264 16996
16996 264 21048
25257 18105 21592
18105 21592 25257
21592 18105 25257
24385 12854 29575
29575 12854 24385
12854 24385 29575
860 22457 29159
22457 860 29159
29159 860 22457
1451 1851 3558
1851 1451 3558
3558 1451 1851
27212 19912 29972
19912 27212 29972
29972 19912 27212
26838 4766 25709
4766 25709 26838
25709 4766 26838
27846 9644 17005
9644 17005 27846
17005 9644 27846
15998 5167 24187
24187 5167 15998
5167 15998 24187
27744 1940 24732
24732 1940 27744
1940 24732 27744
9555 3508 3693
3508 3693 9555
3693 3508 9555
10249 1373 8024
8024 1373 10249
1373 8024 10249
9006 13389 27715
13389 9006 27715
27715 9006 13389
20291 14721 23484
23484 14721 20291
14721 20291 23484
16517 22783 27913
27913 16517 22783
22783 16517 27913
23881 7304 10399
7304 10399 23881
10399 7304 23881
10655 13759 25344
13759 10655 25344
25344 10655 13759
13603 1215 14676
14676 1215 13603
1215 13603 14676
7977 405 10166
10166 405 7977
405 7977 10166
19678 4809 22565
4809 19678 22565
22565 4809 19678
25792 22878 28498
22878 25792 28498
28498 22878 25792
24050 6508 18379
6508 18379 24050
18379 6508 24050
1527 10150 29164
10150 1527 29164
29164 1527 10150
28165 8601 12960
12960 8601 28165
8601 12960 28165
14970 9684 27406
27406 9684 14970
9684 14970 27406
15459 19348 27548
27548 15459 19348
19348 15459 27548
19618 15452 23054
23054 15452 19618
15452 19618 23054
23413 9331 17683
9331 17683 23413
17683 9331 23413
13305 2524 28344
28344 2524 13305
2524 13305 28344
17885 6315 11281
6315 11281 17885
11281 6315 17885
21161 20773 25242
20773 21161 25242
25242 20773 21161
5289 13187 22777
22777 5289 13187
13187 5289 22777
18378 11527 24070
11527 18378 24070
24070 11527 18378
28134 1795 22068
1795 22068 28134
22068 1795 28134
19509 12200 14201
14201 12200 19509
12200 14201 19509
25134 1704 23870
23870 1704 25134
1704 23870 25134
5737 6039 10011
10011 5737 6039
6039 5737 10011
18988 1119 7740
1119 7740 18988
7740 1119 18988
28674 7783 24158
7783 24158 28674
24158 7783 28674
12146 232 16042
16042 232 12146
232 12146 16042
26695 376 6702
376 6702 26695
6702 376 26695
532 14213 17442
17442 532 14213
14213 532 17442
27877 9372 15987
9372 15987 27877
15987 9372 27877
15784 4938 6207
4938 6207 15784
6207 4938 15784
11624 3451 8396
8396 3451 11624
3451 8396 11624
14419 9884 17502
17502 9884 14419
9884 14419 17502
2690 5928 27647
5928 2690 27647
27647 2690 5928
7276 2682 4316
2682 4316 7276
4316 2682 7276
3175 15341 15810
15341 3175 15810
15810 3175 15341
4457 2533 23406
23406 2533 4457
2533 4457 23406
27340 6631 8442
8442 6631 27340
6631 8442 27340
721 6761 25603
6761 721 25603
25603 721 6761
11701 2859 5493
2859 5493 11701
5493 2859 11701
15625 14220 17189
17189 14220 15625
14220 15625 17189
28015 22546 26803
22546 26803 28015
26803 22546 28015
3961 14720 29667
29667 3961 14720
14720 3961 29667
19982 3370 4553
3370 4553 19982
4553 3370 19982
7083 12124 27150
12124 7083 27150
27150 7083 12124
1311 22291 29711
22291 1311 29711
29711 1311 22291
29725 8271 8403
8403 8271 29725
8271 8403 29725
8155 21840 25795
25795 8155 21840
21840 8155 25795
5151 9178 21438
9178 5151 21438
21438 5151 9178
29956 2131 4449
2131 4449 29956
4449 2131 29956
19496 24096 25684
25684 19496 24096
24096 19496 25684
9543 3549 22434
22434 3549 9543
3549 9543 22434
5950 11417 21730
21730 5950 11417
11417 5950 21730
6514 15277 16426
16426 6514 15277
15277 6514 16426
23523 378 17634
378 17634 23523
17634 378 23523
15574 5489 7928
7928 5489 15574
5489 7928 15574
106 4864 11870
11870 106 4864
4864 106 11870
19104 14304 28443
28443 14304 19104
14304 19104 28443
7699 22816 28647
28647 7699 22816
22816 7699 28647
9547 7618 19718
7618 9547 19718
19718 7618 9547
25126 10620 24716
24716 10620 25126
10620 24716 25126
21240 4 12494
12494 4 21240
4 12494 21240
13297 24760 29186
24760 13297 29186
29186 13297 24760
2573 426 11586
426 2573 11586
11586 426 2573
2868 2107 28086
2107 2868 28086
28086 2107 2868
17540 3909 22073
3909 17540 22073
22073 3909 17540
12192 12059 15667
12059 12192 15667
15667 12059 12192
11160 6353 14225
14225 6353 11160
6353 11160 14225
10153 796 19379
796 10153 19379
19379 796 10153
10985 16185 25334
16185 10985 25334
25334 10985 16185
25885 11946 22731
11946 22731 25885
22731 11946 25885
18924 7846 17897
17897 7846 18924
7846 17897 18924
19677 1432 11629
1432 11629 19677
11629 1432 19677
12463 13091 15047
13091 12463 15047
15047 12463 13091
11906 11246 16424
11246 11906 16424
16424 11246 11906
18324 4114 9663
4114 9663 18324
9663 4114 18324
16050 2122 24124
2122 16050 24124
24124 2122 16050
3738 26094 27517
26094 3738 27517
27517 3738 26094
22541 5106 21677
5106 21677 22541
21677 5106 22541
6272 11076 23978
11076 6272 23978
23978 6272 11076
2866 16881 27887
16881 2866 27887
27887 2866 16881
6579 21957 21967
21967 6579 21957
21957 6579 21967
27235 9858 26235
26235 9858 27235
9858 26235 27235
13211 528 6290
6290 528 13211
528 6290 13211
18091 128 5511
128 5511 18091
5511 128 18091
3636 18273 27140
18273 3636 27140
27140 3636 18273
12853 15720 19014
15720 12853 19014
19014 12853 15720
25778 1391 6392
6392 1391 25778
1391 6392 25778
11684 3418 13070
3418 11684 13070
13070 3418 11684
3539 18685 24797
18685 3539 24797
24797 3539 18685
14971 3130 25928
25928 3130 14971
3130 14971 25928
5173 3590 17783
3590 5173 17783
17783 3590 5173
16104 16978 21417
21417 16104 16978
16978 16104 21417
11657 2513 17187
2513 11657 17187
17187 2513 11657
26101 12100 16372
16372 12100 26101
12100 16372 26101
26794 19150 28795
28795 19150 26794
19150 26794 28795
17453 10638 21356
10638 17453 21356
21356 10638 17453
29246 4904 27436
4904 27436 29246
27436 4904 29246
7309 11025 29750
29750 7309 11025
11025 7309 29750
7381 9666 13186
9666 7381 13186
13186 7381 9666
21815 1194 28879
1194 21815 28879
28879 1194 21815
16572 574 19846
574 16572 19846
19846 574 16572
2532 1874 8272
1874 2532 8272
8272 1874 2532
19876 4197 13286
4197 13286 19876
13286 4197 19876
2335 16146 17854
16146 2335 17854
17854 2335 16146
15648 9615 14244
9615 14244 15648
14244 9615 15648
7173 18686 25617
25617 7173 18686
18686 7173 25617
1654 6141 13626
13626 1654 6141
6141 1654 13626
1075 12054 24500
24500 1075 12054
12054 1075 24500
4607 14821 18365
14821 4607 18365
18365 4607 14821
12989 14327 18081
18081 12989 14327
14327 12989 18081
18041 6363 21556
21556 6363 18041
6363 18041 21556
17149 10442 21856
21856 10442 17149
10442 17149 21856
25016 5429 7829
5429 7829 25016
7829 5429 25016
23279 11285 21121
11285 21121 23279
21121 11285 23279
23998 14120 28783
14120 23998 28783
28783 14120 23998
24523 18971 20786
20786 18971 24523
18971 20786 24523
15867 4603 27537
4603 15867 27537
27537 4603 15867
6364 5239 8424
5239 6364 8424
8424 5239 6364
17113 4491 13739
13739 4491 17113
4491 13739 17113
27637 15572 16722
16722 15572 27637
15572 16722 27637
11322 16142 23692
23692 11322 16142
16142 11322 23692
20797 3084 6655
6655 3084 20797
3084 6655 20797
13629 8593 23535
8593 13629 23535
23535 8593 13629
801 270 9094
270 801 9094
9094 270 801
26014 9381 27800
27800 9381 26014
9381 26014 27800
14860 14165 16479
16479 14165 14860
14165 14860 16479
10950 6889 19753
19753 6889 10950
6889 10950 19753
8308 10327 27595
10327 8308 27595
27595 8308 10327
11243 17093 21984
21984 11243 17093
17093 11243 21984
28274 24629 25898
24629 25898 28274
25898 24629 28274
14395 24303 25879
24303 14395 25879
25879 14395 24303
15160 2392 11602
2392 11602 15160
11602 2392 15160
20018 5488 26555
26555 5488 20018
5488 20018 26555
17322 21425 25390
21425 17322 25390
25390 17322 21425
3577 1556 16595
16595 1556 3577
1556 3577 16595
10504 807 2155
807 2155 10504
2155 807 10504
16883 19761 20598
19761 16883 20598
20598 16883 19761
24394 12409 20115
20115 12409 24394
12409 20115 24394
3858 3963 7063
7063 3858 3963
3963 3858 7063
22033 23892 26341
23892 22033 26341
26341 22033 23892
19283 25988 26429
26429 19283 25988
25988 19283 26429
17008 14176 22269
14176 17008 22269
22269 14176 17008
29968 3359 4533
4533 3359 29968
3359 4533 29968
9086 4487 21792
21792 4487 9086
4487 9086 21792
11045 6282 12344
12344 6282 11045
6282 11045 12344
6368 4479 24041
4479 6368 24041
24041 4479 6368
21188 16101 25025
16101 21188 25025
25025 16101 21188
11195 20966 23595
20966 11195 23595
23595 11195 20966
632 24131 25592
24131 632 25592
25592 632 24131
26297 1943 29464
29464 1943 26297
1943 26297 29464
12406 19604 26589
19604 12406 26589
26589 12406 19604
16162 3760 20299
20299 3760 16162
3760 16162 20299
5765 3690 24646
3690 5765 24646
24646 3690 5765
9800 10312 25356
25356 9800 10312
10312 9800 25356
10673 2736 24364
24364 2736 10673
2736 10673 24364
25708 19819 28910
28910 19819 25708
19819 25708 28910
28741 5908 28203
28203 5908 28741
5908 28203 28741
16324 9485 17454
9485 16324 17454
17454 9485 16324
29842 15329 26350
26350 15329 29842
15329 26350 29842
24098 20273 24007
20273 24007 24098
24007 20273 24098
26051 5601 20096
20096 5601 26051
5601 20096 26051
6661 7035 9614
9614 6661 7035
7035 6661 9614
23968 16972 26322
16972 23968 26322
26322 16972 23968
11064 20821 25809
25809 11064 20821
20821 11064 25809
7437 3612 8898
3612 7437 8898
8898 3612 7437
17131 23187 26027
23187 17131 26027
26027 17131 23187
22979 9951 11856
11856 9951 22979
9951 11856 22979
5226 12659 22742
22742 5226 12659
12659 5226 22742
13432 18143 26259
26259 13432 18143
18143 13432 26259
5462 22989 28304
28304 5462 22989
22989 5462 28304
25906 6926 18330
6926 18330 25906
18330 6926 25906
4655 3316 23019
23019 3316 4655
3316 4655 23019
20599 6489 9228
9228 6489 20599
6489 9228 20599
9540 86 18818
86 9540 18818
18818 86 9540
1218 11825 21375
11825 1218 21375
21375 1218 11825
13007 9239 15772
9239 13007 15772
15772 9239 13007
26206 16936 18071
16936 18071 26206
18071 16936 26206
21732 4067 21622
21622 4067 21732
4067 21622 21732
15377 10499 19380
19380 10499 15377
10499 15377 19380
18478 8140 21367
8140 18478 21367
21367 8140 18478
9114 4784 27560
4784 9114 27560
27560 4784 9114
28908 1526 2380
2380 1526 28908
1526 2380 28908
13489 11611 17552
17552 11611 13489
11611 13489 17552
24612 9226 13149
13149 9226 24612
9226 13149 24612
11336 11196 12009
12009 11196 11336
11196 11336 12009
8788 89 21146
21146 89 8788
89 8788 21146
22024 3585 14371
3585 14371 22024
14371 3585 22024
26779 5606 10864
5606 10864 26779
10864 5606 26779
19582 17344 19939
19939 17344 19582
17344 19582 19939
5418 13438 23774
23774 5418 13438
13438 5418 23774
27039 563 18907
563 18907 27039
18907 563 27039
24345 6563 14311
14311 6563 24345
6563 14311 24345
13504 18051 22684
18051 13504 22684
22684 13504 18051
1853 11932 17452
11932 1853 17452
17452 1853 11932
19000 9712 22617
9712 19000 22617
22617 9712 19000
27596 9957 22055
22055 9957 27596
9957 22055 27596
17887 15815 23806
23806 15815 17887
15815 17887 23806
26641 21159 21871
21871 21159 26641
21159 21871 26641
13975 12602 16111
12602 13975 16111
16111 12602 13975
3490 1573 3668
3668 1573 3490
1573 3490 3668
29627 3889 15765
3889 15765 29627
15765 3889 29627
21130 25671 26327
25671 21130 26327
26327 21130 25671
17888 9521 19167
19167 9521 17888
9521 17888 19167
3460 25812 28463
28463 3460 25812
25812 3460 28463
7001 12592 25114
25114 7001 12592
12592 7001 25114
5506 1839 26346
1839 5506 26346
26346 1839 5506
5156 23613 29214
29214 5156 23613
23613 5156 29214
13622 2621 22088
22088 2621 13622
2621 13622 22088
27281 9960 27811
27811 9960 27281
9960 27281 27811
8105 10940 16244
10940 8105 16244
16244 8105 10940
24160 11678 11737
11737 11678 24160
11678 11737 24160
457 27443 28865
28865 457 27443
27443 457 28865
7924 9840 10215
10215 7924 9840
9840 7924 10215
12314 3431 23077
3431 12314 23077
23077 3431 12314
7269 8164 18279
8164 7269 18279
18279 7269 8164
7752 11412 13561
13561 7752 11412
11412 7752 13561
24831 23910 23934
23910 23934 24831
23934 23910 24831
15086 12935 27638
12935 15086 27638
27638 12935 15086
20463 8518 16056
8518 16056 20463
16056 8518 20463
15283 13844 22385
13844 15283 22385
22385 13844 15283
23024 5165 27494
27494 5165 23024
5165 23024 27494
17087 1796 9750
9750 1796 17087
1796 9750 17087
4743 12653 17810
12653 4743 17810
17810 4743 12653
18298 23767 28866
28866 18298 23767
23767 18298 28866
9967 3899 17716
3899 9967 17716
17716 3899 9967
14868 10047 18526
18526 10047 14868
10047 14868 18526
27806 16491 22244
22244 16491 27806
16491 22244 27806
746 948 9703
9703 746 948
948 746 9703
15075 24022 28436
28436 15075 24022
24022 15075 28436
4836 2991 22540
22540 2991 4836
2991 4836 22540
22127 1078 26031
26031 1078 22127
1078 22127 26031
7542 6436 16203
6436 7542 16203
16203 6436 7542
1691 3697 6251
6251 1691 3697
3697 1691 6251
9812 23960 29544
29544 9812 23960
23960 9812 29544
2246 2004 7220
7220 2004 2246
2004 2246 7220
6520 21935 26080
26080 6520 21935
21935 6520 26080
13151 16129 21728
16129 13151 21728
21728 13151 16129
26440 23257 29395
23257 26440 29395
29395 23257 26440
15346 873 3277
873 3277 15346
3277 873 15346
311 11031 23045
11031 311 23045
23045 311 11031
2741 455 24351
455 2741 24351
24351 455 2741
25766 27257 28011
28011 25766 27257
27257 25766 28011
10640 12855 15781
12855 10640 15781
15781 10640 12855
27056 13718 28867
28867 13718 27056
13718 27056 28867
11086 5320 12847
5320 11086 12847
12847 5320 11086
10692 12884 16635
16635 10692 12884
12884 10692 16635
27216 9836 29589
29589 9836 27216
9836 27216 29589
6779 12871 18548
12871 6779 18548
18548 6779 12871
19394 6062 27112
6062 19394 27112
27112 6062 19394
306 21112 25238
25238 306 21112
21112 306 25238
12385 15957 22719
22719 12385 15957
15957 12385 22719
10599 47 18476
18476 47 10599
47 10599 18476
8860 978 7335
978 7335 8860
7335 978 8860
7662 392 22020
22020 392 7662
392 7662 22020
10742 11593 12395
12395 10742 11593
11593 10742 12395
24935 7900 8032
7900 8032 24935
8032 7900 24935
8298 2108 9014
2108 8298 9014
9014 2108 8298
22349 2848 8588
8588 2848 22349
2848 8588 22349
12590 8911 20899
8911 12590 20899
20899 8911 12590
24875 2956 8650
2956 8650 24875
8650 2956 24875
12819 24958 26913
26913 12819 24958
24958 12819 26913
16521 22835 28818
28818 16521 22835
