22770 19336 27317
19336 22770 27317
27317 19336 22770
22534 7783 19422
19422 7783 22534
7783 19422 22534
2866 6797 27618
6797 2866 27618
27618 2866 6797
25771 19080 27186
19080 25771 27186
27186 19080 25771
9691 19549 28962
28962 9691 19549
19549 9691 28962
168 10063 13351
10063 168 13351
13351 168 10063
28212 22027 26550
26550 22027 28212
22027 26550 28212
9815 899 18317
899 9815 18317
18317 899 9815
9554 14691 25201
14691 9554 25201
25201 9554 14691
27263 11901 12300
12300 11901 27263
11901 12300 27263
20917 23718 25469
23718 20917 25469
25469 20917 23718
28067 17799 17833
17833 17799 28067
17799 17833 28067
16050 8362 22444
8362 16050 22444
22444 8362 16050
20965 19955 22641
22641 19955 20965
19955 20965 22641
1290 11996 22476
22476 1290 11996
11996 1290 22476
13942 18021 22057
22057 13942 18021
18021 13942 22057
8044 20151 24953
20151 8044 24953
24953 8044 20151
23733 10513 20676
10513 20676 23733
20676 10513 23733
1708 14948 19250
19250 1708 14948
14948 1708 19250
28226 1169 8633
1169 8633 28226
8633 1169 28226
22994 4493 9681
4493 9681 22994
9681 4493 22994
6097 16429 20578
16429 6097 20578
20578 6097 16429
12208 12712 29327
12712 12208 29327
29327 12208 12712
5451 3205 9407
9407 3205 5451
3205 5451 9407
28259 7646 9933
7646 9933 28259
9933 7646 28259
18078 1008 13407
1008 13407 18078
13407 1008 18078
12629 450 11311
450 11311 12629
11311 450 12629
12831 11905 16287
16287 11905 12831
11905 12831 16287
16513 4679 27953
27953 4679 16513
4679 16513 27953
22330 1564 5889
1564 5889 22330
5889 1564 22330
29606 10646 20633
10646 20633 29606
20633 10646 29606
26687 19829 21817
21817 19829 26687
19829 21817 26687
24218 4881 12117
4881 12117 24218
12117 4881 24218
527 7588 29051
7588 527 29051
29051 527 7588
11915 11730 21581
21581 11730 11915
11730 11915 21581
28659 6072 7228
6072 7228 28659
7228 6072 28659
10629 11425 29516
29516 10629 11425
11425 10629 29516
23247 19845 23703
23703 19845 23247
19845 23247 23703
29118 5739 18382
18382 5739 29118
5739 18382 29118
5846 2434 21536
21536 2434 5846
2434 5846 21536
10573 436 21252
436 10573 21252
21252 436 10573
9006 14314 27560
27560 9006 14314
14314 9006 27560
7887 8214 9520
9520 7887 8214
8214 7887 9520
28072 15407 24090
15407 24090 28072
24090 15407 28072
18759 16888 25497
16888 18759 25497
25497 16888 18759
26544 6335 9632
6335 9632 26544
9632 6335 26544
15777 1967 17876
17876 1967 15777
1967 15777 17876
2198 22904 26718
26718 2198 22904
22904 2198 26718
13369 17208 17470
17470 13369 17208
17208 13369 17470
1554 25505 28344
25505 1554 28344
28344 1554 25505
14555 21421 23661
21421 14555 23661
23661 14555 21421
19627 11323 21347
11323 19627 21347
21347 11323 19627
23028 10429 21502
21502 10429 23028
10429 21502 23028
21815 10394 12945
12945 10394 21815
10394 12945 21815
27848 20555 22133
22133 20555 27848
20555 22133 27848
6412 4300 11619
4300 6412 11619
11619 4300 6412
15882 19121 24668
19121 15882 24668
24668 15882 19121
28189 16066 16426
16426 16066 28189
16066 16426 28189
19439 14009 25848
14009 19439 25848
25848 14009 19439
4354 7619 26506
7619 4354 26506
26506 4354 7619
14499 2837 3628
3628 2837 14499
2837 3628 14499
2873 3201 12963
3201 2873 12963
12963 2873 3201
19946 6233 17491
6233 17491 19946
17491 6233 19946
28462 9508 23129
23129 9508 28462
9508 23129 28462
3793 6356 23428
23428 3793 6356
6356 3793 23428
7559 14371 29082
14371 7559 29082
29082 7559 14371
14602 14413 23025
14413 14602 23025
23025 14413 14602
16841 11618 29299
11618 16841 29299
29299 11618 16841
11658 632 6048
632 6048 11658
6048 632 11658
5576 13089 22959
13089 5576 22959
22959 5576 13089
7349 8649 24292
24292 7349 8649
8649 7349 24292
24119 101 13868
13868 101 24119
101 13868 24119
27644 13394 22599
13394 22599 27644
22599 13394 27644
12377 15567 28927
15567 12377 28927
28927 12377 15567
278 8274 10962
10962 278 8274
8274 278 10962
5255 10843 20313
20313 5255 10843
10843 5255 20313
8498 4128 5632
4128 5632 8498
5632 4128 8498
10531 17295 19807
19807 10531 17295
17295 10531 19807
23929 2504 17375
2504 17375 23929
17375 2504 23929
26059 10461 17596
10461 17596 26059
17596 10461 26059
1066 9856 21854
9856 1066 21854
21854 1066 9856
8828 14495 18746
14495 8828 18746
18746 8828 14495
23917 8387 16646
8387 16646 23917
16646 8387 23917
17075 5824 12447
5824 12447 17075
12447 5824 17075
12149 4973 16292
16292 4973 12149
4973 12149 16292
21932 10125 11450
10125 11450 21932
11450 10125 21932
13996 6560 25835
6560 13996 25835
25835 6560 13996
29863 6184 11052
11052 6184 29863
6184 11052 29863
6738 15032 29757
15032 6738 29757
29757 6738 15032
11224 15572 16671
16671 11224 15572
15572 11224 16671
25261 7208 22140
7208 22140 25261
22140 7208 25261
687 7291 22923
22923 687 7291
7291 687 22923
16685 10462 14744
10462 14744 16685
14744 10462 16685
853 1891 8342
8342 853 1891
1891 853 8342
14498 8608 28983
8608 14498 28983
28983 8608 14498
8345 596 2970
596 2970 8345
2970 596 8345
2467 8092 11380
8092 2467 11380
11380 2467 8092
16898 1356 21663
1356 16898 21663
21663 1356 16898
5322 3844 25986
25986 3844 5322
3844 5322 25986
16298 528 3821
528 3821 16298
3821 528 16298
15142 9464 10228
9464 10228 15142
10228 9464 15142
12837 4187 18909
18909 4187 12837
4187 12837 18909
1032 2413 10510
2413 1032 10510
10510 1032 2413
7898 8962 22936
8962 7898 22936
22936 7898 8962
21807 3152 5709
5709 3152 21807
3152 5709 21807
18613 1881 24160
24160 1881 18613
1881 18613 24160
6636 26706 27021
26706 6636 27021
27021 6636 26706
14717 1952 1969
1969 1952 14717
1952 1969 14717
25282 10976 23421
23421 10976 25282
10976 23421 25282
10353 1456 21016
21016 1456 10353
1456 10353 21016
25063 11105 15628
15628 11105 25063
11105 15628 25063
6163 1475 17187
1475 6163 17187
17187 1475 6163
317 2345 8344
2345 317 8344
8344 317 2345
5469 8614 19238
8614 5469 19238
19238 5469 8614
23166 12892 17874
17874 12892 23166
12892 17874 23166
17514 2846 15940
2846 15940 17514
15940 2846 17514
1995 7416 28830
28830 1995 7416
7416 1995 28830
29938 8592 10485
8592 10485 29938
10485 8592 29938
14224 3542 28340
28340 3542 14224
3542 14224 28340
5962 9232 16710
9232 5962 16710
16710 5962 9232
15445 1528 15423
1528 15423 15445
15423 1528 15445
21888 197 7917
197 7917 21888
7917 197 21888
23870 14464 25456
25456 14464 23870
14464 23870 25456
4159 4751 18714
18714 4159 4751
4751 4159 18714
11927 15640 28056
15640 11927 28056
28056 11927 15640
23301 300 28306
300 23301 28306
28306 300 23301
7687 20477 29101
20477 7687 29101
29101 7687 20477
19284 12738 29343
29343 12738 19284
12738 19284 29343
8996 13005 22169
22169 8996 13005
13005 8996 22169
11688 2683 2890
2683 2890 11688
2890 2683 11688
4965 11040 18486
11040 4965 18486
18486 4965 11040
16632 4523 5307
4523 5307 16632
5307 4523 16632
287 14333 29653
29653 287 14333
14333 287 29653
23435 8558 24546
24546 8558 23435
8558 23435 24546
11908 2075 5189
5189 2075 11908
2075 5189 11908
15992 24568 29522
24568 15992 29522
29522 15992 24568
27585 16863 20749
16863 20749 27585
20749 16863 27585
6619 2402 12810
2402 6619 12810
12810 2402 6619
19816 21983 24510
24510 19816 21983
21983 19816 24510
1376 5418 22018
22018 1376 5418
5418 1376 22018
14085 3030 14126
3030 14085 14126
14126 3030 14085
3065 24948 25146
25146 3065 24948
24948 3065 25146
25764 23116 24418
23116 24418 25764
24418 23116 25764
1739 4062 5017
5017 1739 4062
4062 1739 5017
8987 142 6830
142 6830 8987
6830 142 8987
11502 27546 28288
27546 11502 28288
28288 11502 27546
12692 8714 17844
17844 8714 12692
8714 12692 17844
3999 6156 22395
6156 3999 22395
22395 3999 6156
3455 6929 16978
6929 3455 16978
16978 3455 6929
21642 20410 27204
27204 20410 21642
20410 21642 27204
12547 19943 25073
25073 12547 19943
19943 12547 25073
7974 3765 29534
3765 7974 29534
29534 3765 7974
12713 1864 22375
22375 1864 12713
1864 12713 22375
3780 10768 21959
21959 3780 10768
10768 3780 21959
20808 18903 19703
19703 18903 20808
18903 19703 20808
24870 11371 20698
11371 20698 24870
20698 11371 24870
13465 6219 18988
18988 6219 13465
6219 13465 18988
1135 8388 18526
18526 1135 8388
8388 1135 18526
2761 12965 17382
12965 2761 17382
17382 2761 12965
2282 19483 23735
19483 2282 23735
23735 2282 19483
5072 16634 24962
16634 5072 24962
24962 5072 16634
8133 9377 16039
16039 8133 9377
9377 8133 16039
23959 13451 13724
13451 13724 23959
13724 13451 23959
29375 2506 4406
4406 2506 29375
2506 4406 29375
26398 444 1427
444 1427 26398
1427 444 26398
1846 5815 16370
16370 1846 5815
5815 1846 16370
22937 7196 26395
26395 7196 22937
7196 22937 26395
28863 722 15614
15614 722 28863
722 15614 28863
28183 805 16812
805 16812 28183
16812 805 28183
714 10949 28459
10949 714 28459
28459 714 10949
1239 4604 20222
4604 1239 20222
20222 1239 4604
15325 4032 17171
17171 4032 15325
4032 15325 17171
6858 8676 25916
8676 6858 25916
25916 6858 8676
3322 10537 17040
10537 3322 17040
17040 3322 10537
23709 19802 27206
27206 19802 23709
19802 23709 27206
9470 18557 24396
18557 9470 24396
24396 9470 18557
9473 3357 18232
3357 9473 18232
18232 3357 9473
3299 7420 16151
16151 3299 7420
7420 3299 16151
20586 20793 23417
20793 20586 23417
23417 20586 20793
26236 17881 25853
17881 25853 26236
25853 17881 26236
3197 10453 28151
10453 3197 28151
28151 3197 10453
13157 14167 26965
14167 13157 26965
26965 13157 14167
26173 8043 14083
8043 14083 26173
14083 8043 26173
13505 7454 12075
12075 7454 13505
7454 12075 13505
976 7316 28038
28038 976 7316
7316 976 28038
10243 28540 29359
28540 10243 29359
29359 10243 28540
13428 10302 16924
16924 10302 13428
10302 13428 16924
10643 26003 27523
27523 10643 26003
26003 10643 27523
18200 24864 25868
24864 18200 25868
25868 18200 24864
15413 8451 27138
27138 8451 15413
8451 15413 27138
23540 2372 20953
2372 20953 23540
20953 2372 23540
27909 17273 17363
17363 17273 27909
17273 17363 27909
26065 24846 26262
24846 26065 26262
26262 24846 26065
14622 15745 23984
15745 14622 23984
23984 14622 15745
18662 3290 5783
5783 3290 18662
3290 5783 18662
7753 6552 23684
23684 6552 7753
6552 7753 23684
11185 12784 15758
15758 11185 12784
12784 11185 15758
1627 9240 11439
11439 1627 9240
9240 1627 11439
6088 16947 28412
16947 6088 28412
28412 6088 16947
3956 8361 25212
8361 3956 25212
25212 3956 8361
10971 10150 22912
22912 10150 10971
10150 10971 22912
11246 4170 28325
4170 11246 28325
28325 4170 11246
23136 17649 21109
21109 17649 23136
17649 21109 23136
10140 20755 24654
20755 10140 24654
24654 10140 20755
2196 2974 26932
2974 2196 26932
26932 2196 2974
23472 5564 24049
24049 5564 23472
5564 23472 24049
24014 13577 29018
13577 24014 29018
29018 13577 24014
28811 2287 24157
2287 24157 28811
24157 2287 28811
24693 10075 28104
28104 10075 24693
10075 24693 28104
14260 630 14727
14727 630 14260
630 14260 14727
23494 9395 11687
9395 11687 23494
11687 9395 23494
29405 9877 18574
9877 18574 29405
18574 9877 29405
10880 9654 20032
20032 9654 10880
9654 10880 20032
6850 12030 28449
28449 6850 12030
12030 6850 28449
8569 22880 26606
26606 8569 22880
22880 8569 26606
16475 9902 13191
13191 9902 16475
9902 13191 16475
7537 2094 27210
2094 7537 27210
27210 2094 7537
12756 16877 18583
16877 12756 18583
18583 12756 16877
25880 433 24027
24027 433 25880
433 24027 25880
10778 1951 17332
1951 10778 17332
17332 1951 10778
1157 9378 17717
9378 1157 17717
17717 1157 9378
27758 14055 14225
14055 14225 27758
14225 14055 27758
4546 4052 16560
4052 4546 16560
16560 4052 4546
26312 16495 26659
26659 16495 26312
16495 26312 26659
17617 13543 20278
20278 13543 17617
13543 17617 20278
23373 1571 20707
1571 20707 23373
20707 1571 23373
23385 4833 11625
4833 11625 23385
11625 4833 23385
3375 6878 16351
6878 3375 16351
16351 3375 6878
21916 9099 12395
12395 9099 21916
9099 12395 21916
19166 11027 14914
11027 14914 19166
14914 11027 19166
20441 801 2110
801 2110 20441
2110 801 20441
17614 8155 25057
25057 8155 17614
8155 17614 25057
15146 6292 6918
6292 6918 15146
6918 6292 15146
27312 9221 9275
9221 9275 27312
9275 9221 27312
27385 10180 12152
10180 12152 27385
12152 10180 27385
14823 7053 9323
7053 9323 14823
9323 7053 14823
6115 1981 3816
1981 3816 6115
3816 1981 6115
21898 5306 26923
26923 5306 21898
5306 21898 26923
11643 4175 18244
18244 4175 11643
4175 11643 18244
63 1540 25361
1540 63 25361
25361 63 1540
7852 14321 28269
14321 7852 28269
28269 7852 14321
17564 11992 18487
18487 11992 17564
11992 17564 18487
17618 22623 29461
29461 17618 22623
22623 17618 29461
27533 9136 20419
20419 9136 27533
9136 20419 27533
18808 8485 15065
8485 15065 18808
15065 8485 18808
16032 232 12646
12646 232 16032
232 12646 16032
6570 11842 20074
20074 6570 11842
11842 6570 20074
26008 5331 29460
29460 5331 26008
5331 26008 29460
26556 2231 28597
28597 2231 26556
2231 26556 28597
2636 13608 19060
13608 2636 19060
19060 2636 13608
29037 3411 6226
3411 6226 29037
6226 3411 29037
27987 1812 17902
17902 1812 27987
1812 17902 27987
15237 1033 15902
15902 1033 15237
1033 15237 15902
216 3072 6013
3072 216 6013
6013 216 3072
16975 16065 22569
16065 16975 22569
22569 16065 16975
13952 15707 15916
15707 13952 15916
15916 13952 15707
18672 16432 18118
18118 16432 18672
16432 18118 18672
17353 8970 22751
22751 8970 17353
8970 17353 22751
22949 6427 20776
20776 6427 22949
6427 20776 22949
27295 11437 23369
11437 23369 27295
23369 11437 27295
11903 5345 24131
24131 5345 11903
5345 11903 24131
2605 2881 6957
2881 2605 6957
6957 2605 2881
28799 19502 23070
23070 19502 28799
19502 23070 28799
8031 10023 24223
10023 8031 24223
24223 8031 10023
20769 16796 18162
18162 16796 20769
16796 18162 20769
3093 27647 28383
28383 3093 27647
27647 3093 28383
29185 3437 6081
6081 3437 29185
3437 6081 29185
8172 17004 25302
25302 8172 17004
17004 8172 25302
5164 400 6815
400 5164 6815
6815 400 5164
14840 2186 12199
12199 2186 14840
2186 12199 14840
354 1130 29866
1130 354 29866
29866 354 1130
9706 7081 27449
7081 9706 27449
27449 7081 9706
8982 12324 16683
12324 8982 16683
16683 8982 12324
17240 7828 26002
26002 7828 17240
7828 17240 26002
16681 5966 26856
5966 16681 26856
26856 5966 16681
13822 12089 20683
20683 12089 13822
12089 13822 20683
24426 1940 23096
1940 23096 24426
23096 1940 24426
15647 10304 29341
29341 10304 15647
10304 15647 29341
12557 7510 12960
7510 12557 12960
12960 7510 12557
23271 13964 16763
13964 16763 23271
16763 13964 23271
17398 9980 27945
9980 17398 27945
27945 9980 17398
21793 13289 24282
13289 21793 24282
24282 13289 21793
556 2869 3719
2869 556 3719
3719 556 2869
17529 2526 16189
2526 16189 17529
16189 2526 17529
19209 6507 29374
29374 6507 19209
6507 19209 29374
3288 5676 9590
5676 3288 9590
9590 3288 5676
28736 15003 28203
28203 15003 28736
15003 28203 28736
18646 8496 12396
8496 12396 18646
12396 8496 18646
17102 14989 25322
14989 17102 25322
25322 14989 17102
25740 1118 4409
1118 4409 25740
4409 1118 25740
2303 28 5200
5200 28 2303
28 2303 5200
21460 10932 12944
12944 10932 21460
10932 12944 21460
26555 14511 18345
18345 14511 26555
14511 18345 26555
13393 17958 24248
24248 13393 17958
17958 13393 24248
15836 15490 28650
15490 15836 28650
28650 15490 15836
15574 5319 5733
5733 5319 15574
5319 5733 15574
9503 313 5039
5039 313 9503
313 5039 9503
25824 9777 19952
9777 19952 25824
19952 9777 25824
16308 21497 25223
21497 16308 25223
25223 16308 21497
20905 1485 9673
9673 1485 20905
1485 9673 20905
23609 5357 29556
29556 5357 23609
5357 23609 29556
29091 5746 18809
18809 5746 29091
5746 18809 29091
2597 7589 27123
7589 2597 27123
27123 2597 7589
16777 8912 9657
8912 9657 16777
9657 8912 16777
9666 19916 25173
19916 9666 25173
25173 9666 19916
29197 2658 15234
15234 2658 29197
2658 15234 29197
29589 15787 23480
15787 23480 29589
23480 15787 29589
2216 13188 28335
13188 2216 28335
28335 2216 13188
21103 7283 22471
7283 21103 22471
22471 7283 21103
14420 2045 10660
2045 10660 14420
10660 2045 14420
23445 8765 20149
20149 8765 23445
8765 20149 23445
23992 16204 22127
16204 22127 23992
22127 16204 23992
11098 6895 11836
11836 6895 11098
6895 11098 11836
11083 892 11744
892 11083 11744
11744 892 11083
12070 17892 25614
25614 12070 17892
17892 12070 25614
12884 4906 15704
15704 4906 12884
4906 12884 15704
19667 16367 24135
24135 16367 19667
16367 19667 24135
10918 60 21612
21612 60 10918
60 10918 21612
25500 4514 22345
22345 4514 25500
4514 22345 25500
19659 1332 15510
1332 15510 19659
15510 1332 19659
27676 19503 26227
19503 26227 27676
26227 19503 27676
29854 9918 28333
28333 9918 29854
9918 28333 29854
24258 9640 15870
9640 15870 24258
15870 9640 24258
5236 1507 24442
24442 1507 5236
1507 5236 24442
11868 24224 25783
24224 11868 25783
25783 11868 24224
1658 18986 26539
26539 1658 18986
18986 1658 26539
2723 19542 21258
19542 2723 21258
21258 2723 19542
17468 599 15479
15479 599 17468
599 15479 17468
4777 16197 27373
16197 4777 27373
27373 4777 16197
18249 11245 16272
11245 16272 18249
16272 11245 18249
13982 3417 18365
18365 3417 13982
3417 13982 18365
28729 1782 12571
1782 12571 28729
12571 1782 28729
5606 1437 23423
1437 5606 23423
23423 1437 5606
14419 1429 3707
3707 1429 14419
1429 3707 14419
27854 14128 22737
14128 22737 27854
22737 14128 27854
14228 1002 2820
2820 1002 14228
1002 2820 14228
654 12415 14188
14188 654 12415
12415 654 14188
15769 999 29412
29412 999 15769
999 15769 29412
24743 11570 24896
11570 24743 24896
24896 11570 24743
1283 62 11883
11883 62 1283
62 1283 11883
3565 2381 8959
2381 3565 8959
8959 2381 3565
28147 10346 20856
10346 20856 28147
20856 10346 28147
25640 8194 22348
22348 8194 25640
8194 22348 25640
9263 1102 18564
18564 1102 9263
1102 9263 18564
8776 25727 27701
25727 8776 27701
27701 8776 25727
18858 17225 19244
17225 18858 19244
19244 17225 18858
13918 974 27096
974 13918 27096
27096 974 13918
26804 14049 15361
15361 14049 26804
14049 15361 26804
19551 5890 16952
5890 16952 19551
16952 5890 19551
3539 19840 20427
20427 3539 19840
19840 3539 20427
11747 24217 26051
26051 11747 24217
24217 11747 26051
7819 7355 22094
7355 7819 22094
22094 7355 7819
17028 2275 5799
5799 2275 17028
2275 5799 17028
26855 20331 27828
27828 20331 26855
20331 26855 27828
2375 21007 29719
21007 2375 29719
29719 2375 21007
198 13602 23252
23252 198 13602
13602 198 23252
17113 16164 25905
16164 17113 25905
25905 16164 17113
12562 4247 11962
4247 11962 12562
11962 4247 12562
14965 977 13710
13710 977 14965
977 13710 14965
12843 11340 14190
14190 11340 12843
11340 12843 14190
8977 8321 12196
8321 8977 12196
12196 8321 8977
15240 466 16493
16493 466 15240
466 15240 16493
981 2494 22253
22253 981 2494
2494 981 22253
14883 14264 20641
20641 14264 14883
14264 14883 20641
15386 5761 22088
5761 15386 22088
22088 5761 15386
16147 22367 23308
22367 16147 23308
23308 16147 22367
20081 13616 27800
13616 20081 27800
27800 13616 20081
15353 1362 14778
1362 14778 15353
14778 1362 15353
29282 535 16939
535 16939 29282
16939 535 29282
1365 1883 28430
1883 1365 28430
28430 1365 1883
8030 14945 24382
14945 8030 24382
24382 8030 14945
18470 4518 24703
24703 4518 18470
4518 18470 24703
15264 1179 5055
5055 1179 15264
1179 5055 15264
27865 2511 19389
19389 2511 27865
2511 19389 27865
13359 15049 26025
26025 13359 15049
15049 13359 26025
15047 4122 20595
20595 4122 15047
4122 15047 20595
25602 28868 29930
29930 25602 28868
28868 25602 29930
24473 16217 16566
16566 16217 24473
16217 16566 24473
24954 12322 24877
12322 24877 24954
24877 12322 24954
9457 7213 12053
12053 7213 9457
7213 9457 12053
691 15683 18059
18059 691 15683
15683 691 18059
6741 1185 16552
16552 1185 6741
1185 6741 16552
25044 6722 25030
6722 25030 25044
25030 6722 25044
6944 8956 29180
29180 6944 8956
8956 6944 29180
8950 10124 26141
10124 8950 26141
26141 8950 10124
15273 2452 13575
13575 2452 15273
2452 13575 15273
27108 10551 15359
10551 15359 27108
15359 10551 27108
148 3986 12643
3986 148 12643
12643 148 3986
6960 4001 18819
18819 4001 6960
4001 6960 18819
504 5674 21427
21427 504 5674
5674 504 21427
5007 2510 14199
14199 2510 5007
2510 5007 14199
10747 3713 4812
4812 3713 10747
3713 4812 10747
18828 9724 12298
9724 12298 18828
12298 9724 18828
5165 27137 28551
28551 5165 27137
27137 5165 28551
5113 19097 19538
19538 5113 19097
19097 5113 19538
9080 4109 20024
4109 9080 20024
20024 4109 9080
4461 12206 13067
12206 4461 13067
13067 4461 12206
8984 623 8192
8192 623 8984
623 8192 8984
563 15382 27296
27296 563 15382
15382 563 27296
19868 13307 23669
13307 19868 23669
23669 13307 19868
10912 5779 15545
5779 10912 15545
15545 5779 10912
26361 3252 24727
3252 24727 26361
24727 3252 26361
18138 15302 27238
15302 18138 27238
27238 15302 18138
12500 18959 25901
18959 12500 25901
25901 12500 18959
28721 3850 19876
3850 19876 28721
19876 3850 28721
25034 4206 6893
6893 4206 25034
4206 6893 25034
6463 8056 24390
24390 6463 8056
8056 6463 24390
23368 17759 19434
19434 17759 23368
17759 19434 23368
20007 12185 24010
24010 12185 20007
12185 20007 24010
23089 5230 18597
5230 18597 23089
18597 5230 23089
10037 22228 24726
24726 10037 22228
22228 10037 24726
1088 27569 27935
27935 1088 27569
27569 1088 27935
18968 361 25612
25612 361 18968
361 18968 25612
29109 1178 2291
2291 1178 29109
1178 2291 29109
7249 956 21145
21145 956 7249
956 7249 21145
10322 1716 6086
1716 6086 10322
6086 1716 10322
9110 2421 23255
2421 9110 23255
23255 2421 9110
20287 11110 11261
11110 11261 20287
11261 11110 20287
24324 5944 27717
27717 5944 24324
5944 24324 27717
20251 2803 28803
2803 20251 28803
28803 2803 20251
27913 7939 8709
8709 7939 27913
7939 8709 27913
23087 4551 12440
12440 4551 23087
4551 12440 23087
29943 4400 26109
4400 26109 29943
26109 4400 29943
16114 3277 14030
3277 14030 16114
14030 3277 16114
27357 8225 27495
8225 27357 27495
27495 8225 27357
21384 16014 29331
29331 16014 21384
16014 21384 29331
9022 9704 17156
17156 9022 9704
9704 9022 17156
14271 20115 23211
23211 14271 20115
20115 14271 23211
6675 13711 26337
13711 6675 26337
26337 6675 13711
5134 25613 25806
25613 5134 25806
25806 5134 25613
7986 14296 21114
21114 7986 14296
14296 7986 21114
25328 9903 15394
15394 9903 25328
9903 15394 25328
27929 13150 20736
20736 13150 27929
13150 20736 27929
22714 14987 24137
14987 22714 24137
24137 14987 22714
19592 8110 8340
8340 8110 19592
8110 8340 19592
12764 23389 28338
23389 12764 28338
28338 12764 23389
8940 4726 27004
4726 8940 27004
27004 4726 8940
21902 11046 15265
11046 15265 21902
15265 11046 21902
20837 1834 28250
28250 1834 20837
1834 20837 28250
28049 4768 21190
21190 4768 28049
4768 21190 28049
3627 6384 12991
12991 3627 6384
6384 3627 12991
22145 9007 10661
10661 9007 22145
9007 10661 22145
7126 15911 23513
23513 7126 15911
15911 7126 23513
7456 15421 23204
23204 7456 15421
15421 7456 23204
10881 14155 14871
14871 10881 14155
14155 10881 14871
8271 10560 19778
19778 8271 10560
10560 8271 19778
27491 22885 28119
22885 27491 28119
28119 22885 27491
12539 9096 18551
9096 12539 18551
18551 9096 12539
27711 10401 11660
10401 11660 27711
11660 10401 27711
11764 10988 23604
10988 11764 23604
23604 10988 11764
12019 27237 28157
27237 12019 28157
28157 12019 27237
5159 755 9301
755 5159 9301
9301 755 5159
20335 16680 17667
16680 17667 20335
17667 16680 20335
2391 6124 21214
21214 2391 6124
6124 2391 21214
2042 11219 16111
11219 2042 16111
16111 2042 11219
12615 3836 10045
10045 3836 12615
3836 10045 12615
3759 21377 21794
21794 3759 21377
21377 3759 21794
16984 5104 18374
5104 16984 18374
18374 5104 16984
21744 12225 12575
12225 12575 21744
12575 12225 21744
29706 13748 20225
20225 13748 29706
13748 20225 29706
12123 6191 19013
6191 12123 19013
19013 6191 12123
7816 7144 18281
18281 7144 7816
7144 7816 18281
12183 9088 18885
18885 9088 12183
9088 12183 18885
14533 7466 21781
21781 7466 14533
7466 14533 21781
17439 7703 24313
7703 17439 24313
24313 7703 17439
2157 4652 27819
27819 2157 4652
4652 2157 27819
1807 986 13972
986 1807 13972
13972 986 1807
10245 13151 15436
15436 10245 13151
13151 10245 15436
11062 15734 22502
15734 11062 22502
22502 11062 15734
5513 152 6087
6087 152 5513
152 5513 6087
19572 19576 22621
22621 19572 19576
19576 19572 22621
102 14496 29321
29321 102 14496
14496 102 29321
21562 5685 15403
15403 5685 21562
5685 15403 21562
18176 20482 22201
22201 18176 20482
20482 18176 22201
23093 14440 29535
29535 14440 23093
14440 23093 29535
4124 3632 6568
3632 4124 6568
6568 3632 4124
5852 2170 20758
2170 5852 20758
20758 2170 5852
6317 8999 9601
9601 6317 8999
8999 6317 9601
22705 18743 21035
18743 21035 22705
21035 18743 22705
22070 8698 23072
23072 8698 22070
8698 22070 23072
8432 4643 28745
4643 8432 28745
28745 4643 8432
2435 6581 8305
6581 2435 8305
8305 2435 6581
4392 8619 23867
23867 4392 8619
8619 4392 23867
27978 18548 26827
26827 18548 27978
18548 26827 27978
29793 16036 22421
22421 16036 29793
16036 22421 29793
20431 5764 14585
5764 14585 20431
14585 5764 20431
5845 24800 26601
24800 5845 26601
26601 5845 24800
21182 355 10910
10910 355 21182
355 10910 21182
8579 10427 18522
18522 8579 10427
10427 8579 18522
11862 27074 27380
27380 11862 27074
27074 11862 27380
26887 6802 9286
6802 9286 26887
9286 6802 26887
12970 22232 27660
27660 12970 22232
22232 12970 27660
2055 2251 19818
19818 2055 2251
2251 2055 19818
11604 18142 24666
18142 11604 24666
24666 11604 18142
12051 4937 28748
28748 4937 12051
4937 12051 28748
22011 9220 17330
9220 17330 22011
17330 9220 22011
25385 1052 27124
1052 25385 27124
27124 1052 25385
11168 743 19688
743 11168 19688
19688 743 11168
833 3317 19832
3317 833 19832
19832 833 3317
2113 7681 14186
14186 2113 7681
7681 2113 14186
22709 4940 16787
4940 16787 22709
16787 4940 22709
25742 24837 27584
24837 25742 27584
27584 24837 25742
20196 8689 15388
15388 8689 20196
8689 15388 20196
5070 20061 22130
22130 5070 20061
20061 5070 22130
7366 23923 28708
23923 7366 28708
28708 7366 23923
24820 1113 20062
20062 1113 24820
1113 20062 24820
12492 7660 19904
19904 7660 12492
7660 12492 19904
15250 2005 15504
2005 15250 15504
15504 2005 15250
28859 2509 26888
2509 26888 28859
26888 2509 28859
12360 2649 5193
2649 5193 12360
5193 2649 12360
765 16184 18657
18657 765 16184
16184 765 18657
17267 4713 13158
13158 4713 17267
4713 13158 17267
3722 12720 19423
12720 3722 19423
19423 3722 12720
21359 4657 8603
8603 4657 21359
4657 8603 21359
6842 6648 29458
6648 6842 29458
29458 6648 6842
3814 7769 12592
7769 3814 12592
12592 3814 7769
26519 9348 16321
9348 16321 26519
16321 9348 26519
24796 1363 3358
1363 3358 24796
3358 1363 24796
10368 22702 26936
26936 10368 22702
22702 10368 26936
16745 17747 25656
25656 16745 17747
17747 16745 25656
13486 16830 25590
16830 13486 25590
25590 13486 16830
1567 6647 12897
12897 1567 6647
6647 1567 12897
24193 1043 11717
11717 1043 24193
1043 11717 24193
19201 16628 27681
27681 16628 19201
16628 19201 27681
2752 11313 20875
20875 2752 11313
11313 2752 20875
23577 20253 26819
20253 23577 26819
26819 20253 23577
20712 15575 29737
15575 20712 29737
29737 15575 20712
9038 14421 25948
25948 9038 14421
14421 9038 25948
20998 5025 12597
12597 5025 20998
5025 12597 20998
10982 3196 9572
9572 3196 10982
3196 9572 10982
28529 10803 19079
10803 19079 28529
19079 10803 28529
29637 4610 23500
4610 23500 29637
23500 4610 29637
6994 25421 27746
25421 6994 27746
27746 6994 25421
6801 4736 20579
20579 4736 6801
4736 6801 20579
5604 10473 16775
10473 5604 16775
16775 5604 10473
20243 8536 14157
14157 8536 20243
8536 14157 20243
23174 5323 7089
5323 7089 23174
7089 5323 23174
16799 19588 29201
19588 16799 29201
29201 16799 19588
9284 7027 28834
7027 9284 28834
28834 7027 9284
10578 18229 23095
18229 10578 23095
23095 10578 18229
17800 4805 5959
4805 5959 17800
5959 4805 17800
9864 6140 21089
6140 9864 21089
21089 6140 9864
1674 2934 9092
9092 1674 2934
2934 1674 9092
25658 5668 8772
5668 8772 25658
8772 5668 25658
29610 4663 12008
12008 4663 29610
4663 12008 29610
26013 22625 29022
22625 26013 29022
29022 22625 26013
11701 8571 14266
8571 11701 14266
14266 8571 11701
3403 120 3243
120 3243 3403
3243 120 3403
7233 19886 28264
28264 7233 19886
19886 7233 28264
741 14361 16720
16720 741 14361
14361 741 16720
25419 17553 26083
17553 25419 26083
26083 17553 25419
10767 3242 19795
19795 3242 10767
3242 10767 19795
15158 3768 10605
3768 10605 15158
10605 3768 15158
24790 11142 16572
11142 16572 24790
16572 11142 24790
25582 2140 13460
2140 13460 25582
13460 2140 25582
22539 8509 9199
8509 9199 22539
9199 8509 22539
24359 3059 4447
3059 4447 24359
4447 3059 24359
13473 14501 23625
23625 13473 14501
14501 13473 23625
19653 6754 7494
7494 6754 19653
6754 7494 19653
10626 23362 26145
23362 10626 26145
26145 10626 23362
15735 3244 3384
3384 3244 15735
3244 3384 15735
19693 14699 18651
14699 18651 19693
18651 14699 19693
25634 1354 1382
1354 1382 25634
1382 1354 25634
16428 3241 26129
26129 3241 16428
3241 16428 26129
11009 2362 12514
12514 2362 11009
2362 11009 12514
26055 9451 14673
14673 9451 26055
9451 14673 26055
28446 10418 29830
10418 28446 29830
29830 10418 28446
2556 13002 17310
13002 2556 17310
17310 2556 13002
7463 7920 26354
26354 7463 7920
7920 7463 26354
27339 18056 28792
28792 18056 27339
18056 27339 28792
7346 513 28369
513 7346 28369
28369 513 7346
4883 649 2536
2536 649 4883
649 2536 4883
15377 14524 27599
14524 15377 27599
27599 14524 15377
12497 7393 18100
18100 7393 12497
7393 12497 18100
22365 5002 17513
17513 5002 22365
5002 17513 22365
6039 7620 28880
28880 6039 7620
7620 6039 28880
5136 23462 28121
28121 5136 23462
23462 5136 28121
6962 3042 4907
3042 4907 6962
4907 3042 6962
26471 311 28116
311 26471 28116
28116 311 26471
11972 5081 17530
5081 11972 17530
17530 5081 11972
12545 688 28616
688 12545 28616
28616 688 12545
21934 1305 26608
1305 21934 26608
26608 1305 21934
19527 21594 25721
21594 19527 25721
25721 19527 21594
11356 10830 19018
19018 10830 11356
10830 11356 19018
13993 23725 29312
29312 13993 23725
23725 13993 29312
6555 3940 27122
3940 6555 27122
27122 3940 6555
22501 6213 15774
6213 15774 22501
15774 6213 22501
29438 11039 20178
20178 11039 29438
11039 20178 29438
23947 14129 19317
14129 19317 23947
19317 14129 23947
7009 14615 27883
14615 7009 27883
27883 7009 14615
16715 22800 28786
28786 16715 22800
22800 16715 28786
4569 11373 16458
16458 4569 11373
11373 4569 16458
28176 5435 29086
29086 5435 28176
5435 28176 29086
3327 4431 5024
4431 3327 5024
5024 3327 4431
13601 2868 29883
2868 13601 29883
29883 2868 13601
18422 2234 19633
19633 2234 18422
2234 18422 19633
25809 9237 17264
17264 9237 25809
9237 17264 25809
9725 1523 16462
16462 1523 9725
1523 9725 16462
4709 24789 29492
24789 4709 29492
29492 4709 24789
13006 22551 27665
22551 13006 27665
27665 13006 22551
29264 1851 16937
1851 16937 29264
16937 1851 29264
984 9327 25162
25162 984 9327
9327 984 25162
16498 6405 21690
6405 16498 21690
21690 6405 16498
897 11724 27820
11724 897 27820
27820 897 11724
28629 11506 12931
12931 11506 28629
11506 12931 28629
2270 12182 12291
12291 2270 12182
12182 2270 12291
18848 4620 12685
12685 4620 18848
4620 12685 18848
16379 27839 28271
27839 16379 28271
28271 16379 27839
13978 8941 26817
26817 8941 13978
8941 13978 26817
6786 14475 19498
19498 6786 14475
14475 6786 19498
18904 19242 24592
24592 18904 19242
19242 18904 24592
22470 14833 25928
25928 14833 22470
14833 22470 25928
12996 11487 26933
26933 11487 12996
11487 12996 26933
13571 15391 18850
15391 13571 18850
18850 13571 15391
14841 13356 17921
13356 14841 17921
17921 13356 14841
7413 21549 27663
21549 7413 27663
27663 7413 21549
18642 5225 13532
13532 5225 18642
5225 13532 18642
26962 9644 16232
9644 16232 26962
16232 9644 26962
5394 9059 18645
18645 5394 9059
9059 5394 18645
4803 8395 27434
27434 4803 8395
8395 4803 27434
27172 19987 26300
19987 26300 27172
26300 19987 27172
29309 2554 27488
2554 27488 29309
27488 2554 29309
4542 11850 23487
11850 4542 23487
23487 4542 11850
17987 8135 21404
21404 8135 17987
8135 17987 21404
4718 11127 23987
11127 4718 23987
23987 4718 11127
29466 14538 20689
20689 14538 29466
14538 20689 29466
1384 375 16534
375 1384 16534
16534 375 1384
21088 19677 19841
19841 19677 21088
19677 19841 21088
10070 18190 26587
26587 10070 18190
18190 10070 26587
29123 11831 15296
11831 15296 29123
15296 11831 29123
15813 395 26400
395 15813 26400
26400 395 15813
13170 9870 20848
9870 13170 20848
20848 9870 13170
24084 22989 29166
22989 24084 29166
29166 22989 24084
10938 10695 21040
10695 10938 21040
21040 10695 10938
3035 1956 15157
1956 3035 15157
15157 1956 3035
27703 9097 20670
20670 9097 27703
9097 20670 27703
21326 227 14445
14445 227 21326
227 14445 21326
22168 23128 23431
23128 22168 23431
23431 22168 23128
26771 8472 15928
15928 8472 26771
8472 15928 26771
28935 26668 27809
27809 26668 28935
26668 27809 28935
2778 4280 14631
14631 2778 4280
4280 2778 14631
26394 7403 10008
7403 10008 26394
10008 7403 26394
7293 7980 11160
7980 7293 11160
11160 7293 7980
28848 21239 22227
22227 21239 28848
21239 22227 28848
18754 15191 22903
22903 15191 18754
15191 18754 22903
26693 7830 25475
7830 25475 26693
25475 7830 26693
1249 11005 19652
19652 1249 11005
11005 1249 19652
15859 169 2217
2217 169 15859
169 2217 15859
19187 6460 17252
6460 17252 19187
17252 6460 19187
1115 7417 25287
7417 1115 25287
25287 1115 7417
17249 16237 24551
16237 17249 24551
24551 16237 17249
27798 4391 25953
4391 25953 27798
25953 4391 27798
5540 2064 17858
2064 5540 17858
17858 2064 5540
10379 17360 23579
17360 10379 23579
23579 10379 17360
26504 13431 28453
13431 26504 28453
28453 13431 26504
16981 10475 17807
17807 10475 16981
10475 16981 17807
27999 3817 23613
3817 23613 27999
23613 3817 27999
2448 10152 21511
21511 2448 10152
10152 2448 21511
9562 3311 15901
3311 9562 15901
15901 3311 9562
22536 20381 21506
21506 20381 22536
20381 21506 22536
8985 3101 4928
3101 4928 8985
4928 3101 8985
5861 7840 24581
7840 5861 24581
24581 5861 7840
12251 6574 9867
9867 6574 12251
6574 9867 12251
16501 2180 28519
28519 2180 16501
2180 16501 28519
19539 16727 17017
17017 16727 19539
16727 17017 19539
28463 3394 22191
22191 3394 28463
3394 22191 28463
7016 20146 21225
21225 7016 20146
20146 7016 21225
13472 8502 25175
8502 13472 25175
25175 8502 13472
28490 2936 13018
2936 13018 28490
13018 2936 28490
23344 20925 22968
20925 22968 23344
22968 20925 23344
14097 8383 17182
8383 14097 17182
17182 8383 14097
16211 2817 26420
2817 16211 26420
26420 2817 16211
4244 13469 25137
25137 4244 13469
13469 4244 25137
20723 9711 24589
24589 9711 20723
9711 20723 24589
8282 4864 17089
17089 4864 8282
4864 8282 17089
17038 10849 23139
23139 10849 17038
10849 17038 23139
15426 8131 8376
8376 8131 15426
8131 8376 15426
20249 5964 6644
5964 6644 20249
6644 5964 20249
21176 8247 16124
16124 8247 21176
8247 16124 21176
10061 18455 21653
18455 10061 21653
21653 10061 18455
2561 5127 7075
5127 2561 7075
7075 2561 5127
28256 10491 26345
26345 10491 28256
10491 26345 28256
14999 1783 16075
1783 14999 16075
16075 1783 14999
4401 12732 24151
12732 4401 24151
24151 4401 12732
15831 915 19288
915 15831 19288
19288 915 15831
21695 2802 23059
2802 21695 23059
23059 2802 21695
27329 6864 24481
24481 6864 27329
6864 24481 27329
12631 18341 24792
24792 12631 18341
18341 12631 24792
18035 488 28646
488 18035 28646
28646 488 18035
1609 18488 23438
23438 1609 18488
18488 1609 23438
829 21554 28672
21554 829 28672
28672 829 21554
8401 10999 24303
24303 8401 10999
10999 8401 24303
28241 93 16332
93 16332 28241
16332 93 28241
27705 4895 24788
4895 24788 27705
24788 4895 27705
7764 6411 8145
6411 7764 8145
8145 6411 7764
26172 16333 21995
16333 21995 26172
21995 16333 26172
25811 9191 13392
13392 9191 25811
9191 13392 25811
13156 4934 11888
11888 4934 13156
4934 11888 13156
4876 6264 24213
24213 4876 6264
6264 4876 24213
19752 26548 29190
29190 19752 26548
26548 19752 29190
17121 13908 22166
22166 13908 17121
13908 17121 22166
19359 10796 18756
10796 18756 19359
18756 10796 19359
29794 1321 12256
1321 12256 29794
12256 1321 29794
9954 19701 23420
19701 9954 23420
23420 9954 19701
10526 10809 27689
10809 10526 27689
27689 10526 10809
7197 1407 7300
1407 7197 7300
7300 1407 7197
1057 21401 24635
21401 1057 24635
24635 1057 21401
2751 24154 25518
25518 2751 24154
24154 2751 25518
8242 22566 24440
22566 8242 24440
24440 8242 22566
20830 5381 12344
12344 5381 20830
5381 12344 20830
1348 989 24122
24122 989 1348
989 1348 24122
16285 12369 28511
12369 16285 28511
28511 12369 16285
17518 24451 26760
26760 17518 24451
24451 17518 26760
15294 18755 27151
18755 15294 27151
27151 15294 18755
5491 17736 18431
17736 5491 18431
18431 5491 17736
4822 20346 20635
20346 4822 20635
20635 4822 20346
14892 3262 23554
23554 3262 14892
3262 14892 23554
19203 7092 24576
7092 19203 24576
24576 7092 19203
18600 2272 7781
7781 2272 18600
2272 7781 18600
11152 22692 27215
22692 11152 27215
27215 11152 22692
16753 14748 23617
23617 14748 16753
14748 16753 23617
10093 746 18585
18585 746 10093
746 10093 18585
4500 14292 27165
27165 4500 14292
14292 4500 27165
3743 12904 21571
21571 3743 12904
12904 3743 21571
22941 23896 27628
27628 22941 23896
23896 22941 27628
12695 17866 20143
17866 12695 20143
20143 12695 17866
6080 14326 21968
14326 6080 21968
21968 6080 14326
21419 165 28591
165 21419 28591
28591 165 21419
16443 14270 29473
29473 14270 16443
14270 16443 29473
5942 11980 15187
15187 5942 11980
11980 5942 15187
8400 2922 3044
2922 3044 8400
3044 2922 8400
21431 12907 19746
12907 19746 21431
19746 12907 21431
9365 9656 29763
9656 9365 29763
29763 9365 9656
29738 9700 17339
17339 9700 29738
9700 17339 29738
13341 9582 29669
9582 13341 29669
29669 9582 13341
2294 12303 19881
12303 2294 19881
19881 2294 12303
17967 9211 9427
9427 9211 17967
9211 9427 17967
11768 11964 19363
11964 11768 19363
19363 11768 11964
17297 26644 26707
26644 17297 26707
26707 17297 26644
20459 2278 23126
23126 2278 20459
2278 20459 23126
25429 15318 27513
15318 25429 27513
27513 15318 25429
5108 24776 27196
24776 5108 27196
27196 5108 24776
13930 6715 24763
24763 6715 13930
6715 13930 24763
17746 14101 28328
14101 17746 28328
28328 14101 17746
11886 17482 25890
25890 11886 17482
17482 11886 25890
12526 2968 8322
