11900 8509 11015
8509 11015 11900
11015 8509 11900
1316 6044 11884
6044 1316 11884
11884 1316 6044
9245 5170 9171
5170 9171 9245
9171 5170 9245
7737 9803 13844
9803 7737 13844
13844 7737 9803
7033 10683 10993
10683 7033 10993
10993 7033 10683
12890 12228 13048
13048 12228 12890
12228 12890 13048
10620 242 2629
2629 242 10620
242 2629 10620
11021 1779 12505
12505 1779 11021
1779 11021 12505
6726 2221 7685
2221 6726 7685
7685 2221 6726
10256 2250 13727
13727 2250 10256
2250 10256 13727
4118 2777 10253
10253 2777 4118
2777 4118 10253
11342 7266 14133
7266 11342 14133
14133 7266 11342
6500 322 4242
322 4242 6500
4242 322 6500
8130 2890 8490
2890 8130 8490
8490 2890 8130
13437 3043 12342
12342 3043 13437
3043 12342 13437
7862 5243 10392
10392 5243 7862
5243 7862 10392
7497 7660 9127
9127 7497 7660
7660 7497 9127
311 6014 7598
6014 311 7598
7598 311 6014
8076 259 9356
9356 259 8076
259 8076 9356
5308 2517 9062
9062 2517 5308
2517 5308 9062
7760 2652 14796
14796 2652 7760
2652 7760 14796
11217 1806 13807
1806 11217 13807
13807 1806 11217
583 470 1438
1438 470 583
470 583 1438
11550 2589 2844
2844 2589 11550
2589 2844 11550
62 4832 8645
4832 62 8645
8645 62 4832
7353 2670 9174
9174 2670 7353
2670 7353 9174
3503 10669 14896
14896 3503 10669
10669 3503 14896
13253 7968 14716
14716 7968 13253
7968 13253 14716
5777 8137 9692
9692 5777 8137
8137 5777 9692
3143 1654 12334
1654 3143 12334
12334 1654 3143
1422 5153 9616
5153 1422 9616
9616 1422 5153
13035 12329 12584
12329 12584 13035
12584 12329 13035
4849 1878 3144
1878 3144 4849
3144 1878 4849
3801 307 13955
307 3801 13955
13955 307 3801
11640 10095 13393
13393 10095 11640
10095 11640 13393
954 3575 6572
6572 954 3575
3575 954 6572
3895 132 14418
132 3895 14418
14418 132 3895
3319 508 4475
4475 508 3319
508 3319 4475
11311 12156 14615
14615 11311 12156
12156 11311 14615
10691 9438 14034
14034 9438 10691
9438 10691 14034
9224 8184 13778
8184 9224 13778
13778 8184 9224
11627 419 6389
6389 419 11627
419 6389 11627
11654 8900 9214
9214 8900 11654
8900 9214 11654
6011 6204 14650
6204 6011 14650
14650 6011 6204
5581 2136 2149
2149 2136 5581
2136 2149 5581
8932 7870 8499
8499 7870 8932
7870 8499 8932
13264 5342 8030
5342 8030 13264
8030 5342 13264
12006 9028 9301
9301 9028 12006
9028 9301 12006
10177 4546 11495
4546 10177 11495
11495 4546 10177
8105 302 12621
12621 302 8105
302 8105 12621
9399 7480 14837
14837 7480 9399
7480 9399 14837
14567 7640 11955
7640 11955 14567
11955 7640 14567
1341 6108 7442
6108 1341 7442
7442 1341 6108
447 865 909
909 447 865
865 447 909
14877 3105 6380
3105 6380 14877
6380 3105 14877
1041 7620 8844
8844 1041 7620
7620 1041 8844
3338 9530 13189
9530 3338 13189
13189 3338 9530
6202 3004 3466
3466 3004 6202
3004 3466 6202
8324 1943 5870
1943 5870 8324
5870 1943 8324
14061 5207 12128
12128 5207 14061
5207 12128 14061
12381 10546 12503
10546 12381 12503
12503 10546 12381
8636 13818 14576
14576 8636 13818
13818 8636 14576
14815 4274 14678
4274 14678 14815
14678 4274 14815
10657 2211 10223
2211 10223 10657
10223 2211 10657
5467 2355 13514
13514 2355 5467
2355 5467 13514
4414 2727 11088
11088 2727 4414
2727 4414 11088
11241 12464 14689
14689 11241 12464
12464 11241 14689
8618 6605 10988
10988 6605 8618
6605 8618 10988
13506 1190 7235
7235 1190 13506
1190 7235 13506
10569 6393 14872
6393 10569 14872
14872 6393 10569
383 13368 14188
14188 383 13368
13368 383 14188
7671 9480 12066
9480 7671 12066
12066 7671 9480
5978 4037 8784
4037 5978 8784
8784 4037 5978
3444 1989 9929
9929 1989 3444
1989 3444 9929
3459 8401 9928
9928 3459 8401
8401 3459 9928
7667 353 1646
1646 353 7667
353 1646 7667
369 1868 7541
7541 369 1868
1868 369 7541
5105 7918 14893
14893 5105 7918
7918 5105 14893
7666 10806 12430
10806 7666 12430
12430 7666 10806
9446 12707 14451
14451 9446 12707
12707 9446 14451
3619 9806 13938
13938 3619 9806
9806 3619 13938
12487 873 4898
873 4898 12487
4898 873 12487
2233 2049 14978
14978 2049 2233
2049 2233 14978
2486 427 14014
14014 427 2486
427 2486 14014
12970 5286 14534
5286 12970 14534
14534 5286 12970
9021 5416 11606
5416 9021 11606
11606 5416 9021
10483 1442 13327
1442 10483 13327
13327 1442 10483
4181 4737 14975
4737 4181 14975
14975 4181 4737
7973 8759 12573
12573 7973 8759
8759 7973 12573
4458 2422 4286
2422 4286 4458
4286 2422 4458
1161 2561 4218
4218 1161 2561
2561 1161 4218
14519 4335 10906
10906 4335 14519
4335 10906 14519
9732 13338 14163
14163 9732 13338
13338 9732 14163
3907 9162 11168
9162 3907 11168
11168 3907 9162
14335 3930 5005
5005 3930 14335
3930 5005 14335
5596 6686 12229
12229 5596 6686
6686 5596 12229
12178 2264 9730
9730 2264 12178
2264 9730 12178
4908 1221 14881
1221 4908 14881
14881 1221 4908
13457 2695 4681
4681 2695 13457
2695 4681 13457
11284 650 1408
650 1408 11284
1408 650 11284
12663 4965 10484
4965 10484 12663
10484 4965 12663
11973 3681 11788
3681 11788 11973
11788 3681 11973
8055 961 3231
3231 961 8055
961 3231 8055
12311 6716 6840
6716 6840 12311
6840 6716 12311
1359 8516 8642
8642 1359 8516
8516 1359 8642
1721 5641 7096
5641 1721 7096
7096 1721 5641
3478 4807 12458
12458 3478 4807
4807 3478 12458
6459 3762 4038
3762 4038 6459
4038 3762 6459
5201 4515 11237
4515 5201 11237
11237 4515 5201
11864 4135 14777
4135 11864 14777
14777 4135 11864
10381 3381 5674
5674 3381 10381
3381 5674 10381
14867 4327 13983
13983 4327 14867
4327 13983 14867
7913 2151 5297
5297 2151 7913
2151 5297 7913
2814 2665 8262
8262 2665 2814
2665 2814 8262
6660 11129 11409
11129 6660 11409
11409 6660 11129
9145 6804 12851
6804 9145 12851
12851 6804 9145
4789 12082 12456
12456 4789 12082
12082 4789 12456
8497 1417 13726
1417 8497 13726
13726 1417 8497
2947 826 7776
7776 826 2947
826 2947 7776
2027 1358 2088
1358 2027 2088
2088 1358 2027
3245 8691 10055
10055 3245 8691
8691 3245 10055
6042 3570 7448
3570 6042 7448
7448 3570 6042
1243 1998 7224
1998 1243 7224
7224 1243 1998
5307 1519 12778
12778 1519 5307
1519 5307 12778
14653 4455 13548
4455 13548 14653
13548 4455 14653
13377 5656 14780
5656 13377 14780
14780 5656 13377
4740 12992 13196
12992 4740 13196
13196 4740 12992
9760 2922 12806
2922 9760 12806
12806 2922 9760
7533 8552 14153
14153 7533 8552
8552 7533 14153
155 6253 14571
6253 155 14571
14571 155 6253
6115 7678 13371
7678 6115 13371
13371 6115 7678
13728 3012 5762
3012 5762 13728
5762 3012 13728
14389 6860 10860
10860 6860 14389
6860 10860 14389
6001 10019 13953
10019 6001 13953
13953 6001 10019
6454 7432 8016
8016 6454 7432
7432 6454 8016
8263 2032 13195
13195 2032 8263
2032 8263 13195
14292 6038 6816
6816 6038 14292
6038 6816 14292
9195 412 896
412 896 9195
896 412 9195
14974 10822 14501
10822 14501 14974
14501 10822 14974
14021 5993 14121
5993 14021 14121
14121 5993 14021
5809 3230 7547
7547 3230 5809
3230 5809 7547
9329 13529 14550
14550 9329 13529
13529 9329 14550
8853 13038 13528
13038 8853 13528
13528 8853 13038
5564 3009 7047
3009 5564 7047
7047 3009 5564
5079 229 12182
12182 229 5079
229 5079 12182
3240 1390 12335
1390 3240 12335
12335 1390 3240
13561 533 5979
5979 533 13561
533 5979 13561
3094 6578 8182
8182 3094 6578
6578 3094 8182
14066 3492 10499
10499 3492 14066
3492 10499 14066
3724 3634 11310
3634 3724 11310
11310 3634 3724
8993 714 12093
714 8993 12093
12093 714 8993
14614 4879 8616
8616 4879 14614
4879 8616 14614
6285 7658 8028
7658 6285 8028
8028 6285 7658
5392 1253 10892
1253 5392 10892
10892 1253 5392
7017 7225 8988
7225 7017 8988
8988 7017 7225
8004 567 2334
567 2334 8004
2334 567 8004
7984 4514 12232
12232 4514 7984
4514 7984 12232
14136 2397 6453
6453 2397 14136
2397 6453 14136
1657 46 3307
46 1657 3307
3307 46 1657
9772 3357 9720
3357 9720 9772
9720 3357 9772
4477 1595 13885
13885 1595 4477
1595 4477 13885
817 4402 12581
12581 817 4402
4402 817 12581
267 124 4624
124 267 4624
4624 124 267
1312 6916 12643
6916 1312 12643
12643 1312 6916
11519 11261 11382
11261 11382 11519
11382 11261 11519
550 932 13978
932 550 13978
13978 550 932
9549 6128 13764
6128 9549 13764
13764 6128 9549
7822 6967 10720
6967 7822 10720
10720 6967 7822
1289 10216 14390
14390 1289 10216
10216 1289 14390
1947 6471 10375
6471 1947 10375
10375 1947 6471
11139 9547 13316
13316 9547 11139
9547 11139 13316
11181 6359 10307
10307 6359 11181
6359 10307 11181
154 6910 14224
6910 154 14224
14224 154 6910
5693 5172 9371
5172 5693 9371
9371 5172 5693
8235 4138 13127
13127 4138 8235
4138 8235 13127
4047 6541 7657
7657 4047 6541
6541 4047 7657
7648 7118 13766
7118 7648 13766
13766 7118 7648
10718 1110 8374
1110 8374 10718
8374 1110 10718
10888 13894 14417
14417 10888 13894
13894 10888 14417
10842 2346 9676
9676 2346 10842
2346 9676 10842
9040 763 3197
3197 763 9040
763 3197 9040
6966 717 4469
717 4469 6966
4469 717 6966
2209 4851 14533
14533 2209 4851
4851 2209 14533
14415 9455 10951
9455 10951 14415
10951 9455 14415
1515 14056 14759
14759 1515 14056
14056 1515 14759
1545 7561 9903
7561 1545 9903
9903 1545 7561
4048 2235 8905
8905 2235 4048
2235 4048 8905
355 374 7358
7358 355 374
374 355 7358
2730 3469 14422
14422 2730 3469
3469 2730 14422
6311 6962 14114
6962 6311 14114
14114 6311 6962
12465 5376 14729
14729 5376 12465
5376 12465 14729
744 3362 11583
11583 744 3362
3362 744 11583
1002 1369 5968
1369 1002 5968
5968 1002 1369
11326 7425 8309
8309 7425 11326
7425 8309 11326
14062 3499 6951
6951 3499 14062
3499 6951 14062
6440 6211 6360
6211 6360 6440
6360 6211 6440
12045 5801 9447
5801 9447 12045
9447 5801 12045
8293 10788 11563
10788 8293 11563
11563 8293 10788
12839 2121 4206
4206 2121 12839
2121 4206 12839
1647 7245 9808
9808 1647 7245
7245 1647 9808
8450 7655 8489
8489 7655 8450
7655 8450 8489
4234 4556 7375
4556 4234 7375
7375 4234 4556
1152 9330 13489
9330 1152 13489
13489 1152 9330
10311 2272 5102
2272 5102 10311
5102 2272 10311
1463 1434 3653
1434 1463 3653
3653 1434 1463
9212 2404 5274
5274 2404 9212
2404 5274 9212
14996 4231 5942
5942 4231 14996
4231 5942 14996
2487 4722 6457
4722 2487 6457
6457 2487 4722
553 10069 13461
13461 553 10069
10069 553 13461
12260 3435 4113
4113 3435 12260
3435 4113 12260
9734 1147 6900
6900 1147 9734
1147 6900 9734
13605 13020 13244
13020 13244 13605
13244 13020 13605
6004 4373 13672
13672 4373 6004
4373 6004 13672
13908 1830 14429
14429 1830 13908
1830 13908 14429
12753 4754 12162
4754 12162 12753
12162 4754 12753
3010 13102 13138
13102 3010 13138
13138 3010 13102
12886 8887 13062
13062 8887 12886
8887 12886 13062
3877 204 11419
204 3877 11419
11419 204 3877
1042 457 10313
10313 457 1042
457 1042 10313
3209 1886 7112
1886 3209 7112
7112 1886 3209
5604 843 9483
9483 843 5604
843 5604 9483
10946 5748 10624
10624 5748 10946
5748 10624 10946
8573 9232 12351
9232 8573 12351
12351 8573 9232
10936 13026 14337
13026 10936 14337
14337 10936 13026
10293 11981 12555
12555 10293 11981
11981 10293 12555
14925 25 6895
25 6895 14925
6895 25 14925
10805 7208 7403
7403 7208 10805
7208 7403 10805
5359 9134 12924
9134 5359 12924
12924 5359 9134
3489 5319 14968
5319 3489 14968
14968 3489 5319
13907 3674 3858
3858 3674 13907
3674 3858 13907
5871 1772 5444
5444 1772 5871
1772 5444 5871
1345 2407 14372
2407 1345 14372
14372 1345 2407
4701 429 7944
429 4701 7944
7944 429 4701
3628 2050 9339
2050 3628 9339
9339 2050 3628
6569 1349 5628
1349 5628 6569
5628 1349 6569
14570 3001 7133
3001 7133 14570
7133 3001 14570
5246 6665 10781
6665 5246 10781
10781 5246 6665
11794 10786 12536
12536 10786 11794
10786 11794 12536
11260 7764 8783
8783 7764 11260
7764 8783 11260
12009 370 6316
370 6316 12009
6316 370 12009
12144 9886 10562
10562 9886 12144
9886 10562 12144
5550 10218 10821
10218 5550 10821
10821 5550 10218
3742 9544 13674
9544 3742 13674
13674 3742 9544
2906 119 9287
9287 119 2906
119 2906 9287
12195 156 13535
13535 156 12195
156 12195 13535
212 700 5552
700 212 5552
5552 212 700
3349 8510 9391
9391 3349 8510
8510 3349 9391
3356 4777 7462
4777 3356 7462
7462 3356 4777
12678 2568 4164
4164 2568 12678
2568 4164 12678
12210 7758 8836
8836 7758 12210
7758 8836 12210
13024 947 13379
947 13024 13379
13379 947 13024
12986 4713 11096
4713 11096 12986
11096 4713 12986
3614 9945 11924
11924 3614 9945
9945 3614 11924
708 5988 12457
5988 708 12457
12457 708 5988
848 3933 5669
3933 848 5669
5669 848 3933
5876 741 14199
14199 741 5876
741 5876 14199
816 7414 8895
7414 816 8895
8895 816 7414
57 380 4651
4651 57 380
380 57 4651
7940 6769 12249
6769 7940 12249
12249 6769 7940
13813 720 2837
720 2837 13813
2837 720 13813
1001 525 3494
3494 525 1001
525 1001 3494
9792 3894 4755
3894 4755 9792
4755 3894 9792
10868 9282 14424
9282 10868 14424
14424 9282 10868
11539 9893 13310
13310 9893 11539
9893 11539 13310
254 3814 4690
4690 254 3814
3814 254 4690
9907 7790 10591
7790 9907 10591
10591 7790 9907
7176 2417 9515
2417 7176 9515
9515 2417 7176
6369 426 8462
426 6369 8462
8462 426 6369
9588 4952 9956
9956 4952 9588
4952 9588 9956
12415 7832 11248
7832 11248 12415
11248 7832 12415
10756 1129 6927
1129 6927 10756
6927 1129 10756
14169 4553 8150
8150 4553 14169
4553 8150 14169
13111 153 12289
12289 153 13111
153 12289 13111
3698 4326 4591
4326 3698 4591
4591 3698 4326
1730 490 2924
490 1730 2924
2924 490 1730
14864 85 3302
85 3302 14864
3302 85 14864
11169 7101 7838
7101 7838 11169
7838 7101 11169
13541 1877 3957
1877 3957 13541
3957 1877 13541
6113 11226 11692
11692 6113 11226
11226 6113 11692
8826 6948 8557
8557 6948 8826
6948 8557 8826
10654 7795 8306
7795 8306 10654
8306 7795 10654
13108 1959 11149
11149 1959 13108
1959 11149 13108
7408 1471 13229
13229 1471 7408
1471 7408 13229
12550 1102 3660
1102 3660 12550
3660 1102 12550
8107 1365 13881
13881 1365 8107
1365 8107 13881
6297 325 10833
325 6297 10833
10833 325 6297
5389 3415 11412
11412 3415 5389
3415 5389 11412
14556 1229 13088
13088 1229 14556
1229 13088 14556
3705 1534 13574
1534 3705 13574
13574 1534 3705
9364 2878 7454
7454 2878 9364
2878 7454 9364
892 9496 12892
12892 892 9496
9496 892 12892
11922 1 1643
1643 1 11922
1 1643 11922
3767 2518 13828
2518 3767 13828
13828 2518 3767
9737 5671 6236
5671 6236 9737
6236 5671 9737
13342 1304 1585
1585 1304 13342
1304 1585 13342
7839 4237 6719
4237 6719 7839
6719 4237 7839
3931 1679 10045
1679 3931 10045
10045 1679 3931
5500 1750 4901
1750 4901 5500
4901 1750 5500
5018 5288 6718
5288 5018 6718
6718 5018 5288
11747 4632 10228
10228 4632 11747
4632 10228 11747
9101 7512 9650
9650 7512 9101
7512 9101 9650
4069 4484 7516
4484 4069 7516
7516 4069 4484
9579 1224 4262
4262 1224 9579
1224 4262 9579
2728 6848 13799
6848 2728 13799
13799 2728 6848
14638 308 2270
308 2270 14638
2270 308 14638
4107 977 6926
6926 977 4107
977 4107 6926
9938 8880 10976
8880 9938 10976
10976 8880 9938
11722 5530 13439
5530 11722 13439
13439 5530 11722
5765 1965 11104
11104 1965 5765
1965 5765 11104
3893 10270 12113
12113 3893 10270
10270 3893 12113
9894 2801 9074
2801 9074 9894
9074 2801 9894
5706 3573 6104
6104 3573 5706
3573 5706 6104
47 9152 10257
10257 47 9152
9152 47 10257
10622 8965 12250
8965 10622 12250
12250 8965 10622
8158 9400 10011
10011 8158 9400
9400 8158 10011
14072 11849 14657
11849 14072 14657
14657 11849 14072
11930 6372 7938
6372 7938 11930
7938 6372 11930
6851 9129 12284
12284 6851 9129
9129 6851 12284
11010 11039 11637
11039 11010 11637
11637 11010 11039
7128 3213 9294
9294 3213 7128
3213 7128 9294
327 3627 4923
4923 327 3627
3627 327 4923
7602 5648 12428
12428 5648 7602
5648 7602 12428
1036 10301 13579
10301 1036 13579
13579 1036 10301
12350 9048 14557
9048 12350 14557
14557 9048 12350
14448 7039 13829
13829 7039 14448
7039 13829 14448
5868 2118 6200
2118 5868 6200
6200 2118 5868
5047 10625 12165
10625 5047 12165
12165 5047 10625
9012 6579 13121
6579 9012 13121
13121 6579 9012
12748 8858 8914
8914 8858 12748
8858 8914 12748
9672 8996 14903
14903 8996 9672
8996 9672 14903
1292 361 8050
8050 361 1292
361 1292 8050
1049 11074 13394
11074 1049 13394
13394 1049 11074
13359 9973 10876
9973 10876 13359
10876 9973 13359
4336 8504 10038
10038 4336 8504
8504 4336 10038
1621 5991 9083
9083 1621 5991
5991 1621 9083
1749 747 11117
11117 747 1749
747 1749 11117
10672 497 10523
10523 497 10672
497 10523 10672
10713 3833 7900
7900 3833 10713
3833 7900 10713
4584 4454 6312
6312 4454 4584
4454 4584 6312
795 2363 2899
2899 795 2363
2363 795 2899
12474 7495 8301
8301 7495 12474
7495 8301 12474
770 1681 1991
1991 770 1681
1681 770 1991
6543 3769 9654
3769 6543 9654
9654 3769 6543
14164 4411 13197
4411 13197 14164
13197 4411 14164
4392 1896 9575
1896 4392 9575
9575 1896 4392
12388 10732 14222
14222 10732 12388
10732 12388 14222
5592 2020 2991
2991 2020 5592
2020 2991 5592
1078 2044 4115
2044 1078 4115
4115 1078 2044
3546 2646 6885
6885 2646 3546
2646 3546 6885
11557 3274 11185
3274 11185 11557
11185 3274 11557
3577 2393 5466
5466 2393 3577
2393 3577 5466
6863 2638 12702
2638 6863 12702
12702 2638 6863
11297 2749 7963
2749 7963 11297
7963 2749 11297
1767 1280 5909
5909 1280 1767
1280 1767 5909
14809 5538 11642
11642 5538 14809
5538 11642 14809
13703 1556 9366
9366 1556 13703
1556 9366 13703
815 3113 11472
11472 815 3113
3113 815 11472
11184 8187 8807
8187 8807 11184
8807 8187 11184
4519 12952 14543
14543 4519 12952
12952 4519 14543
1576 5469 6778
6778 1576 5469
5469 1576 6778
5213 7104 10217
10217 5213 7104
7104 5213 10217
8877 4340 10059
4340 8877 10059
10059 4340 8877
5739 8008 14262
14262 5739 8008
8008 5739 14262
6713 6263 7871
7871 6263 6713
6263 6713 7871
12679 8382 13286
13286 8382 12679
8382 12679 13286
12807 7074 12772
12772 7074 12807
7074 12772 12807
1498 3956 10467
10467 1498 3956
3956 1498 10467
8596 3373 10810
10810 3373 8596
3373 8596 10810
9142 8152 10372
10372 8152 9142
8152 9142 10372
678 10053 11486
11486 678 10053
10053 678 11486
13754 4533 10150
4533 10150 13754
10150 4533 13754
5736 2798 3947
2798 3947 5736
3947 2798 5736
227 5803 11064
5803 227 11064
11064 227 5803
1236 1017 12271
1017 1236 12271
12271 1017 1236
5382 4352 6088
4352 5382 6088
6088 4352 5382
2154 7175 7379
7175 2154 7379
7379 2154 7175
8706 6972 8022
6972 8022 8706
8022 6972 8706
7746 11805 13460
11805 7746 13460
13460 7746 11805
1019 13178 13942
13178 1019 13942
13942 1019 13178
3513 7284 10992
10992 3513 7284
7284 3513 10992
10574 7628 8790
8790 7628 10574
7628 8790 10574
1514 1046 11618
11618 1046 1514
1046 1514 11618
4239 8590 14930
14930 4239 8590
8590 4239 14930
12300 13293 13466
13293 12300 13466
13466 12300 13293
6478 6765 9437
9437 6478 6765
6765 6478 9437
6470 11842 12774
12774 6470 11842
11842 6470 12774
6797 3464 6903
6903 3464 6797
3464 6797 6903
13731 918 11860
11860 918 13731
918 11860 13731
12595 81 11186
11186 81 12595
81 11186 12595
12783 3095 6142
3095 6142 12783
6142 3095 12783
10653 6570 13147
13147 6570 10653
6570 10653 13147
10080 1090 2528
2528 1090 10080
1090 2528 10080
6979 596 628
596 628 6979
628 596 6979
604 289 6429
6429 289 604
289 604 6429
12855 11533 13456
13456 11533 12855
11533 12855 13456
9682 3576 6969
6969 3576 9682
3576 6969 9682
9460 3058 14246
14246 3058 9460
3058 9460 14246
6414 7780 9314
9314 6414 7780
7780 6414 9314
1560 12948 14839
12948 1560 14839
14839 1560 12948
12951 857 3166
857 3166 12951
3166 857 12951
12124 12672 13863
13863 12124 12672
12672 12124 13863
12695 9124 14265
9124 12695 14265
14265 9124 12695
7612 8206 9136
8206 7612 9136
9136 7612 8206
3874 1013 12646
1013 3874 12646
12646 1013 3874
13739 6603 12864
6603 12864 13739
12864 6603 13739
201 1121 1362
1121 201 1362
1362 201 1121
5582 729 13455
729 5582 13455
13455 729 5582
10961 10099 11655
11655 10099 10961
10099 10961 11655
6698 12966 13748
12966 6698 13748
13748 6698 12966
6217 1807 2356
1807 2356 6217
2356 1807 6217
2165 2461 12701
12701 2165 2461
2461 2165 12701
5844 7048 14983
14983 5844 7048
7048 5844 14983
351 8825 12927
12927 351 8825
8825 351 12927
8704 3688 3733
3733 3688 8704
3688 3733 8704
13356 9337 12847
9337 12847 13356
12847 9337 13356
9856 11085 14598
14598 9856 11085
11085 9856 14598
2006 8660 11366
8660 2006 11366
11366 2006 8660
5485 4880 12909
4880 5485 12909
12909 4880 5485
3797 5461 7751
5461 3797 7751
7751 3797 5461
953 629 11783
11783 629 953
629 953 11783
14156 443 6915
6915 443 14156
443 6915 14156
14425 1483 5898
5898 1483 14425
1483 5898 14425
4918 4324 8240
4324 4918 8240
8240 4324 4918
1297 36 4834
36 1297 4834
4834 36 1297
9570 1052 11941
11941 1052 9570
1052 9570 11941
7574 9082 9994
9994 7574 9082
9082 7574 9994
12142 9531 12620
12620 9531 12142
9531 12142 12620
13358 10578 14497
14497 10578 13358
10578 13358 14497
9351 4953 11095
4953 9351 11095
11095 4953 9351
535 8204 11602
8204 535 11602
11602 535 8204
12303 15 7931
7931 15 12303
15 7931 12303
8952 595 6157
6157 595 8952
595 6157 8952
7087 3903 6051
3903 6051 7087
6051 3903 7087
4333 9498 13374
13374 4333 9498
9498 4333 13374
3837 3216 6646
6646 3216 3837
3216 3837 6646
13512 3807 7982
7982 3807 13512
3807 7982 13512
2939 9340 12273
12273 2939 9340
9340 2939 12273
2375 5616 12497
12497 2375 5616
5616 2375 12497
12016 4478 14369
4478 12016 14369
14369 4478 12016
10062 3586 8463
3586 8463 10062
8463 3586 10062
13814 4819 9158
4819 9158 13814
9158 4819 13814
13049 8915 12219
12219 8915 13049
8915 12219 13049
13681 864 12226
864 12226 13681
12226 864 13681
10274 9220 11700
11700 9220 10274
9220 10274 11700
10626 3041 6849
3041 6849 10626
6849 3041 10626
10696 1350 10146
1350 10146 10696
10146 1350 10696
12264 4618 8473
8473 4618 12264
4618 8473 12264
6855 360 4067
360 4067 6855
4067 360 6855
10348 7122 11695
7122 10348 11695
11695 7122 10348
14210 3776 6185
3776 6185 14210
6185 3776 14210
10855 4285 10459
4285 10459 10855
10459 4285 10855
11130 3899 8621
8621 3899 11130
3899 8621 11130
8535 6315 13443
6315 8535 13443
13443 6315 8535
14084 4095 14701
14701 4095 14084
4095 14084 14701
11400 468 2760
468 2760 11400
2760 468 11400
2831 6186 7673
7673 2831 6186
6186 2831 7673
6260 7303 10974
10974 6260 7303
7303 6260 10974
5435 6762 9513
9513 5435 6762
6762 5435 9513
14593 5620 6914
6914 5620 14593
5620 6914 14593
6355 245 636
245 636 6355
636 245 6355
13030 845 1070
1070 845 13030
845 1070 13030
6601 7792 12881
7792 6601 12881
12881 6601 7792
7791 6092 9921
9921 6092 7791
6092 7791 9921
9753 2348 7065
2348 7065 9753
7065 2348 9753
862 5749 10134
5749 862 10134
10134 862 5749
8670 1816 14053
14053 1816 8670
1816 8670 14053
2763 1586 3391
1586 2763 3391
3391 1586 2763
4202 266 8531
8531 266 4202
266 4202 8531
381 12899 13037
12899 381 13037
13037 381 12899
4290 7967 9742
9742 4290 7967
7967 4290 9742
2009 4125 13542
4125 2009 13542
13542 2009 4125
13717 4927 13524
4927 13524 13717
13524 4927 13717
3922 7845 9548
7845 3922 9548
9548 3922 7845
4916 6437 7713
7713 4916 6437
6437 4916 7713
5774 4471 8830
4471 5774 8830
8830 4471 5774
13158 8132 12400
8132 12400 13158
12400 8132 13158
7329 11094 12623
12623 7329 11094
11094 7329 12623
7259 7202 12571
12571 7202 7259
7202 7259 12571
6356 745 2353
745 2353 6356
2353 745 6356
11502 8493 12296
12296 8493 11502
8493 11502 12296
12858 2142 11517
2142 11517 12858
11517 2142 12858
14755 10765 12624
10765 12624 14755
12624 10765 14755
4640 2205 12486
12486 2205 4640
2205 4640 12486
2701 7626 9179
7626 2701 9179
9179 2701 7626
4089 755 2031
755 2031 4089
2031 755 4089
10161 2523 5848
2523 5848 10161
5848 2523 10161
13353 3253 8443
8443 3253 13353
3253 8443 13353
9409 8675 14396
8675 9409 14396
14396 8675 9409
4919 669 3211
3211 669 4919
669 3211 4919
9475 4900 8409
8409 4900 9475
4900 8409 9475
2139 907 8713
8713 907 2139
907 2139 8713
109 2918 3109
3109 109 2918
2918 109 3109
11871 5531 9227
5531 9227 11871
9227 5531 11871
11178 3890 4888
3890 4888 11178
4888 3890 11178
10554 5265 8436
5265 8436 10554
8436 5265 10554
4236 6961 8377
6961 4236 8377
8377 4236 6961
1561 7236 13086
13086 1561 7236
7236 1561 13086
2949 1118 9783
1118 2949 9783
9783 1118 2949
14793 3644 10018
10018 3644 14793
3644 10018 14793
4735 4002 13991
4002 4735 13991
13991 4002 4735
7540 2156 10399
10399 2156 7540
2156 7540 10399
7530 992 3532
992 3532 7530
3532 992 7530
1970 7966 14522
7966 1970 14522
14522 1970 7966
2306 1486 3962
1486 2306 3962
3962 1486 2306
7012 10784 12504
12504 7012 10784
10784 7012 12504
4467 4949 10838
10838 4467 4949
4949 4467 10838
2866 6661 8727
8727 2866 6661
6661 2866 8727
761 5093 13427
13427 761 5093
5093 761 13427
9833 1299 14242
1299 9833 14242
14242 1299 9833
2579 8954 13089
13089 2579 8954
8954 2579 13089
11978 9023 13862
9023 11978 13862
13862 9023 11978
11553 10457 11612
11612 10457 11553
10457 11553 11612
13085 1374 14083
14083 1374 13085
1374 13085 14083
7206 1081 7510
7510 1081 7206
1081 7206 7510
2702 2948 12059
12059 2702 2948
2948 2702 12059
13798 8110 10034
10034 8110 13798
8110 10034 13798
329 430 9300
9300 329 430
430 329 9300
2704 11628 13713
13713 2704 11628
11628 2704 13713
6913 1900 8526
1900 6913 8526
8526 1900 6913
352 11571 12313
12313 352 11571
11571 352 12313
11588 1649 2951
1649 2951 11588
2951 1649 11588
9554 1424 5900
1424 5900 9554
5900 1424 9554
11294 2371 6657
6657 2371 11294
2371 6657 11294
9107 1832 9523
1832 9107 9523
9523 1832 9107
3816 2738 8331
2738 3816 8331
8331 2738 3816
4145 1436 7517
7517 1436 4145
1436 4145 7517
10117 9175 14516
14516 9175 10117
9175 10117 14516
126 11883 12630
12630 126 11883
11883 126 12630
2324 1270 12198
12198 1270 2324
1270 2324 12198
14932 1850 14463
1850 14463 14932
14463 1850 14932
4245 6976 13028
13028 4245 6976
6976 4245 13028
392 7289 9122
9122 392 7289
7289 392 9122
13505 11087 13213
13213 11087 13505
11087 13213 13505
580 3147 11635
3147 580 11635
11635 580 3147
940 1223 8088
1223 940 8088
8088 940 1223
2342 6904 9034
6904 2342 9034
9034 2342 6904
9861 5117 8931
5117 8931 9861
8931 5117 9861
1803 4306 11527
11527 1803 4306
4306 1803 11527
5122 247 7078
7078 247 5122
247 5122 7078
8479 10269 14645
14645 8479 10269
10269 8479 14645
1656 106 8879
106 1656 8879
8879 106 1656
7258 7290 10924
7290 7258 10924
10924 7258 7290
14869 724 7288
7288 724 14869
724 7288 14869
333 4617 14668
4617 333 14668
14668 333 4617
14594 2642 13788
2642 13788 14594
13788 2642 14594
1432 4963 9197
4963 1432 9197
9197 1432 4963
3399 2850 8899
2850 3399 8899
8899 2850 3399
11224 2161 11425
11425 2161 11224
2161 11224 11425
14441 1035 9210
1035 9210 14441
9210 1035 14441
13753 4557 10819
10819 4557 13753
4557 10819 13753
2804 11107 13642
13642 2804 11107
11107 2804 13642
12358 12146 13333
12146 12358 13333
13333 12146 12358
13771 929 8253
929 8253 13771
8253 929 13771
8742 10871 14270
14270 8742 10871
10871 8742 14270
2137 902 7691
902 2137 7691
7691 902 2137
6321 821 9302
821 6321 9302
9302 821 6321
14158 64 12439
64 12439 14158
12439 64 14158
14582 5083 6883
5083 6883 14582
6883 5083 14582
9918 11855 13527
13527 9918 11855
11855 9918 13527
7717 7008 10452
7008 7717 10452
10452 7008 7717
6977 10271 13350
10271 6977 13350
13350 6977 10271
2676 3030 8740
3030 2676 8740
8740 2676 3030
4405 418 2256
418 2256 4405
2256 418 4405
12765 10403 13438
13438 10403 12765
10403 12765 13438
1459 2541 10611
10611 1459 2541
2541 1459 10611
12989 121 8445
8445 121 12989
121 8445 12989
9865 1080 13773
13773 1080 9865
1080 9865 13773
13240 10184 10354
10184 10354 13240
10354 10184 13240
1366 377 13269
377 1366 13269
13269 377 1366
5235 4046 14529
14529 4046 5235
4046 5235 14529
122 11837 12111
11837 122 12111
12111 122 11837
3726 10353 14833
10353 3726 14833
14833 3726 10353
7272 2796 8364
2796 7272 8364
8364 2796 7272
5493 4063 5529
4063 5493 5529
5529 4063 5493
8054 237 3504
3504 237 8054
237 3504 8054
491 5068 5923
5068 491 5923
5923 491 5068
10930 10848 11033
10848 10930 11033
11033 10848 10930
8286 8525 14591
8525 8286 14591
14591 8286 8525
12871 2985 9947
9947 2985 12871
2985 9947 12871
1890 3828 10531
3828 1890 10531
10531 1890 3828
8288 2637 9520
2637 8288 9520
9520 2637 8288
5752 7954 11904
11904 5752 7954
7954 5752 11904
4490 6805 7799
7799 4490 6805
6805 4490 7799
2405 164 706
706 164 2405
164 706 2405
5694 9332 14720
9332 5694 14720
14720 5694 9332
12674 1487 9497
1487 9497 12674
9497 1487 12674
14192 1638 8720
1638 8720 14192
8720 1638 14192
14124 50 12475
12475 50 14124
50 12475 14124
20 1018 9088
1018 20 9088
9088 20 1018
11166 1553 12091
12091 1553 11166
1553 11166 12091
4358 9403 10310
10310 4358 9403
9403 4358 10310
13580 6853 13849
13849 6853 13580
6853 13580 13849
270 8156 10596
8156 270 10596
10596 270 8156
10524 3202 3782
3782 3202 10524
3202 3782 10524
14787 5487 14093
14093 5487 14787
5487 14093 14787
9580 6981 9701
9701 6981 9580
6981 9580 9701
10834 1931 5367
1931 5367 10834
5367 1931 10834
12518 8975 13856
13856 8975 12518
8975 12518 13856
100 195 14485
195 100 14485
14485 100 195
14696 3430 9336
3430 9336 14696
9336 3430 14696
13832 10420 11493
11493 10420 13832
10420 11493 13832
11789 10969 11810
11810 10969 11789
10969 11789 11810
556 3317 8619
3317 556 8619
8619 556 3317
6313 791 11958
791 6313 11958
11958 791 6313
12525 342 10417
10417 342 12525
342 10417 12525
14178 5006 6149
6149 5006 14178
5006 6149 14178
7766 7228 8995
8995 7228 7766
7228 7766 8995
13326 13600 14098
14098 13326 13600
13600 13326 14098
90 990 14585
990 90 14585
14585 90 990
3701 7446 8351
8351 3701 7446
7446 3701 8351
6455 7985 9664
9664 6455 7985
7985 6455 9664
1885 304 4581
4581 304 1885
304 1885 4581
7265 592 14600
592 7265 14600
14600 592 7265
7816 1150 8936
1150 7816 8936
8936 1150 7816
13874 9265 13860
13860 9265 13874
9265 13860 13874
8710 7997 8003
7997 8003 8710
8003 7997 8710
11808 573 13749
13749 573 11808
573 11808 13749
1554 11873 14840
11873 1554 14840
14840 1554 11873
13714 3986 9789
3986 9789 13714
9789 3986 13714
606 10605 11312
10605 606 11312
11312 606 10605
11718 4579 13320
4579 11718 13320
13320 4579 11718
4328 3509 7398
3509 4328 7398
7398 3509 4328
11658 6227 13781
13781 6227 11658
6227 11658 13781
10775 10646 13877
10646 10775 13877
13877 10646 10775
6117 3145 8109
8109 3145 6117
3145 6117 8109
14059 2134 13257
13257 2134 14059
2134 13257 14059
8375 6971 14168
6971 8375 14168
14168 6971 8375
13449 988 7752
7752 988 13449
988 7752 13449
5180 10398 12134
12134 5180 10398
10398 5180 12134
5653 8534 8657
8534 5653 8657
8657 5653 8534
5312 12703 13987
13987 5312 12703
12703 5312 13987
11772 2888 9884
2888 9884 11772
9884 2888 11772
2212 6811 8391
6811 2212 8391
8391 2212 6811
8329 11838 12485
12485 8329 11838
11838 8329 12485
1023 2160 14829
2160 1023 14829
14829 1023 2160
1596 9657 9819
9657 1596 9819
9819 1596 9657
6615 9043 10472
10472 6615 9043
9043 6615 10472
1060 5149 10411
5149 1060 10411
10411 1060 5149
2744 8818 13314
8818 2744 13314
13314 2744 8818
13352 7040 7564
7040 7564 13352
7564 7040 13352
8264 854 4303
4303 854 8264
854 4303 8264
9307 10003 11498
10003 9307 11498
11498 9307 10003
5148 9486 14387
14387 5148 9486
9486 5148 14387
11792 695 1558
695 1558 11792
1558 695 11792
10023 12012 12445
12012 10023 12445
12445 10023 12012
8231 2548 9652
2548 8231 9652
9652 2548 8231
9707 4749 8296
4749 8296 9707
8296 4749 9707
561 3812 7757
3812 561 7757
7757 561 3812
6351 323 799
323 799 6351
799 323 6351
4382 2973 8676
8676 2973 4382
2973 4382 8676
5000 2745 8922
2745 5000 8922
8922 2745 5000
8017 5781 13228
13228 5781 8017
5781 8017 13228
6055 928 7483
7483 928 6055
928 6055 7483
5783 10858 11215
10858 5783 11215
11215 5783 10858
58 1348 3120
1348 58 3120
3120 58 1348
4192 150 13184
13184 150 4192
150 4192 13184
12537 5258 10832
5258 10832 12537
10832 5258 12537
3093 1492 14939
14939 1492 3093
1492 3093 14939
13756 7399 8555
8555 7399 13756
7399 8555 13756
978 11947 14760
11947 978 14760
14760 978 11947
10098 3157 8361
3157 8361 10098
8361 3157 10098
14132 86 3875
86 3875 14132
3875 86 14132
23 3182 11715
11715 23 3182
3182 23 11715
5947 8967 13735
8967 5947 13735
13735 5947 8967
3665 439 14511
439 3665 14511
14511 439 3665
1952 6980 13687
6980 1952 13687
13687 1952 6980
11407 656 13602
656 11407 13602
13602 656 11407
5284 3757 12052
3757 5284 12052
12052 3757 5284
12690 858 11216
858 11216 12690
11216 858 12690
2014 5523 13694
5523 2014 13694
13694 2014 5523
7543 8854 10638
10638 7543 8854
8854 7543 10638
14091 9413 10043
9413 10043 14091
10043 9413 14091
2035 984 12681
984 2035 12681
12681 984 2035
7906 12768 12771
12771 7906 12768
12768 7906 12771
217 9499 10641
10641 217 9499
9499 217 10641
11451 2754 10973
10973 2754 11451
2754 10973 11451
8060 1517 13236
1517 8060 13236
13236 1517 8060
8541 4797 6160
4797 6160 8541
6160 4797 8541
1986 2028 7937
7937 1986 2028
2028 1986 7937
4989 3774 12747
12747 3774 4989
3774 4989 12747
12176 2600 14629
14629 2600 12176
2600 12176 14629
1497 4765 5294
4765 1497 5294
5294 1497 4765
5089 2148 7733
2148 5089 7733
7733 2148 5089
5814 2746 10658
2746 5814 10658
10658 2746 5814
11188 8179 9323
9323 8179 11188
8179 9323 11188
6080 1990 5660
5660 1990 6080
1990 5660 6080
13833 2540 4877
4877 2540 13833
2540 4877 13833
10068 13740 14643
13740 10068 14643
14643 10068 13740
14508 10883 11049
10883 11049 14508
11049 10883 14508
10292 9923 13312
9923 10292 13312
13312 9923 10292
14426 7071 13133
7071 13133 14426
13133 7071 14426
14981 3244 3451
3244 3451 14981
3451 3244 14981
2383 4390 5237
5237 2383 4390
4390 2383 5237
9080 2296 8038
8038 2296 9080
2296 8038 9080
14622 1528 1593
1528 1593 14622
1593 1528 14622
14884 7469 14699
7469 14699 14884
14699 7469 14884
13784 7132 11974
11974 7132 13784
7132 11974 13784
11321 10318 10967
10967 10318 11321
10318 10967 11321
10537 5999 9841
9841 5999 10537
5999 9841 10537
11192 568 11937
11937 568 11192
568 11192 11937
3969 4120 10410
4120 3969 10410
10410 3969 4120
13476 3773 5395
3773 5395 13476
5395 3773 13476
5938 11468 11508
11468 5938 11508
11508 5938 11468
7923 9959 12535
12535 7923 9959
9959 7923 12535
14897 206 3655
3655 206 14897
206 3655 14897
13949 194 13909
13909 194 13949
194 13909 13949
8888 6008 13230
13230 6008 8888
6008 8888 13230
9394 875 5869
5869 875 9394
875 5869 9394
9389 652 2869
652 2869 9389
2869 652 9389
8373 2152 3793
2152 3793 8373
3793 2152 8373
8719 5575 12196
5575 8719 12196
12196 5575 8719
8695 12626 14300
12626 8695 14300
14300 8695 12626
8933 3000 11848
11848 3000 8933
3000 8933 11848
6122 3351 7558
7558 3351 6122
3351 6122 7558
4946 10197 10637
10637 4946 10197
10197 4946 10637
1446 1342 14333
14333 1342 1446
1342 1446 14333
5639 1136 2770
2770 1136 5639
1136 2770 5639
13659 2396 3366
3366 2396 13659
2396 3366 13659
1983 1910 3995
3995 1910 1983
1910 1983 3995
9670 3485 11982
3485 9670 11982
11982 3485 9670
7759 3299 6066
6066 3299 7759
3299 6066 7759
14832 7859 14602
7859 14602 14832
14602 7859 14832
846 7184 9863
7184 846 9863
9863 846 7184
9712 6498 11041
11041 6498 9712
6498 9712 11041
8681 4220 13934
13934 4220 8681
4220 8681 13934
1370 9070 9476
9070 1370 9476
9476 1370 9070
6878 3385 9852
9852 3385 6878
3385 6878 9852
7060 8104 9966
8104 7060 9966
9966 7060 8104
13724 3579 14989
14989 3579 13724
3579 13724 14989
2440 622 11504
622 2440 11504
11504 622 2440
12385 7374 13733
13733 7374 12385
7374 12385 13733
3069 5966 11391
5966 3069 11391
11391 3069 5966
4629 2667 7260
7260 2667 4629
2667 4629 7260
2218 1444 7075
7075 1444 2218
1444 2218 7075
4725 3044 11532
3044 4725 11532
11532 3044 4725
707 1319 4498
4498 707 1319
1319 707 4498
2239 2863 14875
2863 2239 14875
14875 2239 2863
143 3163 7694
7694 143 3163
3163 143 7694
6232 11846 13367
13367 6232 11846
11846 6232 13367
2452 1932 6246
6246 1932 2452
1932 2452 6246
14319 8755 9635
9635 8755 14319
8755 9635 14319
1898 3761 9433
9433 1898 3761
3761 1898 9433
10219 3398 10496
3398 10219 10496
10496 3398 10219
12528 5593 11728
5593 11728 12528
11728 5593 12528
9347 1284 7721
1284 7721 9347
7721 1284 9347
10978 10286 12539
10286 10978 12539
12539 10286 10978
9353 2683 12288
12288 2683 9353
2683 9353 12288
2974 8274 14125
14125 2974 8274
8274 2974 14125
6293 9897 10434
10434 6293 9897
9897 6293 10434
11818 6171 13831
13831 6171 11818
6171 11818 13831
4435 1124 9064
9064 1124 4435
1124 4435 9064
13343 28 5448
28 5448 13343
5448 28 13343
2290 6289 12897
6289 2290 12897
12897 2290 6289
10004 6180 6544
6544 6180 10004
6180 6544 10004
7996 1605 11061
1605 7996 11061
11061 1605 7996
7520 8268 14484
14484 7520 8268
8268 7520 14484
344 5289 13647
13647 344 5289
5289 344 13647
2183 2715 14326
14326 2183 2715
2715 2183 14326
9328 781 2708
2708 781 9328
781 2708 9328
13273 3850 9094
9094 3850 13273
3850 9094 13273
6090 1101 12744
1101 6090 12744
12744 1101 6090
14356 5922 13309
13309 5922 14356
5922 13309 14356
3207 6303 10903
6303 3207 10903
10903 3207 6303
9981 2337 12027
12027 2337 9981
2337 9981 12027
12940 3588 9143
9143 3588 12940
3588 9143 12940
5316 5264 8387
5264 5316 8387
8387 5264 5316
13408 5394 7156
5394 7156 13408
7156 5394 13408
11599 5187 13834
5187 11599 13834
13834 5187 11599
7999 14628 14933
14933 7999 14628
14628 7999 14933
431 4412 8056
8056 431 4412
4412 431 8056
4925 5742 13984
13984 4925 5742
5742 4925 13984
12046 11689 14931
14931 11689 12046
11689 12046 14931
13996 11465 14460
11465 13996 14460
14460 11465 13996
13539 6458 12251
6458 12251 13539
12251 6458 13539
2462 13429 14181
14181 2462 13429
13429 2462 14181
12607 7188 9407
9407 7188 12607
7188 9407 12607
3179 7327 8252
8252 3179 7327
7327 3179 8252
11733 2284 7042
7042 2284 11733
2284 7042 11733
14018 299 12090
299 12090 14018
12090 299 14018
10942 4434 6035
6035 4434 10942
4434 6035 10942
12669 3462 4486
4486 3462 12669
3462 4486 12669
9943 2851 7983
2851 7983 9943
7983 2851 9943
14905 8267 14510
8267 14510 14905
14510 8267 14905
3098 13597 14966
13597 3098 14966
14966 3098 13597
5103 14046 14844
14844 5103 14046
14046 5103 14844
6428 343 7546
7546 343 6428
343 6428 7546
13082 2950 6721
2950 6721 13082
6721 2950 13082
7111 2694 3945
3945 2694 7111
2694 3945 7111
8629 3125 8594
3125 8594 8629
8594 3125 8629
6791 8814 13917
13917 6791 8814
8814 6791 13917
13417 1874 4938
1874 4938 13417
4938 1874 13417
5745 7707 10250
7707 5745 10250
10250 5745 7707
5119 13812 14351
14351 5119 13812
13812 5119 14351
12193 4736 6983
4736 6983 12193
6983 4736 12193
12538 12835 12854
12854 12538 12835
12835 12538 12854
14849 3856 3968
3856 3968 14849
3968 3856 14849
9260 10694 11121
11121 9260 10694
10694 9260 11121
2384 1194 11754
11754 1194 2384
1194 2384 11754
6443 891 4106
4106 891 6443
891 4106 6443
8666 2190 5255
5255 2190 8666
2190 5255 8666
4396 9733 14845
14845 4396 9733
9733 4396 14845
6519 1475 11802
1475 6519 11802
11802 1475 6519
528 5946 6121
5946 528 6121
6121 528 5946
3758 8631 9387
8631 3758 9387
9387 3758 8631
4351 3626 8209
3626 4351 8209
8209 3626 4351
11009 8177 10436
10436 8177 11009
8177 10436 11009
1209 37 5578
5578 37 1209
37 1209 5578
945 8678 11608
8678 945 11608
11608 945 8678
1909 1260 1902
1260 1902 1909
1902 1260 1909
13171 13168 14447
13168 13171 14447
14447 13168 13171
6760 1128 13914
13914 1128 6760
1128 6760 13914
6024 8193 8378
8378 6024 8193
8193 6024 8378
1923 4253 5524
5524 1923 4253
4253 1923 5524
2967 9205 13679
9205 2967 13679
13679 2967 9205
7307 178 8257
178 7307 8257
8257 178 7307
3345 4056 12780
4056 3345 12780
12780 3345 4056
9420 3035 4841
3035 4841 9420
4841 3035 9420
11127 1942 2684
1942 2684 11127
2684 1942 11127
965 621 8421
621 965 8421
8421 621 965
7032 3416 3632
3416 3632 7032
3632 3416 7032
12731 6031 10525
6031 10525 12731
10525 6031 12731
9346 5895 13241
13241 5895 9346
5895 9346 13241
8549 7069 10853
10853 7069 8549
7069 8549 10853
1441 3645 7578
7578 1441 3645
3645 1441 7578
3096 4316 8864
8864 3096 4316
4316 3096 8864
2507 2104 14993
14993 2104 2507
2104 2507 14993
3607 1290 7013
1290 3607 7013
7013 1290 3607
6867 4852 13227
4852 6867 13227
13227 4852 6867
2242 6987 9104
6987 2242 9104
9104 2242 6987
9607 9846 14312
9846 9607 14312
14312 9607 9846
9500 2724 7036
7036 2724 9500
2724 7036 9500
3280 10305 10460
10305 3280 10460
10460 3280 10305
9560 5883 10966
5883 9560 10966
10966 5883 9560
1980 71 12636
71 1980 12636
12636 71 1980
7762 9883 13892
9883 7762 13892
13892 7762 9883
11487 2971 12255
12255 2971 11487
2971 11487 12255
3413 1137 3615
1137 3413 3615
3615 1137 3413
8220 8201 8584
8201 8220 8584
8584 8201 8220
9724 8328 10896
10896 8328 9724
8328 9724 10896
14035 5134 8318
5134 8318 14035
8318 5134 14035
14738 5928 8770
5928 8770 14738
8770 5928 14738
14527 2429 5490
5490 2429 14527
2429 5490 14527
4509 7160 13405
13405 4509 7160
7160 4509 13405
5082 10343 11706
11706 5082 10343
10343 5082 11706
2829 8356 13190
8356 2829 13190
13190 2829 8356
5481 301 12104
301 5481 12104
12104 301 5481
12526 9277 9562
