7904 9923 10448
10448 7904 9923
9923 7904 10448
3009 10881 14773
14773 3009 10881
10881 3009 14773
2885 4433 6421
6421 2885 4433
4433 2885 6421
3339 1271 3686
3686 1271 3339
1271 3339 3686
6547 3874 13055
3874 6547 13055
13055 3874 6547
11873 10259 10642
10642 10259 11873
10259 10642 11873
3136 8039 13622
13622 3136 8039
8039 3136 13622
8997 9185 12418
9185 8997 12418
12418 8997 9185
1874 6434 13889
13889 1874 6434
6434 1874 13889
14527 5822 10843
10843 5822 14527
5822 10843 14527
5544 766 5167
766 5167 5544
5167 766 5544
7882 5517 7108
5517 7108 7882
7108 5517 7882
2027 6386 11928
11928 2027 6386
6386 2027 11928
2257 633 14171
14171 633 2257
633 2257 14171
12323 843 10385
843 10385 12323
10385 843 12323
6576 5471 7182
5471 6576 7182
7182 5471 6576
4780 5110 7856
7856 4780 5110
5110 4780 7856
9413 2629 7388
7388 2629 9413
2629 7388 9413
6718 8003 9167
9167 6718 8003
8003 6718 9167
12840 3379 6086
6086 3379 12840
3379 6086 12840
3708 3355 5153
3355 3708 5153
5153 3355 3708
5539 6185 8285
8285 5539 6185
6185 5539 8285
8776 7060 13135
13135 7060 8776
7060 8776 13135
2055 2738 7766
2738 2055 7766
7766 2055 2738
747 5182 7171
7171 747 5182
5182 747 7171
2331 11867 13455
13455 2331 11867
11867 2331 13455
5687 329 6153
6153 329 5687
329 5687 6153
9773 975 3886
975 3886 9773
3886 975 9773
3153 1672 5733
5733 1672 3153
1672 3153 5733
167 12177 12437
12437 167 12177
12177 167 12437
8563 1740 11416
11416 1740 8563
1740 8563 11416
8052 1605 3759
1605 3759 8052
3759 1605 8052
183 988 13647
988 183 13647
13647 183 988
13076 9994 13736
9994 13076 13736
13736 9994 13076
376 8622 9809
8622 376 9809
9809 376 8622
14257 3431 7602
3431 7602 14257
7602 3431 14257
11511 11306 13131
11306 11511 13131
13131 11306 11511
14124 4032 9741
9741 4032 14124
4032 9741 14124
1103 5940 10998
5940 1103 10998
10998 1103 5940
7716 9521 14244
14244 7716 9521
9521 7716 14244
12732 8317 11931
8317 11931 12732
11931 8317 12732
1129 1524 13100
13100 1129 1524
1524 1129 13100
3298 3049 14069
3049 3298 14069
14069 3049 3298
2358 6362 13158
13158 2358 6362
6362 2358 13158
11840 979 1256
979 1256 11840
1256 979 11840
14683 831 7727
7727 831 14683
831 7727 14683
12577 9198 10863
10863 9198 12577
9198 10863 12577
11524 9679 12796
12796 9679 11524
9679 11524 12796
7164 5356 12086
5356 7164 12086
12086 5356 7164
7808 1543 8758
8758 1543 7808
1543 7808 8758
2693 715 5963
5963 715 2693
715 2693 5963
14716 4312 4821
4821 4312 14716
4312 4821 14716
10572 3531 3948
3531 3948 10572
3948 3531 10572
2863 5097 5400
5097 2863 5400
5400 2863 5097
4881 7925 11170
7925 4881 11170
11170 4881 7925
7502 6592 14263
6592 7502 14263
14263 6592 7502
13483 4083 14998
14998 4083 13483
4083 13483 14998
10857 7372 12100
12100 7372 10857
7372 10857 12100
12979 1934 13578
13578 1934 12979
1934 12979 13578
3271 1648 11183
1648 3271 11183
11183 1648 3271
8684 9969 10941
10941 8684 9969
9969 8684 10941
9120 9427 11016
9427 9120 11016
11016 9120 9427
838 3057 12344
12344 838 3057
3057 838 12344
9767 750 9682
9682 750 9767
750 9682 9767
8959 144 11508
144 8959 11508
11508 144 8959
13677 9886 11754
11754 9886 13677
9886 11754 13677
8142 7674 9307
9307 7674 8142
7674 8142 9307
7452 7286 8091
7286 7452 8091
8091 7286 7452
5703 6808 12162
6808 5703 12162
12162 5703 6808
858 8326 14802
14802 858 8326
8326 858 14802
1751 5310 6430
6430 1751 5310
5310 1751 6430
4245 7743 8468
7743 4245 8468
8468 4245 7743
2597 356 13040
356 2597 13040
13040 356 2597
12757 5372 7454
5372 7454 12757
7454 5372 12757
1745 182 1272
1272 182 1745
182 1272 1745
3244 12471 14219
12471 3244 14219
14219 3244 12471
1130 3718 12379
3718 1130 12379
12379 1130 3718
4789 8044 12223
8044 4789 12223
12223 4789 8044
12503 2935 8415
8415 2935 12503
2935 8415 12503
5856 8 12354
12354 8 5856
8 5856 12354
13389 4688 7620
7620 4688 13389
4688 7620 13389
4647 9652 11803
11803 4647 9652
9652 4647 11803
6455 12817 13470
12817 6455 13470
13470 6455 12817
5444 595 10889
10889 595 5444
595 5444 10889
8695 6550 13840
6550 8695 13840
13840 6550 8695
5731 11656 12448
12448 5731 11656
11656 5731 12448
8450 12333 13723
13723 8450 12333
12333 8450 13723
5552 1055 3656
3656 1055 5552
1055 3656 5552
8566 9681 13803
9681 8566 13803
13803 8566 9681
10240 3465 5835
3465 5835 10240
5835 3465 10240
10576 7431 12718
7431 10576 12718
12718 7431 10576
149 984 12200
984 149 12200
12200 149 984
1697 1480 5004
5004 1480 1697
1480 1697 5004
1736 6950 10530
6950 1736 10530
10530 1736 6950
5651 2433 8763
2433 5651 8763
8763 2433 5651
5545 7492 10388
7492 5545 10388
10388 5545 7492
14104 9328 14194
9328 14104 14194
14194 9328 14104
14101 11410 13310
13310 11410 14101
11410 13310 14101
4392 5140 14115
14115 4392 5140
5140 4392 14115
2085 657 1842
657 1842 2085
1842 657 2085
4225 3436 11141
11141 3436 4225
3436 4225 11141
6563 13687 14589
14589 6563 13687
13687 6563 14589
9539 2754 12739
2754 9539 12739
12739 2754 9539
11131 3992 5903
5903 3992 11131
3992 5903 11131
6700 8329 11628
8329 6700 11628
11628 6700 8329
9927 10027 12583
10027 9927 12583
12583 9927 10027
6567 13932 14658
13932 6567 14658
14658 6567 13932
14707 2411 9263
2411 9263 14707
9263 2411 14707
7045 3048 6548
6548 3048 7045
3048 6548 7045
8572 1719 5756
5756 1719 8572
1719 5756 8572
7765 8231 8567
8231 7765 8567
8567 7765 8231
10198 1073 7206
7206 1073 10198
1073 7206 10198
6552 12365 14067
12365 6552 14067
14067 6552 12365
11930 5147 9582
9582 5147 11930
5147 9582 11930
5059 8021 8840
8021 5059 8840
8840 5059 8021
14980 2834 8614
8614 2834 14980
2834 8614 14980
5328 6431 8143
8143 5328 6431
6431 5328 8143
2923 5514 11373
5514 2923 11373
11373 2923 5514
5307 7327 9271
9271 5307 7327
7327 5307 9271
969 1345 3538
3538 969 1345
1345 969 3538
2464 1780 10552
10552 1780 2464
1780 2464 10552
6712 4072 12407
4072 6712 12407
12407 4072 6712
13879 3526 6881
3526 6881 13879
6881 3526 13879
7581 3645 6479
3645 6479 7581
6479 3645 7581
2911 7244 13522
13522 2911 7244
7244 2911 13522
4931 7749 12620
12620 4931 7749
7749 4931 12620
1432 2336 7001
7001 1432 2336
2336 1432 7001
3387 771 10493
771 3387 10493
10493 771 3387
8644 2505 5530
2505 5530 8644
5530 2505 8644
14926 14078 14187
14187 14078 14926
14078 14187 14926
3562 5281 11580
5281 3562 11580
11580 3562 5281
864 9890 14905
9890 864 14905
14905 864 9890
10988 12236 13607
12236 10988 13607
13607 10988 12236
11763 5958 12805
12805 5958 11763
5958 11763 12805
5053 2448 2653
2653 2448 5053
2448 2653 5053
13028 4211 8945
4211 8945 13028
8945 4211 13028
13702 3628 12974
3628 12974 13702
12974 3628 13702
3820 974 8140
8140 974 3820
974 3820 8140
13350 442 686
442 686 13350
686 442 13350
13388 4797 6721
6721 4797 13388
4797 6721 13388
1425 1181 9847
1181 1425 9847
9847 1181 1425
11281 3591 4574
4574 3591 11281
3591 4574 11281
7542 8654 14354
8654 7542 14354
14354 7542 8654
5905 4163 9776
4163 5905 9776
9776 4163 5905
612 4095 6658
4095 612 6658
6658 612 4095
9462 13402 13595
13402 9462 13595
13595 9462 13402
14461 964 14468
14468 964 14461
964 14461 14468
5826 5050 9834
5050 5826 9834
9834 5050 5826
13598 10591 12947
10591 12947 13598
12947 10591 13598
14840 8239 11599
8239 11599 14840
11599 8239 14840
9288 8338 14734
14734 8338 9288
8338 9288 14734
1034 3769 4393
4393 1034 3769
3769 1034 4393
12421 9762 11645
11645 9762 12421
9762 11645 12421
10023 11622 13973
13973 10023 11622
11622 10023 13973
10531 9980 12492
12492 9980 10531
9980 10531 12492
13467 828 9416
9416 828 13467
828 9416 13467
10230 14332 14680
14680 10230 14332
14332 10230 14680
5041 7824 9306
9306 5041 7824
7824 5041 9306
14530 594 12107
12107 594 14530
594 12107 14530
11717 5067 8214
5067 8214 11717
8214 5067 11717
909 1079 5589
5589 909 1079
1079 909 5589
9312 4608 8151
8151 4608 9312
4608 8151 9312
631 4863 12024
12024 631 4863
4863 631 12024
13286 1070 5597
5597 1070 13286
1070 5597 13286
3308 4498 13802
13802 3308 4498
4498 3308 13802
11007 2193 5126
2193 5126 11007
5126 2193 11007
13420 3112 13078
13078 3112 13420
3112 13078 13420
11664 2124 14439
14439 2124 11664
2124 11664 14439
3101 693 8070
693 3101 8070
8070 693 3101
13976 5591 10226
10226 5591 13976
5591 10226 13976
13624 440 11649
440 11649 13624
11649 440 13624
11752 7294 11077
7294 11077 11752
11077 7294 11752
12450 6236 11243
6236 11243 12450
11243 6236 12450
9435 2426 6620
2426 6620 9435
6620 2426 9435
3859 1607 4031
4031 1607 3859
1607 3859 4031
410 8265 11040
8265 410 11040
11040 410 8265
12532 228 11587
228 11587 12532
11587 228 12532
14962 2014 10600
10600 2014 14962
2014 10600 14962
1988 5646 8129
8129 1988 5646
5646 1988 8129
8089 7054 12526
7054 8089 12526
12526 7054 8089
8955 4733 5928
5928 4733 8955
4733 5928 8955
13536 6749 7857
7857 6749 13536
6749 7857 13536
13576 3761 13558
3761 13558 13576
13558 3761 13576
8754 960 2848
2848 960 8754
960 2848 8754
2431 462 3639
3639 462 2431
462 2431 3639
11558 7329 9734
7329 9734 11558
9734 7329 11558
6888 150 854
150 854 6888
854 150 6888
11086 5129 12079
12079 5129 11086
5129 11086 12079
7545 2382 4721
4721 2382 7545
2382 4721 7545
13348 6704 14943
6704 13348 14943
14943 6704 13348
12866 7665 14049
14049 7665 12866
7665 12866 14049
4134 2333 9226
9226 2333 4134
2333 4134 9226
10716 6810 10860
10860 6810 10716
6810 10716 10860
6376 665 1147
1147 665 6376
665 1147 6376
9182 4718 10318
4718 9182 10318
10318 4718 9182
13319 8446 9107
8446 9107 13319
9107 8446 13319
11662 31 226
226 31 11662
31 226 11662
7033 8330 11789
11789 7033 8330
8330 7033 11789
3082 1545 8470
8470 1545 3082
1545 3082 8470
7125 1706 5063
5063 1706 7125
1706 5063 7125
14796 3773 5576
3773 5576 14796
5576 3773 14796
8045 7178 10509
10509 7178 8045
7178 8045 10509
13701 5946 13527
5946 13527 13701
13527 5946 13701
3220 11036 14026
11036 3220 14026
14026 3220 11036
12212 10500 14319
10500 12212 14319
14319 10500 12212
9916 11766 12066
11766 9916 12066
12066 9916 11766
6589 13936 14958
14958 6589 13936
13936 6589 14958
9470 10952 14605
10952 9470 14605
14605 9470 10952
30 6934 13148
13148 30 6934
6934 30 13148
10685 3406 14888
3406 10685 14888
14888 3406 10685
1108 4453 11347
11347 1108 4453
4453 1108 11347
3780 4966 14727
14727 3780 4966
4966 3780 14727
14145 2988 4010
4010 2988 14145
2988 4010 14145
2119 423 12293
12293 423 2119
423 2119 12293
8197 7864 7866
7866 7864 8197
7864 7866 8197
6744 5849 8168
5849 6744 8168
8168 5849 6744
780 7650 8473
8473 780 7650
7650 780 8473
7501 11090 14462
11090 7501 14462
14462 7501 11090
12563 1410 8691
1410 8691 12563
8691 1410 12563
14922 9132 14859
14859 9132 14922
9132 14859 14922
14852 1964 2060
2060 1964 14852
1964 2060 14852
10678 3564 10030
10030 3564 10678
3564 10030 10678
11110 243 10643
10643 243 11110
243 10643 11110
4630 4677 12403
4677 4630 12403
12403 4630 4677
6155 6669 12782
6669 6155 12782
12782 6155 6669
1713 11291 14934
11291 1713 14934
14934 1713 11291
5302 1058 3784
1058 3784 5302
3784 1058 5302
12531 3447 9071
3447 9071 12531
9071 3447 12531
2462 1822 11614
1822 2462 11614
11614 1822 2462
7102 10011 10130
10130 7102 10011
10011 7102 10130
7876 1992 2036
2036 1992 7876
1992 2036 7876
5365 4436 13787
4436 5365 13787
13787 4436 5365
12291 1928 4471
4471 1928 12291
1928 4471 12291
934 3407 6241
6241 934 3407
3407 934 6241
10158 2740 5427
2740 5427 10158
5427 2740 10158
13505 9855 10943
9855 10943 13505
10943 9855 13505
3072 4536 9436
4536 3072 9436
9436 3072 4536
362 5864 12165
5864 362 12165
12165 362 5864
6756 2588 6929
2588 6756 6929
6929 2588 6756
6852 3432 13036
13036 3432 6852
3432 6852 13036
10046 3949 11491
11491 3949 10046
3949 10046 11491
11576 6713 12441
12441 6713 11576
6713 11576 12441
215 2492 13277
13277 215 2492
2492 215 13277
3765 12834 13663
12834 3765 13663
13663 3765 12834
10592 4642 7110
4642 7110 10592
7110 4642 10592
2796 8671 11413
11413 2796 8671
8671 2796 11413
1359 7063 12980
7063 1359 12980
12980 1359 7063
12343 4942 10871
10871 4942 12343
4942 10871 12343
3147 948 4092
948 3147 4092
4092 948 3147
14551 4328 5402
5402 4328 14551
4328 5402 14551
7536 3006 13398
13398 3006 7536
3006 7536 13398
13257 8002 11328
11328 8002 13257
8002 11328 13257
12004 4661 8736
4661 8736 12004
8736 4661 12004
529 5357 9183
5357 529 9183
9183 529 5357
11185 6678 8491
6678 8491 11185
8491 6678 11185
8875 3897 5765
5765 3897 8875
3897 5765 8875
10519 11696 13072
13072 10519 11696
11696 10519 13072
12269 5283 9149
9149 5283 12269
5283 9149 12269
5660 4458 10371
4458 5660 10371
10371 4458 5660
10907 2263 9507
9507 2263 10907
2263 9507 10907
15 2309 14886
14886 15 2309
2309 15 14886
7297 3667 10513
10513 3667 7297
3667 7297 10513
6443 1926 8333
8333 1926 6443
1926 6443 8333
6302 4959 5289
5289 4959 6302
4959 5289 6302
4775 5291 12927
12927 4775 5291
5291 4775 12927
14189 716 10614
10614 716 14189
716 10614 14189
2548 5885 8196
5885 2548 8196
8196 2548 5885
1371 3110 11537
3110 1371 11537
11537 1371 3110
10463 2522 7721
7721 2522 10463
2522 7721 10463
7816 2371 10720
2371 7816 10720
10720 2371 7816
2949 8608 13942
13942 2949 8608
8608 2949 13942
12204 1016 10926
1016 10926 12204
10926 1016 12204
4615 10652 11554
11554 4615 10652
10652 4615 11554
12129 4712 5238
5238 4712 12129
4712 5238 12129
8389 13265 13957
13265 8389 13957
13957 8389 13265
6652 3272 6884
3272 6652 6884
6884 3272 6652
7140 889 11390
11390 889 7140
889 7140 11390
13984 2720 5139
2720 5139 13984
5139 2720 13984
12142 8591 12022
12022 8591 12142
8591 12022 12142
534 5839 10818
10818 534 5839
5839 534 10818
2452 1324 2650
1324 2452 2650
2650 1324 2452
2933 3548 12021
3548 2933 12021
12021 2933 3548
6581 6016 14759
14759 6016 6581
6016 6581 14759
7364 683 3251
683 3251 7364
3251 683 7364
14640 926 8497
8497 926 14640
926 8497 14640
8973 9515 12916
12916 8973 9515
9515 8973 12916
11588 3976 9575
9575 3976 11588
3976 9575 11588
4531 107 5446
5446 107 4531
107 4531 5446
8735 3076 4704
3076 4704 8735
4704 3076 8735
6990 1959 3828
3828 1959 6990
1959 3828 6990
11768 5034 13329
5034 11768 13329
13329 5034 11768
13304 6610 11823
11823 6610 13304
6610 11823 13304
9142 1305 13196
1305 9142 13196
13196 1305 9142
10273 5922 13042
5922 10273 13042
13042 5922 10273
9283 2292 9632
9632 2292 9283
2292 9283 9632
1435 3610 11722
3610 1435 11722
11722 1435 3610
5025 3454 3924
3454 3924 5025
3924 3454 5025
12122 2174 4240
2174 4240 12122
4240 2174 12122
11059 8443 11401
11401 8443 11059
8443 11059 11401
9977 12472 12797
12472 9977 12797
12797 9977 12472
7347 4311 5076
4311 5076 7347
5076 4311 7347
1484 3960 10432
3960 1484 10432
10432 1484 3960
13330 7422 14662
14662 7422 13330
7422 13330 14662
281 4763 7253
7253 281 4763
4763 281 7253
3197 4479 10626
10626 3197 4479
4479 3197 10626
8082 1633 14763
1633 8082 14763
14763 1633 8082
5879 2624 4646
2624 4646 5879
4646 2624 5879
8879 791 2689
791 2689 8879
2689 791 8879
5871 2377 14287
14287 2377 5871
2377 5871 14287
4053 5782 6131
6131 4053 5782
5782 4053 6131
3796 7739 9242
9242 3796 7739
7739 3796 9242
7748 103 1082
103 1082 7748
1082 103 7748
12731 5458 11621
5458 11621 12731
11621 5458 12731
13524 8815 9901
8815 9901 13524
9901 8815 13524
7894 6297 14728
6297 7894 14728
14728 6297 7894
1128 10833 11721
11721 1128 10833
10833 1128 11721
12628 3241 3762
3241 3762 12628
3762 3241 12628
10155 169 6659
169 6659 10155
6659 169 10155
8696 6289 14823
14823 6289 8696
6289 8696 14823
12803 682 4243
682 4243 12803
4243 682 12803
1955 358 11433
11433 358 1955
358 1955 11433
1137 2150 7785
2150 1137 7785
7785 1137 2150
6447 12011 13646
13646 6447 12011
12011 6447 13646
7558 6753 9619
6753 7558 9619
9619 6753 7558
9802 4820 12475
12475 4820 9802
4820 9802 12475
4042 369 8908
369 4042 8908
8908 369 4042
14003 1805 2679
2679 1805 14003
1805 2679 14003
588 5381 6181
6181 588 5381
5381 588 6181
8674 5665 7377
7377 5665 8674
5665 7377 8674
12073 1248 13880
1248 12073 13880
13880 1248 12073
3492 6643 12346
6643 3492 12346
12346 3492 6643
6503 5997 12579
5997 6503 12579
12579 5997 6503
7612 5883 11940
5883 7612 11940
11940 5883 7612
13260 5945 10731
5945 10731 13260
10731 5945 13260
7911 7325 14923
7325 7911 14923
14923 7325 7911
1882 1457 5959
1457 1882 5959
5959 1457 1882
2807 5602 14331
5602 2807 14331
14331 2807 5602
6518 6446 10070
6446 6518 10070
10070 6446 6518
9921 3702 13307
3702 9921 13307
13307 3702 9921
4100 8999 9135
8999 4100 9135
9135 4100 8999
13965 1396 2801
2801 1396 13965
1396 2801 13965
6355 2053 12846
12846 2053 6355
2053 6355 12846
999 1245 7366
1245 999 7366
7366 999 1245
12374 8484 9620
9620 8484 12374
8484 9620 12374
5914 9794 9852
9852 5914 9794
9794 5914 9852
2281 5953 6688
5953 2281 6688
6688 2281 5953
3075 6987 9899
6987 3075 9899
9899 3075 6987
4098 5196 10518
5196 4098 10518
10518 4098 5196
6038 691 1835
1835 691 6038
691 1835 6038
3061 4014 10397
4014 3061 10397
10397 3061 4014
606 9022 12753
12753 606 9022
9022 606 12753
8864 4248 9536
4248 8864 9536
9536 4248 8864
6365 2327 11028
2327 6365 11028
11028 2327 6365
4330 9003 10191
9003 4330 10191
10191 4330 9003
2838 4023 8387
4023 2838 8387
8387 2838 4023
2989 3066 14379
3066 2989 14379
14379 2989 3066
4475 2190 7578
7578 2190 4475
2190 4475 7578
10253 801 2175
801 2175 10253
2175 801 10253
8507 8573 13849
8573 8507 13849
13849 8507 8573
264 853 11639
11639 264 853
853 264 11639
689 3917 11709
11709 689 3917
3917 689 11709
11655 6670 9474
9474 6670 11655
6670 9474 11655
6871 6767 10427
10427 6767 6871
6767 6871 10427
2410 14314 14534
14534 2410 14314
14314 2410 14534
1086 2874 3145
2874 1086 3145
3145 1086 2874
9011 792 9887
792 9011 9887
9887 792 9011
12482 2161 8732
2161 8732 12482
8732 2161 12482
3217 4848 7025
7025 3217 4848
4848 3217 7025
4170 7615 12130
7615 4170 12130
12130 4170 7615
5607 5952 11449
11449 5607 5952
5952 5607 11449
10079 4909 13570
4909 10079 13570
13570 4909 10079
6875 1606 9155
9155 1606 6875
1606 6875 9155
1431 897 5795
897 1431 5795
5795 897 1431
12990 1978 6912
1978 6912 12990
6912 1978 12990
8125 10206 12827
12827 8125 10206
10206 8125 12827
1569 6112 12377
12377 1569 6112
6112 1569 12377
14238 4579 10830
4579 10830 14238
10830 4579 14238
1965 11927 12648
11927 1965 12648
12648 1965 11927
8738 3376 4987
3376 4987 8738
4987 3376 8738
7229 4910 7200
4910 7200 7229
7200 4910 7229
877 6855 7359
6855 877 7359
7359 877 6855
3351 8502 13703
13703 3351 8502
8502 3351 13703
9715 6158 13337
13337 6158 9715
6158 9715 13337
9 1614 13104
1614 9 13104
13104 9 1614
5158 1652 8422
8422 1652 5158
1652 5158 8422
5401 6414 14155
14155 5401 6414
6414 5401 14155
6244 9203 14918
9203 6244 14918
14918 6244 9203
316 601 8920
601 316 8920
8920 316 601
1575 8583 10090
10090 1575 8583
8583 1575 10090
12699 678 3258
3258 678 12699
678 3258 12699
3944 3117 7940
7940 3117 3944
3117 3944 7940
4888 1625 4568
4568 1625 4888
1625 4568 4888
1668 6440 11217
11217 1668 6440
6440 1668 11217
8169 3583 14997
3583 8169 14997
14997 3583 8169
9438 3619 9745
9745 3619 9438
3619 9438 9745
4022 1443 2743
2743 1443 4022
1443 2743 4022
11213 284 2635
284 2635 11213
2635 284 11213
5753 1124 11585
11585 1124 5753
1124 5753 11585
12360 6722 7032
6722 7032 12360
7032 6722 12360
7468 772 1259
772 1259 7468
1259 772 7468
10912 927 12684
927 10912 12684
12684 927 10912
11938 12616 14611
12616 11938 14611
14611 11938 12616
2146 12608 13083
12608 2146 13083
13083 2146 12608
10145 3133 7177
7177 3133 10145
3133 7177 10145
6668 19 1905
19 1905 6668
1905 19 6668
3056 2563 13432
13432 2563 3056
2563 3056 13432
2677 7071 14143
7071 2677 14143
14143 2677 7071
4303 626 8093
8093 626 4303
626 4303 8093
7028 84 469
84 469 7028
469 84 7028
12875 4680 6231
6231 4680 12875
4680 6231 12875
7326 4720 13279
4720 7326 13279
13279 4720 7326
11195 5299 13796
13796 5299 11195
5299 11195 13796
10768 8406 14913
14913 8406 10768
8406 10768 14913
7892 3377 4824
3377 4824 7892
4824 3377 7892
5024 1909 5455
5455 1909 5024
1909 5024 5455
2278 6223 6817
6817 2278 6223
6223 2278 6817
9657 70 7324
70 7324 9657
7324 70 9657
127 4119 14867
14867 127 4119
4119 127 14867
12816 11950 13751
13751 11950 12816
11950 12816 13751
8418 3584 5085
5085 3584 8418
3584 5085 8418
3 1969 5484
5484 3 1969
1969 3 5484
14694 653 6955
6955 653 14694
653 6955 14694
1591 13560 13680
13680 1591 13560
13560 1591 13680
8049 2159 3500
3500 2159 8049
2159 3500 8049
1563 5056 12277
5056 1563 12277
12277 1563 5056
12696 2240 3209
2240 3209 12696
3209 2240 12696
3166 3947 9422
3947 3166 9422
9422 3166 3947
7591 865 10262
10262 865 7591
865 7591 10262
5897 208 4052
208 4052 5897
4052 208 5897
4964 2423 12810
2423 4964 12810
12810 2423 4964
6267 8192 9728
9728 6267 8192
8192 6267 9728
2749 224 14404
14404 224 2749
224 2749 14404
2405 8264 12110
12110 2405 8264
8264 2405 12110
1199 6494 7544
7544 1199 6494
6494 1199 7544
3870 6557 14709
6557 3870 14709
14709 3870 6557
1369 5384 13209
5384 1369 13209
13209 1369 5384
10937 2435 6816
6816 2435 10937
2435 6816 10937
2599 3129 6546
6546 2599 3129
3129 2599 6546
10396 9270 13020
9270 10396 13020
13020 9270 10396
9634 2682 7471
2682 7471 9634
7471 2682 9634
11591 8782 9144
9144 8782 11591
8782 9144 11591
5344 1031 10632
10632 1031 5344
1031 5344 10632
7438 2912 11520
11520 2912 7438
2912 7438 11520
2755 3704 12005
3704 2755 12005
12005 2755 3704
4867 6269 10613
6269 4867 10613
10613 4867 6269
9687 10028 11947
10028 9687 11947
11947 9687 10028
6677 738 8441
8441 738 6677
738 6677 8441
12632 3445 4708
3445 4708 12632
4708 3445 12632
6345 6282 9385
6282 6345 9385
9385 6282 6345
3333 2822 4662
2822 3333 4662
4662 2822 3333
9287 8378 9356
9356 8378 9287
8378 9287 9356
6022 11367 14071
11367 6022 14071
14071 6022 11367
6175 8139 10041
8139 6175 10041
10041 6175 8139
12535 3332 4884
4884 3332 12535
3332 4884 12535
5253 9321 11378
11378 5253 9321
9321 5253 11378
14681 3566 9528
3566 9528 14681
9528 3566 14681
3093 4085 14102
4085 3093 14102
14102 3093 4085
3320 2725 8938
8938 2725 3320
2725 3320 8938
13449 6183 10212
6183 10212 13449
10212 6183 13449
8242 7782 12112
7782 8242 12112
12112 7782 8242
3945 983 1506
983 1506 3945
1506 983 3945
8164 8967 10347
10347 8164 8967
8967 8164 10347
6928 10134 10256
10256 6928 10134
10134 6928 10256
12047 4859 12773
12773 4859 12047
4859 12047 12773
10402 8659 12761
12761 8659 10402
8659 10402 12761
8408 2306 9936
9936 2306 8408
2306 8408 9936
4481 3441 5932
5932 3441 4481
3441 4481 5932
2961 7249 13275
13275 2961 7249
7249 2961 13275
9560 2211 3961
2211 3961 9560
3961 2211 9560
607 12 1178
1178 12 607
12 607 1178
5510 2225 4402
2225 4402 5510
4402 2225 5510
10024 2457 10101
2457 10024 10101
10101 2457 10024
6366 350 12654
350 6366 12654
12654 350 6366
1279 8598 9134
9134 1279 8598
8598 1279 9134
7607 354 4846
354 4846 7607
4846 354 7607
11486 1600 4224
1600 4224 11486
4224 1600 11486
6835 12925 13371
12925 6835 13371
13371 6835 12925
13508 3127 3552
3552 3127 13508
3127 3552 13508
1502 4618 11982
4618 1502 11982
11982 1502 4618
3888 2084 10102
10102 2084 3888
2084 3888 10102
11044 7999 9566
9566 7999 11044
7999 9566 11044
8884 1914 6073
6073 1914 8884
1914 6073 8884
4598 285 6634
285 4598 6634
6634 285 4598
746 1971 5655
5655 746 1971
1971 746 5655
4129 9072 9491
9072 4129 9491
9491 4129 9072
8666 3608 12828
3608 8666 12828
12828 3608 8666
12155 2799 13215
2799 12155 13215
13215 2799 12155
9016 7686 14063
7686 9016 14063
14063 7686 9016
5525 3600 8739
8739 3600 5525
3600 5525 8739
12529 4446 12167
12167 4446 12529
4446 12167 12529
12228 11294 11809
11294 11809 12228
11809 11294 12228
2819 7512 8367
7512 2819 8367
8367 2819 7512
10295 1505 9769
1505 9769 10295
9769 1505 10295
8705 11298 13374
11298 8705 13374
13374 8705 11298
9350 1149 12080
1149 9350 12080
12080 1149 9350
3483 2446 12267
12267 2446 3483
2446 3483 12267
9455 6536 8954
8954 6536 9455
6536 8954 9455
13 2692 11874
2692 13 11874
11874 13 2692
14921 5246 11231
11231 5246 14921
5246 11231 14921
34 8144 10864
10864 34 8144
8144 34 10864
8155 11403 11953
11403 8155 11953
11953 8155 11403
8423 1229 14024
14024 1229 8423
1229 8423 14024
4653 10129 10765
10765 4653 10129
10129 4653 10765
9465 9083 12546
9083 9465 12546
12546 9083 9465
528 6091 6571
6571 528 6091
6091 528 6571
14376 6109 10059
10059 6109 14376
6109 10059 14376
4565 198 13800
198 4565 13800
13800 198 4565
6517 12398 13762
13762 6517 12398
12398 6517 13762
4144 4449 5606
4449 4144 5606
5606 4144 4449
9116 1931 14270
1931 9116 14270
14270 1931 9116
13908 1238 11319
11319 1238 13908
1238 11319 13908
2101 10319 10706
10319 2101 10706
10706 2101 10319
7336 850 5479
850 5479 7336
5479 850 7336
10847 2127 9783
2127 9783 10847
9783 2127 10847
1681 5160 11705
5160 1681 11705
11705 1681 5160
11021 5909 8874
5909 8874 11021
8874 5909 11021
10321 4415 11045
11045 4415 10321
4415 10321 11045
9931 11297 13327
11297 9931 13327
13327 9931 11297
8865 2234 11061
11061 2234 8865
2234 8865 11061
8962 8685 11421
8685 8962 11421
11421 8685 8962
11050 2396 13899
2396 11050 13899
13899 2396 11050
5005 930 1303
1303 930 5005
930 1303 5005
11374 4753 13971
13971 4753 11374
4753 11374 13971
2295 1047 9940
1047 2295 9940
9940 1047 2295
12391 2934 11318
2934 11318 12391
11318 2934 12391
12244 1962 6755
6755 1962 12244
1962 6755 12244
8538 8295 12104
8295 8538 12104
12104 8295 8538
9827 9987 13481
9987 9827 13481
13481 9827 9987
2185 10820 12348
10820 2185 12348
12348 2185 10820
11125 12270 13748
13748 11125 12270
12270 11125 13748
5823 10152 10622
10622 5823 10152
10152 5823 10622
9342 286 7214
7214 286 9342
286 7214 9342
7123 5824 7332
5824 7123 7332
7332 5824 7123
10072 275 11584
11584 275 10072
275 10072 11584
10551 4297 5090
4297 5090 10551
5090 4297 10551
8134 342 10799
10799 342 8134
342 8134 10799
8486 6913 9812
9812 6913 8486
6913 8486 9812
4894 4329 8846
8846 4329 4894
4329 4894 8846
1957 2008 2998
2008 1957 2998
2998 1957 2008
12484 1232 13439
1232 12484 13439
13439 1232 12484
50 8812 11184
11184 50 8812
8812 50 11184
10311 7797 8412
7797 8412 10311
8412 7797 10311
11160 7874 14040
7874 11160 14040
14040 7874 11160
9938 11260 13588
13588 9938 11260
11260 9938 13588
6632 1868 3839
1868 3839 6632
3839 1868 6632
13931 6818 14336
6818 13931 14336
14336 6818 13931
13342 2227 8337
2227 8337 13342
8337 2227 13342
2066 248 11039
11039 248 2066
248 2066 11039
2655 647 2466
2466 647 2655
647 2466 2655
14173 1537 5887
1537 5887 14173
5887 1537 14173
9717 4089 9904
4089 9717 9904
9904 4089 9717
3715 5100 11135
5100 3715 11135
11135 3715 5100
12550 1998 6694
6694 1998 12550
1998 6694 12550
14222 4866 10165
10165 4866 14222
4866 10165 14222
13781 4516 8872
4516 8872 13781
8872 4516 13781
12261 2289 10372
10372 2289 12261
2289 10372 12261
7532 7684 14902
14902 7532 7684
7684 7532 14902
1611 8813 11702
8813 1611 11702
11702 1611 8813
7065 1511 14318
1511 7065 14318
14318 1511 7065
10504 3105 6417
3105 6417 10504
6417 3105 10504
10674 2181 4017
4017 2181 10674
2181 4017 10674
8414 680 9311
9311 680 8414
680 8414 9311
12489 1083 10717
10717 1083 12489
1083 10717 12489
11046 3168 8341
3168 8341 11046
8341 3168 11046
9810 3180 3808
3808 3180 9810
3180 3808 9810
6706 6996 11165
11165 6706 6996
6996 6706 11165
7317 1332 8435
1332 7317 8435
8435 1332 7317
2983 13644 13949
13644 2983 13949
13949 2983 13644
416 11549 13405
13405 416 11549
11549 416 13405
3383 5598 7819
7819 3383 5598
5598 3383 7819
10452 4889 7337
4889 7337 10452
7337 4889 10452
9468 7855 14624
7855 9468 14624
14624 7855 9468
3491 10017 14833
14833 3491 10017
10017 3491 14833
7524 1202 12961
12961 1202 7524
1202 7524 12961
9483 2789 14598
14598 2789 9483
2789 9483 14598
8946 894 14326
14326 894 8946
894 8946 14326
5710 862 4071
4071 862 5710
862 4071 5710
4047 456 13169
456 4047 13169
13169 456 4047
5763 760 13911
760 5763 13911
13911 760 5763
8118 4717 14225
4717 8118 14225
14225 4717 8118
7626 728 11172
11172 728 7626
728 7626 11172
14798 5028 7047
7047 5028 14798
5028 7047 14798
25 5981 9091
5981 25 9091
9091 25 5981
7165 3472 4741
3472 4741 7165
4741 3472 7165
13282 1722 8594
1722 8594 13282
8594 1722 13282
12140 8320 8838
8320 8838 12140
8838 8320 12140
4971 6593 9663
9663 4971 6593
6593 4971 9663
9399 1956 12747
12747 1956 9399
1956 9399 12747
4654 3040 12524
3040 4654 12524
12524 3040 4654
1927 5027 12055
12055 1927 5027
5027 1927 12055
7241 5071 13461
5071 7241 13461
13461 5071 7241
6064 3461 4403
4403 3461 6064
3461 4403 6064
1968 1189 2994
1189 1968 2994
2994 1189 1968
14924 4611 6198
4611 6198 14924
6198 4611 14924
10213 7446 12504
7446 10213 12504
12504 7446 10213
11256 4696 9147
9147 4696 11256
4696 9147 11256
8431 2006 12723
12723 2006 8431
2006 8431 12723
7389 9045 10816
9045 7389 10816
10816 7389 9045
2025 4854 9243
4854 2025 9243
9243 2025 4854
5554 7464 14086
14086 5554 7464
7464 5554 14086
10673 4112 8248
8248 4112 10673
4112 8248 10673
9708 7870 13657
7870 9708 13657
13657 7870 9708
12372 5429 12285
5429 12285 12372
12285 5429 12372
4723 5541 11906
5541 4723 11906
11906 4723 5541
10578 3044 12150
3044 10578 12150
12150 3044 10578
12934 11386 13295
13295 11386 12934
11386 12934 13295
6075 3480 4114
3480 4114 6075
4114 3480 6075
3038 3751 11482
3751 3038 11482
11482 3038 3751
9364 267 2820
2820 267 9364
267 2820 9364
6519 564 7917
564 6519 7917
7917 564 6519
5495 1416 10993
10993 1416 5495
1416 5495 10993
6977 12213 12919
12919 6977 12213
12213 6977 12919
1372 1020 1025
1020 1025 1372
1025 1020 1372
6272 5233 14677
14677 5233 6272
5233 6272 14677
363 7451 11968
11968 363 7451
7451 363 11968
11571 200 11147
200 11147 11571
11147 200 11571
6621 3842 12682
12682 3842 6621
3842 6621 12682
11279 1388 7583
7583 1388 11279
1388 7583 11279
13715 274 4155
4155 274 13715
274 4155 13715
14060 788 12248
788 12248 14060
12248 788 14060
10540 67 5341
5341 67 10540
67 5341 10540
3227 1061 10099
10099 1061 3227
1061 3227 10099
1224 4079 11336
4079 1224 11336
11336 1224 4079
9089 6105 11178
11178 6105 9089
6105 9089 11178
8218 1334 8590
8590 1334 8218
1334 8218 8590
10437 5482 8957
8957 5482 10437
5482 8957 10437
9220 3360 5420
5420 3360 9220
3360 5420 9220
10357 4684 12327
4684 10357 12327
12327 4684 10357
3259 1175 3035
1175 3035 3259
3035 1175 3259
4356 7090 8194
8194 4356 7090
7090 4356 8194
6280 2345 12969
12969 2345 6280
2345 6280 12969
1228 1622 13712
1622 1228 13712
13712 1228 1622
7929 1243 5578
1243 5578 7929
5578 1243 7929
7533 7631 12057
12057 7533 7631
7631 7533 12057
417 4913 7996
4913 417 7996
7996 417 4913
7210 9797 13004
9797 7210 13004
13004 7210 9797
13497 10089 13381
10089 13381 13497
13381 10089 13497
2303 8160 11288
8160 2303 11288
11288 2303 8160
9924 10275 14741
10275 9924 14741
14741 9924 10275
936 7007 11079
11079 936 7007
7007 936 11079
12292 6773 8559
6773 8559 12292
8559 6773 12292
2217 861 1691
1691 861 2217
861 1691 2217
12820 1090 3402
1090 3402 12820
3402 1090 12820
13296 8428 12617
8428 12617 13296
12617 8428 13296
307 11870 14517
14517 307 11870
11870 307 14517
3324 8909 12459
8909 3324 12459
12459 3324 8909
5859 1690 4369
1690 4369 5859
4369 1690 5859
14347 3024 9662
3024 9662 14347
9662 3024 14347
4090 8099 13743
8099 4090 13743
13743 4090 8099
13730 11541 12598
11541 12598 13730
12598 11541 13730
5515 12331 13426
12331 5515 13426
13426 5515 12331
12681 8120 8493
8120 8493 12681
8493 8120 12681
7984 6804 12082
6804 7984 12082
12082 6804 7984
3675 3162 4494
3162 3675 4494
4494 3162 3675
1677 9447 13108
9447 1677 13108
13108 1677 9447
2936 11715 13066
11715 2936 13066
13066 2936 11715
10182 4822 11632
11632 4822 10182
4822 10182 11632
115 7276 8282
8282 115 7276
7276 115 8282
13778 5630 12262
12262 5630 13778
5630 12262 13778
3301 8193 13096
8193 3301 13096
13096 3301 8193
11467 912 6450
6450 912 11467
912 6450 11467
12894 33 10580
10580 33 12894
33 10580 12894
2542 4097 4497
4097 2542 4497
4497 2542 4097
3291 2835 10883
2835 3291 10883
10883 2835 3291
11214 6487 14323
6487 11214 14323
14323 6487 11214
10506 9965 10290
9965 10290 10506
10290 9965 10506
707 1135 9982
9982 707 1135
1135 707 9982
11946 754 6516
754 6516 11946
6516 754 11946
8991 2700 9635
9635 2700 8991
2700 8991 9635
3172 3155 6868
3155 3172 6868
6868 3155 3172
5236 4960 7481
4960 5236 7481
7481 4960 5236
1404 1381 1754
1754 1381 1404
1381 1404 1754
2914 8903 9894
9894 2914 8903
8903 2914 9894
13888 2065 6306
2065 6306 13888
6306 2065 13888
10938 10428 13947
10428 10938 13947
13947 10428 10938
11610 7111 10478
10478 7111 11610
7111 10478 11610
11624 7813 10936
10936 7813 11624
7813 10936 11624
4005 8081 8787
8787 4005 8081
8081 4005 8787
2430 10377 11650
11650 2430 10377
10377 2430 11650
11105 9382 10962
9382 10962 11105
10962 9382 11105
12664 4046 14452
14452 4046 12664
4046 12664 14452
3238 4511 6947
4511 3238 6947
6947 3238 4511
10831 1567 7606
7606 1567 10831
1567 7606 10831
3853 1062 12574
12574 1062 3853
1062 3853 12574
4523 10641 12325
10641 4523 12325
12325 4523 10641
11055 5274 5988
5274 5988 11055
5988 5274 11055
9151 1325 14266
14266 1325 9151
1325 9151 14266
6206 7011 10737
7011 6206 10737
10737 6206 7011
257 3019 8321
8321 257 3019
3019 257 8321
2705 8632 11932
11932 2705 8632
8632 2705 11932
7708 3018 11505
3018 7708 11505
11505 3018 7708
8775 11608 12573
11608 8775 12573
12573 8775 11608
14154 3239 8963
3239 8963 14154
8963 3239 14154
4454 6513 8983
6513 4454 8983
8983 4454 6513
5089 4205 14742
4205 5089 14742
14742 4205 5089
13875 4673 5950
4673 5950 13875
5950 4673 13875
1593 915 4874
4874 915 1593
915 1593 4874
1123 203 14724
203 1123 14724
14724 203 1123
13203 3986 13735
3986 13203 13735
13735 3986 13203
4845 465 11807
11807 465 4845
465 4845 11807
3909 4666 7499
4666 3909 7499
7499 3909 4666
6170 8488 14665
8488 6170 14665
14665 6170 8488
1766 8668 10472
8668 1766 10472
10472 1766 8668
13795 7121 9471
9471 7121 13795
7121 9471 13795
77 6679 8404
6679 77 8404
8404 77 6679
11022 3977 7074
3977 7074 11022
7074 3977 11022
262 8600 14625
14625 262 8600
8600 262 14625
13695 762 4281
4281 762 13695
762 4281 13695
2129 108 9217
108 2129 9217
9217 108 2129
1913 3706 5348
3706 1913 5348
5348 1913 3706
14357 8456 14541
8456 14357 14541
14541 8456 14357
234 3724 4500
3724 234 4500
4500 234 3724
2344 4675 5202
5202 2344 4675
4675 2344 5202
13616 8201 14386
8201 13616 14386
14386 8201 13616
10229 5717 12219
5717 10229 12219
12219 5717 10229
8817 4176 9249
9249 4176 8817
4176 8817 9249
4469 7000 13022
7000 4469 13022
13022 4469 7000
1403 8302 13864
8302 1403 13864
13864 1403 8302
2609 4781 6768
6768 2609 4781
4781 2609 6768
12744 3463 9509
9509 3463 12744
3463 9509 12744
11991 1054 2773
2773 1054 11991
1054 2773 11991
9636 3386 13995
13995 3386 9636
3386 9636 13995
1261 11747 14151
11747 1261 14151
14151 1261 11747
3321 3553 8771
8771 3321 3553
3553 3321 8771
9007 4268 7921
7921 4268 9007
4268 7921 9007
3757 937 9692
937 3757 9692
9692 937 3757
10771 7781 13070
13070 7781 10771
7781 10771 13070
5445 5656 11161
5656 5445 11161
11161 5445 5656
7520 3043 7902
7902 3043 7520
3043 7520 7902
1091 962 9599
962 1091 9599
9599 962 1091
11302 10624 11569
10624 11302 11569
11569 10624 11302
9391 10276 13288
13288 9391 10276
10276 9391 13288
1701 9305 11506
11506 1701 9305
9305 1701 11506
484 730 807
807 484 730
730 484 807
14378 7664 10247
7664 10247 14378
10247 7664 14378
8919 1246 14667
1246 8919 14667
14667 1246 8919
4450 3415 9815
3415 4450 9815
9815 3415 4450
10460 9276 11023
11023 9276 10460
9276 10460 11023
3508 1724 2180
1724 2180 3508
2180 1724 3508
10254 8689 14477
14477 8689 10254
8689 10254 14477
2098 5563 14017
5563 2098 14017
14017 2098 5563
5128 5109 5708
5109 5128 5708
5708 5109 5128
1356 10430 11864
10430 1356 11864
11864 1356 10430
1521 3790 12593
12593 1521 3790
3790 1521 12593
7263 8334 11980
11980 7263 8334
8334 7263 11980
5096 646 12487
646 5096 12487
12487 646 5096
9444 10126 11929
10126 9444 11929
11929 9444 10126
776 3005 13226
3005 776 13226
13226 776 3005
7941 2086 8352
2086 7941 8352
8352 2086 7941
2880 7459 13418
13418 2880 7459
7459 2880 13418
14395 1481 11193
11193 1481 14395
1481 11193 14395
4258 3338 8416
3338 4258 8416
8416 3338 4258
12787 2617 8272
8272 2617 12787
2617 8272 12787
1888 5550 13476
13476 1888 5550
5550 1888 13476
7365 461 4585
461 4585 7365
4585 461 7365
3528 3446 8773
8773 3446 3528
3446 3528 8773
10813 2238 12300
12300 2238 10813
2238 10813 12300
9459 2593 4560
4560 2593 9459
2593 4560 9459
10344 3278 9793
3278 9793 10344
9793 3278 10344
427 13473 14526
13473 427 14526
14526 427 13473
10110 10969 11572
10969 10110 11572
11572 10110 10969
12837 7152 7494
7494 7152 12837
7152 7494 12837
2299 2531 14800
2531 2299 14800
14800 2299 2531
13797 5000 7806
7806 5000 13797
5000 7806 13797
8649 5500 8911
8911 5500 8649
5500 8649 8911
6844 4861 9523
9523 4861 6844
4861 6844 9523
11676 5154 8153
5154 8153 11676
8153 5154 11676
14597 12569 14659
14659 12569 14597
12569 14597 14659
10282 391 10283
10283 391 10282
391 10282 10283
1756 9239 9712
9712 1756 9239
9239 1756 9712
5761 8357 13914
8357 5761 13914
13914 5761 8357
14286 2209 2297
2209 2297 14286
2297 2209 14286
9796 1939 14583
14583 1939 9796
1939 9796 14583
3026 5070 12548
12548 3026 5070
5070 3026 12548
4015 8277 9174
8277 4015 9174
9174 4015 8277
2667 840 6757
6757 840 2667
840 2667 6757
1321 1085 6125
6125 1085 1321
1085 1321 6125
6857 10215 12954
12954 6857 10215
10215 6857 12954
3970 8311 14672
8311 3970 14672
14672 3970 8311
9197 1041 4161
1041 4161 9197
4161 1041 9197
8159 2583 6279
6279 2583 8159
2583 6279 8159
10913 5508 12273
5508 10913 12273
12273 5508 10913
12180 10647 12094
12094 10647 12180
10647 12094 12180
10280 916 1970
1970 916 10280
916 1970 10280
8618 8737 10071
8737 8618 10071
10071 8618 8737
14891 7132 9020
9020 7132 14891
7132 9020 14891
12502 4223 5690
5690 4223 12502
4223 5690 12502
11371 8933 11024
11024 8933 11371
8933 11024 11371
20 4944 11359
11359 20 4944
4944 20 11359
9550 11252 13380
11252 9550 13380
13380 9550 11252
11122 11911 14673
14673 11122 11911
11911 11122 14673
10589 1211 10078
1211 10078 10589
10078 1211 10589
12873 2223 6533
2223 6533 12873
6533 2223 12873
10682 2224 6963
6963 2224 10682
2224 6963 10682
9524 2671 14407
14407 2671 9524
2671 9524 14407
4815 4272 8902
4272 4815 8902
8902 4272 4815
76 9988 10118
9988 76 10118
