97636 103070 104526
103070 97636 104526
104526 97636 103070
116819 79732 87750
87750 79732 116819
79732 87750 116819
118687 30710 141876
141876 30710 118687
30710 118687 141876
129852 104071 136725
136725 104071 129852
104071 129852 136725
147125 3915 50041
3915 50041 147125
50041 3915 147125
106625 40739 49381
40739 49381 106625
49381 40739 106625
42637 66579 97369
97369 42637 66579
66579 42637 97369
31013 8170 149176
8170 31013 149176
149176 8170 31013
81286 11389 29920
29920 11389 81286
11389 29920 81286
85554 13195 30297
13195 30297 85554
30297 13195 85554
46256 13526 81740
81740 13526 46256
13526 46256 81740
74462 19481 66446
66446 19481 74462
19481 66446 74462
77966 1606 84425
1606 77966 84425
84425 1606 77966
101456 1156 76659
76659 1156 101456
1156 76659 101456
87030 97559 104455
97559 87030 104455
104455 87030 97559
30536 35410 68603
68603 30536 35410
35410 30536 68603
31728 48909 138325
138325 31728 48909
48909 31728 138325
7038 70900 97158
70900 7038 97158
97158 7038 70900
151 27917 94201
94201 151 27917
27917 151 94201
49292 83001 110144
110144 49292 83001
83001 49292 110144
136259 42776 45638
45638 42776 136259
42776 45638 136259
7809 35379 111339
111339 7809 35379
35379 7809 111339
121178 22475 69727
69727 22475 121178
22475 69727 121178
145133 79363 82478
79363 82478 145133
82478 79363 145133
119579 101555 117744
101555 117744 119579
117744 101555 119579
58017 353 46033
353 46033 58017
46033 353 58017
141640 70386 92136
92136 70386 141640
70386 92136 141640
49529 35059 42383
42383 35059 49529
35059 42383 49529
3101 55328 94734
55328 3101 94734
94734 3101 55328
18955 103324 125124
125124 18955 103324
103324 18955 125124
12468 104131 110269
110269 12468 104131
104131 12468 110269
21090 28794 50467
50467 21090 28794
28794 21090 50467
43261 104213 126234
104213 43261 126234
126234 43261 104213
108124 108303 126963
108303 108124 126963
126963 108124 108303
88800 110376 137702
110376 88800 137702
137702 88800 110376
41080 146914 148333
148333 41080 146914
146914 41080 148333
56764 5298 148294
148294 5298 56764
5298 56764 148294
98897 43342 79272
79272 43342 98897
43342 79272 98897
84944 17123 27454
27454 17123 84944
17123 27454 84944
48630 111539 138341
111539 48630 138341
138341 48630 111539
139956 16793 149148
149148 16793 139956
16793 139956 149148
10300 123701 132394
123701 10300 132394
132394 10300 123701
53540 59380 84643
59380 53540 84643
84643 53540 59380
90203 98855 121444
121444 90203 98855
98855 90203 121444
124445 38300 149186
38300 124445 149186
149186 38300 124445
53966 103228 139418
103228 53966 139418
139418 53966 103228
14429 18339 137620
137620 14429 18339
18339 14429 137620
67557 28916 84446
84446 28916 67557
28916 67557 84446
30677 80646 139702
139702 30677 80646
80646 30677 139702
37839 45947 57203
45947 37839 57203
57203 37839 45947
130797 13770 133529
13770 130797 133529
133529 13770 130797
75368 49764 114337
49764 75368 114337
114337 49764 75368
106045 14529 118974
14529 106045 118974
118974 14529 106045
135042 26777 119268
119268 26777 135042
26777 119268 135042
24025 85913 92150
85913 24025 92150
92150 24025 85913
37782 78984 79662
78984 37782 79662
79662 37782 78984
96274 16604 90721
16604 90721 96274
90721 16604 96274
51930 133619 138900
133619 51930 138900
138900 51930 133619
2723 15690 24780
24780 2723 15690
15690 2723 24780
130029 45014 146195
45014 130029 146195
146195 45014 130029
101616 57818 68499
68499 57818 101616
57818 68499 101616
122487 94717 95294
95294 94717 122487
94717 95294 122487
1525 656 140920
140920 656 1525
656 1525 140920
130322 29545 118007
29545 118007 130322
118007 29545 130322
142262 31138 68628
31138 68628 142262
68628 31138 142262
84632 48332 61053
48332 61053 84632
61053 48332 84632
394 46291 88232
46291 394 88232
88232 394 46291
50883 35877 111425
35877 50883 111425
111425 35877 50883
56309 74803 119766
74803 56309 119766
119766 56309 74803
2788 40627 41529
40627 2788 41529
41529 2788 40627
12504 52812 88756
52812 12504 88756
88756 12504 52812
128006 26972 69706
26972 69706 128006
69706 26972 128006
139732 75091 123687
123687 75091 139732
75091 123687 139732
142471 12327 131454
131454 12327 142471
12327 131454 142471
102316 47204 87370
47204 87370 102316
87370 47204 102316
24642 76085 93251
76085 24642 93251
93251 24642 76085
26509 120328 149260
120328 26509 149260
149260 26509 120328
11300 108613 109469
109469 11300 108613
108613 11300 109469
314 66563 132065
66563 314 132065
132065 314 66563
101716 33053 103727
33053 101716 103727
103727 33053 101716
76832 101848 138628
138628 76832 101848
101848 76832 138628
74598 54580 83386
83386 54580 74598
54580 74598 83386
83084 36633 148106
148106 36633 83084
36633 83084 148106
130422 18187 81909
18187 81909 130422
81909 18187 130422
44677 43607 122130
43607 44677 122130
122130 43607 44677
106681 31634 117175
31634 106681 117175
117175 31634 106681
123331 39685 96513
96513 39685 123331
39685 96513 123331
90976 24680 68130
68130 24680 90976
24680 68130 90976
33452 32290 58931
32290 33452 58931
58931 32290 33452
121279 32632 76866
32632 76866 121279
76866 32632 121279
72530 13734 79244
13734 72530 79244
79244 13734 72530
116172 123294 145618
145618 116172 123294
123294 116172 145618
59316 82495 107705
107705 59316 82495
82495 59316 107705
147789 44163 103091
44163 103091 147789
103091 44163 147789
136231 29713 125592
29713 125592 136231
125592 29713 136231
69791 25650 99057
99057 25650 69791
25650 69791 99057
24340 57016 97348
97348 24340 57016
57016 24340 97348
14256 56483 147540
56483 14256 147540
147540 14256 56483
12787 90104 134001
90104 12787 134001
134001 12787 90104
56704 8344 8665
8344 8665 56704
8665 8344 56704
68008 63919 78385
78385 63919 68008
63919 68008 78385
1803 64647 114716
64647 1803 114716
114716 1803 64647
141332 52700 139534
52700 139534 141332
139534 52700 141332
50422 80554 123892
80554 50422 123892
123892 50422 80554
2313 104960 143930
104960 2313 143930
143930 2313 104960
15065 1451 86308
86308 1451 15065
1451 15065 86308
126270 32742 136841
136841 32742 126270
32742 126270 136841
99868 24745 33147
33147 24745 99868
24745 33147 99868
126890 43170 131016
131016 43170 126890
43170 126890 131016
137782 63682 137533
63682 137533 137782
137533 63682 137782
22967 26341 47627
47627 22967 26341
26341 22967 47627
1015 44016 136464
44016 1015 136464
136464 1015 44016
40779 26023 34556
34556 26023 40779
26023 34556 40779
131134 7183 66643
7183 66643 131134
66643 7183 131134
37759 29030 120999
120999 29030 37759
29030 37759 120999
101630 27554 80547
80547 27554 101630
27554 80547 101630
144640 70154 84205
70154 84205 144640
84205 70154 144640
47607 28321 32016
32016 28321 47607
28321 32016 47607
44193 1215 17992
17992 1215 44193
1215 17992 44193
58244 100751 128085
100751 58244 128085
128085 58244 100751
134510 19269 74209
74209 19269 134510
19269 74209 134510
119002 45298 48236
45298 48236 119002
48236 45298 119002
102097 16623 67636
67636 16623 102097
16623 67636 102097
66525 13954 146503
13954 66525 146503
146503 13954 66525
139467 65808 141158
65808 139467 141158
141158 65808 139467
1103 52616 143900
143900 1103 52616
52616 1103 143900
78893 62843 77931
62843 77931 78893
77931 62843 78893
137587 11158 137283
137283 11158 137587
11158 137283 137587
132109 36687 149784
149784 36687 132109
36687 132109 149784
147727 6273 63022
6273 63022 147727
63022 6273 147727
123041 42733 91530
42733 91530 123041
91530 42733 123041
33037 52573 127886
127886 33037 52573
52573 33037 127886
44162 109671 131008
109671 44162 131008
131008 44162 109671
111094 50556 118834
50556 111094 118834
118834 50556 111094
127433 94674 96488
96488 94674 127433
94674 96488 127433
72809 136155 139614
136155 72809 139614
139614 72809 136155
61174 1203 38270
1203 38270 61174
38270 1203 61174
51400 115513 123379
115513 51400 123379
123379 51400 115513
27200 54128 81092
81092 27200 54128
54128 27200 81092
31776 38104 83726
38104 31776 83726
83726 31776 38104
10418 27133 127925
127925 10418 27133
27133 10418 127925
31512 126585 137079
137079 31512 126585
126585 31512 137079
39827 55746 99293
55746 39827 99293
99293 39827 55746
139011 28385 96354
28385 96354 139011
96354 28385 139011
95641 5618 144191
144191 5618 95641
5618 95641 144191
121558 48449 52342
52342 48449 121558
48449 52342 121558
114640 85083 110969
85083 110969 114640
110969 85083 114640
47451 106654 121013
106654 47451 121013
121013 47451 106654
129434 20015 50623
20015 50623 129434
50623 20015 129434
38418 9966 35329
9966 35329 38418
35329 9966 38418
33360 71781 146635
146635 33360 71781
71781 33360 146635
52562 15631 43683
43683 15631 52562
15631 43683 52562
113749 80853 98648
80853 98648 113749
98648 80853 113749
109800 66447 115953
66447 109800 115953
115953 66447 109800
68315 7988 39981
7988 39981 68315
39981 7988 68315
92617 13337 34468
13337 34468 92617
34468 13337 92617
101626 56206 109678
109678 56206 101626
56206 101626 109678
7369 69574 116125
116125 7369 69574
69574 7369 116125
80438 74604 149569
74604 80438 149569
149569 74604 80438
24936 1092 25609
25609 1092 24936
1092 24936 25609
138346 23438 37881
23438 37881 138346
37881 23438 138346
86662 121147 121347
121147 86662 121347
121347 86662 121147
112049 35902 56587
56587 35902 112049
35902 56587 112049
61648 915 113908
113908 915 61648
915 61648 113908
104661 17463 113380
17463 104661 113380
113380 17463 104661
149096 15810 49498
15810 49498 149096
49498 15810 149096
107544 42223 145074
42223 107544 145074
145074 42223 107544
126212 20779 56047
56047 20779 126212
20779 56047 126212
125329 11724 119205
11724 119205 125329
119205 11724 125329
135526 62459 103595
103595 62459 135526
62459 103595 135526
139308 94729 112753
112753 94729 139308
94729 112753 139308
115529 31411 33150
31411 33150 115529
33150 31411 115529
77304 15855 140329
15855 77304 140329
140329 15855 77304
117347 107894 146747
146747 107894 117347
107894 117347 146747
121165 11172 119670
11172 119670 121165
119670 11172 121165
42077 72294 81480
72294 42077 81480
81480 42077 72294
75238 27037 116355
116355 27037 75238
27037 75238 116355
99683 73651 149911
73651 99683 149911
149911 73651 99683
56602 88833 127147
88833 56602 127147
127147 56602 88833
60270 15666 145052
145052 15666 60270
15666 60270 145052
88832 78926 105472
78926 88832 105472
105472 78926 88832
101870 24129 139992
24129 101870 139992
139992 24129 101870
34663 102911 114316
102911 34663 114316
114316 34663 102911
92472 50307 137252
50307 92472 137252
137252 50307 92472
21723 24759 92207
24759 21723 92207
92207 21723 24759
35466 68727 122392
122392 35466 68727
68727 35466 122392
87345 12469 89729
89729 12469 87345
12469 87345 89729
53178 19893 101853
101853 19893 53178
19893 53178 101853
15389 56117 115767
56117 15389 115767
115767 15389 56117
107609 58748 104348
58748 104348 107609
104348 58748 107609
74359 46759 120762
46759 74359 120762
120762 46759 74359
28442 107406 142551
142551 28442 107406
107406 28442 142551
59174 47726 135697
47726 59174 135697
135697 47726 59174
69698 5945 83669
5945 69698 83669
83669 5945 69698
119028 66680 147093
66680 119028 147093
147093 66680 119028
8489 78062 109013
109013 8489 78062
78062 8489 109013
47931 34205 39469
39469 34205 47931
34205 39469 47931
3018 78653 130743
78653 3018 130743
130743 3018 78653
14466 31102 68835
68835 14466 31102
31102 14466 68835
134577 1929 97472
1929 97472 134577
97472 1929 134577
91187 35729 143404
143404 35729 91187
35729 91187 143404
68625 111405 123843
123843 68625 111405
111405 68625 123843
12155 112398 140635
140635 12155 112398
112398 12155 140635
128334 6113 83295
83295 6113 128334
6113 83295 128334
126090 35487 83928
83928 35487 126090
35487 83928 126090
105038 23188 37283
23188 37283 105038
37283 23188 105038
113718 43895 114921
114921 43895 113718
43895 113718 114921
145741 73601 89438
89438 73601 145741
73601 89438 145741
98446 5303 125115
125115 5303 98446
5303 98446 125115
30668 17250 137584
137584 17250 30668
17250 30668 137584
43226 8565 121724
121724 8565 43226
8565 43226 121724
25041 118634 143143
143143 25041 118634
118634 25041 143143
21728 4468 134244
134244 4468 21728
4468 21728 134244
118928 105538 115608
105538 115608 118928
115608 105538 118928
64693 44927 115576
44927 64693 115576
115576 44927 64693
77807 8973 96621
8973 77807 96621
96621 8973 77807
72900 82530 96188
82530 72900 96188
96188 72900 82530
48204 105575 121697
121697 48204 105575
105575 48204 121697
85274 16130 148501
148501 16130 85274
16130 85274 148501
45955 58797 103258
103258 45955 58797
58797 45955 103258
49812 75798 79199
79199 49812 75798
75798 49812 79199
71324 70183 88467
88467 70183 71324
70183 71324 88467
113909 36896 149805
36896 113909 149805
149805 36896 113909
139817 2647 52782
52782 2647 139817
2647 52782 139817
95953 11971 125544
11971 95953 125544
125544 11971 95953
100584 16687 111330
16687 100584 111330
111330 16687 100584
113083 21094 47178
47178 21094 113083
21094 47178 113083
86763 34527 80140
34527 80140 86763
80140 34527 86763
136501 15946 41929
15946 41929 136501
41929 15946 136501
99774 10641 122833
10641 99774 122833
122833 10641 99774
136791 90887 111931
111931 90887 136791
90887 111931 136791
65730 95026 103461
103461 65730 95026
95026 65730 103461
5589 37598 130571
37598 5589 130571
130571 5589 37598
8779 92594 102066
92594 8779 102066
102066 8779 92594
112832 110947 112266
110947 112266 112832
112266 110947 112832
103711 24218 146727
24218 103711 146727
146727 24218 103711
46472 23408 111249
111249 23408 46472
23408 46472 111249
78361 133442 137474
133442 78361 137474
137474 78361 133442
136175 87936 146592
87936 136175 146592
146592 87936 136175
17719 90867 137040
137040 17719 90867
90867 17719 137040
26283 33099 76793
33099 26283 76793
76793 26283 33099
54040 6376 58021
58021 6376 54040
6376 54040 58021
149010 22835 114902
114902 22835 149010
22835 114902 149010
125006 68809 138255
68809 125006 138255
138255 68809 125006
93830 27678 39185
39185 27678 93830
27678 39185 93830
88631 55641 73519
73519 55641 88631
55641 73519 88631
125663 6521 107584
6521 107584 125663
107584 6521 125663
68438 103791 107048
107048 68438 103791
103791 68438 107048
140166 61212 124089
124089 61212 140166
61212 124089 140166
19490 10455 99772
99772 10455 19490
10455 19490 99772
105858 16072 81530
16072 81530 105858
81530 16072 105858
68765 90425 139914
90425 68765 139914
139914 68765 90425
55371 18691 138959
138959 18691 55371
18691 55371 138959
112889 53000 61100
61100 53000 112889
53000 61100 112889
105773 35418 89290
89290 35418 105773
35418 89290 105773
26542 79609 137928
79609 26542 137928
137928 26542 79609
27901 38997 55561
38997 27901 55561
55561 27901 38997
94287 120144 139816
139816 94287 120144
120144 94287 139816
10323 22875 55791
55791 10323 22875
22875 10323 55791
52422 54459 105206
105206 52422 54459
54459 52422 105206
62445 5276 40135
5276 40135 62445
40135 5276 62445
108997 33046 53080
33046 53080 108997
53080 33046 108997
109466 78666 122667
122667 78666 109466
78666 109466 122667
38342 99175 127060
99175 38342 127060
127060 38342 99175
16019 8568 21043
8568 16019 21043
21043 8568 16019
27560 93681 118493
93681 27560 118493
118493 27560 93681
18936 32096 84020
32096 18936 84020
84020 18936 32096
20021 87013 99081
87013 20021 99081
99081 20021 87013
96060 61257 66005
61257 66005 96060
66005 61257 96060
70394 25073 122514
122514 25073 70394
25073 70394 122514
79897 13245 132597
132597 13245 79897
13245 79897 132597
92851 17462 70023
70023 17462 92851
17462 70023 92851
113346 79388 144588
144588 79388 113346
79388 113346 144588
106481 51832 116055
116055 51832 106481
51832 106481 116055
40903 21238 44818
44818 21238 40903
21238 40903 44818
31092 55940 134794
134794 31092 55940
55940 31092 134794
115989 108407 136203
136203 108407 115989
108407 115989 136203
84689 56373 146399
56373 84689 146399
146399 56373 84689
90592 273 105922
105922 273 90592
273 90592 105922
108836 41081 91093
41081 91093 108836
91093 41081 108836
37844 80007 100190
100190 37844 80007
80007 37844 100190
114292 19296 142999
142999 19296 114292
19296 114292 142999
61527 12493 31276
12493 31276 61527
31276 12493 61527
100788 64390 127289
127289 64390 100788
64390 100788 127289
139070 8466 20740
20740 8466 139070
8466 20740 139070
104 70526 143630
143630 104 70526
70526 104 143630
133468 48859 132575
132575 48859 133468
48859 132575 133468
61747 90279 127256
90279 61747 127256
127256 61747 90279
141140 48102 102919
102919 48102 141140
48102 102919 141140
30431 17140 24991
17140 24991 30431
24991 17140 30431
39515 58946 147345
58946 39515 147345
147345 39515 58946
113707 53827 139574
139574 53827 113707
53827 113707 139574
76529 9265 28610
9265 28610 76529
28610 9265 76529
105665 46479 53523
53523 46479 105665
46479 53523 105665
32241 101113 107054
107054 32241 101113
101113 32241 107054
26650 13081 65042
13081 26650 65042
65042 13081 26650
50360 37688 41182
37688 41182 50360
41182 37688 50360
110788 41336 90405
41336 90405 110788
90405 41336 110788
127827 58381 129022
129022 58381 127827
58381 127827 129022
147792 135834 147805
147805 135834 147792
135834 147792 147805
122052 44995 72259
72259 44995 122052
44995 72259 122052
63912 115654 138968
115654 63912 138968
138968 63912 115654
113663 30278 79545
30278 79545 113663
79545 30278 113663
8719 100344 127119
127119 8719 100344
100344 8719 127119
53500 23699 54057
54057 23699 53500
23699 53500 54057
41941 46374 134357
134357 41941 46374
46374 41941 134357
68660 116877 119085
116877 68660 119085
119085 68660 116877
134961 3172 50274
3172 50274 134961
50274 3172 134961
85470 38799 89670
38799 85470 89670
89670 38799 85470
70839 51803 60057
51803 60057 70839
60057 51803 70839
38504 96399 113120
113120 38504 96399
96399 38504 113120
95557 56378 122782
56378 95557 122782
122782 56378 95557
141411 21805 130091
130091 21805 141411
21805 130091 141411
87556 6581 14485
6581 14485 87556
14485 6581 87556
9394 127413 129208
127413 9394 129208
129208 9394 127413
149627 26791 37561
26791 37561 149627
37561 26791 149627
132697 94865 143008
143008 94865 132697
94865 132697 143008
51481 7982 15138
15138 7982 51481
7982 15138 51481
78650 88512 124216
124216 78650 88512
88512 78650 124216
22352 36892 118866
36892 22352 118866
118866 22352 36892
58924 43846 55134
55134 43846 58924
43846 55134 58924
127941 36839 125857
125857 36839 127941
36839 125857 127941
143310 25789 56078
56078 25789 143310
25789 56078 143310
52135 99931 118900
118900 52135 99931
99931 52135 118900
127935 17759 85678
17759 85678 127935
85678 17759 127935
76296 110615 133635
133635 76296 110615
110615 76296 133635
58424 52045 90642
90642 52045 58424
52045 58424 90642
136385 48316 144255
48316 136385 144255
144255 48316 136385
77011 30464 84314
84314 30464 77011
30464 77011 84314
99711 44863 53087
44863 53087 99711
53087 44863 99711
57763 77795 92109
77795 57763 92109
92109 57763 77795
92428 3509 108372
3509 92428 108372
108372 3509 92428
142770 94595 130146
94595 130146 142770
130146 94595 142770
29579 127005 144916
127005 29579 144916
144916 29579 127005
73192 53992 68834
53992 68834 73192
68834 53992 73192
74710 37503 100383
37503 74710 100383
100383 37503 74710
41052 67484 104218
104218 41052 67484
67484 41052 104218
19012 29989 103809
103809 19012 29989
29989 19012 103809
7545 23617 43414
43414 7545 23617
23617 7545 43414
14802 85513 149448
149448 14802 85513
85513 14802 149448
105367 4832 110625
110625 4832 105367
4832 105367 110625
68017 71236 78471
78471 68017 71236
71236 68017 78471
71606 15671 124571
15671 71606 124571
124571 15671 71606
142506 18963 149122
149122 18963 142506
18963 142506 149122
143426 52650 125570
125570 52650 143426
52650 125570 143426
122421 66517 145507
66517 122421 145507
145507 66517 122421
96672 72463 91043
91043 72463 96672
72463 91043 96672
149923 42587 75674
42587 75674 149923
75674 42587 149923
119011 21537 48953
21537 48953 119011
48953 21537 119011
50656 47772 142480
142480 47772 50656
47772 50656 142480
131997 61350 132858
61350 131997 132858
132858 61350 131997
22743 108654 119537
119537 22743 108654
108654 22743 119537
363 31530 31670
31670 363 31530
31530 363 31670
73331 3460 24258
24258 3460 73331
3460 24258 73331
74226 9570 106865
106865 9570 74226
9570 74226 106865
11243 10488 124611
10488 11243 124611
124611 10488 11243
106438 857 38600
38600 857 106438
857 38600 106438
111536 42741 130792
130792 42741 111536
42741 111536 130792
28292 95192 141109
95192 28292 141109
141109 28292 95192
126974 34252 145778
34252 126974 145778
145778 34252 126974
117798 63556 64184
63556 64184 117798
64184 63556 117798
74384 30261 116856
30261 74384 116856
116856 30261 74384
69219 49667 53266
53266 49667 69219
49667 53266 69219
23110 101368 146245
146245 23110 101368
101368 23110 146245
99938 21210 128515
128515 21210 99938
21210 99938 128515
140036 61848 126883
126883 61848 140036
61848 126883 140036
21097 14911 75258
75258 14911 21097
14911 21097 75258
144371 67673 104066
104066 67673 144371
67673 104066 144371
89867 21858 65029
65029 21858 89867
21858 65029 89867
125566 124455 127267
127267 124455 125566
124455 125566 127267
32242 99941 135219
135219 32242 99941
99941 32242 135219
68445 10683 143264
143264 10683 68445
10683 68445 143264
139073 43469 118607
118607 43469 139073
43469 118607 139073
64673 9112 78938
78938 9112 64673
9112 64673 78938
68326 96771 145122
145122 68326 96771
96771 68326 145122
83785 119872 128682
119872 83785 128682
128682 83785 119872
16258 53800 132716
53800 16258 132716
132716 16258 53800
86130 8616 64834
8616 64834 86130
64834 8616 86130
130615 100792 101932
101932 100792 130615
100792 101932 130615
140050 7036 102841
7036 102841 140050
102841 7036 140050
76986 61840 114168
61840 76986 114168
114168 61840 76986
70015 28079 126736
28079 70015 126736
126736 28079 70015
3743 28168 89558
28168 3743 89558
89558 3743 28168
124304 13102 128952
13102 124304 128952
128952 13102 124304
129491 41123 82680
82680 41123 129491
41123 82680 129491
82348 58327 64206
64206 58327 82348
58327 64206 82348
30016 51761 131294
51761 30016 131294
131294 30016 51761
125334 60728 94024
60728 94024 125334
94024 60728 125334
2800 7373 107978
107978 2800 7373
7373 2800 107978
113188 61567 129083
61567 113188 129083
129083 61567 113188
102477 76494 126283
76494 102477 126283
126283 76494 102477
119864 6557 43572
43572 6557 119864
6557 43572 119864
66972 606 80697
606 66972 80697
80697 606 66972
116357 71140 114414
71140 114414 116357
114414 71140 116357
92757 68718 105894
105894 68718 92757
68718 92757 105894
65382 3030 81302
81302 3030 65382
3030 65382 81302
65286 63219 129379
63219 65286 129379
129379 63219 65286
12363 127688 144817
127688 12363 144817
144817 12363 127688
16819 39418 141930
39418 16819 141930
141930 16819 39418
767 105985 129399
129399 767 105985
105985 767 129399
67904 31645 63068
63068 31645 67904
31645 63068 67904
90005 47255 105163
47255 90005 105163
105163 47255 90005
89980 65875 78502
65875 78502 89980
78502 65875 89980
149660 86899 113659
86899 113659 149660
113659 86899 149660
16423 100759 125109
100759 16423 125109
125109 16423 100759
137556 2176 24269
2176 24269 137556
24269 2176 137556
46521 110848 122980
122980 46521 110848
110848 46521 122980
82446 95578 129427
95578 82446 129427
129427 82446 95578
144041 126516 149221
149221 126516 144041
126516 144041 149221
139854 12196 122679
12196 122679 139854
122679 12196 139854
71658 38156 69759
38156 69759 71658
69759 38156 71658
41316 27389 68934
68934 27389 41316
27389 41316 68934
138206 45336 83293
83293 45336 138206
45336 83293 138206
137009 17235 36448
17235 36448 137009
36448 17235 137009
17627 88310 92555
92555 17627 88310
88310 17627 92555
118410 14684 85683
85683 14684 118410
14684 85683 118410
137473 73 10518
73 10518 137473
10518 73 137473
33725 38022 63082
63082 33725 38022
38022 33725 63082
118025 52124 52435
52124 52435 118025
52435 52124 118025
7162 61515 107719
61515 7162 107719
107719 7162 61515
82168 103881 113753
113753 82168 103881
103881 82168 113753
147293 53082 62012
62012 53082 147293
53082 62012 147293
51422 19635 88727
19635 51422 88727
88727 19635 51422
50690 23657 43879
43879 23657 50690
23657 43879 50690
32270 94747 122706
122706 32270 94747
94747 32270 122706
8875 117631 127414
117631 8875 127414
127414 8875 117631
147920 13488 62286
62286 13488 147920
13488 62286 147920
141441 40384 116019
40384 116019 141441
116019 40384 141441
82025 79550 134652
134652 79550 82025
79550 82025 134652
20093 78968 100202
100202 20093 78968
78968 20093 100202
142285 15290 89416
15290 89416 142285
89416 15290 142285
105239 34803 44210
34803 44210 105239
44210 34803 105239
77585 99045 118982
99045 77585 118982
118982 77585 99045
115321 26432 118056
118056 26432 115321
26432 115321 118056
57349 940 98464
98464 940 57349
940 57349 98464
99710 28948 88164
88164 28948 99710
28948 88164 99710
96699 1501 5375
1501 5375 96699
5375 1501 96699
141400 50733 73919
73919 50733 141400
50733 73919 141400
33285 37440 76582
76582 33285 37440
37440 33285 76582
14895 21543 147232
21543 14895 147232
147232 14895 21543
67979 9477 31861
31861 9477 67979
9477 31861 67979
112136 65647 122560
65647 112136 122560
122560 65647 112136
147197 23984 88849
88849 23984 147197
23984 88849 147197
46547 50955 51094
50955 46547 51094
51094 46547 50955
135295 21178 38754
21178 38754 135295
38754 21178 135295
148556 20164 134461
134461 20164 148556
20164 134461 148556
144998 14907 47374
14907 47374 144998
47374 14907 144998
105546 121196 126901
126901 105546 121196
121196 105546 126901
42090 94494 142536
142536 42090 94494
94494 42090 142536
63381 116406 132777
116406 63381 132777
132777 63381 116406
62945 58592 90923
58592 62945 90923
90923 58592 62945
24914 4312 83228
83228 4312 24914
4312 24914 83228
115859 91312 125501
91312 115859 125501
125501 91312 115859
97957 37295 113787
113787 37295 97957
37295 97957 113787
35003 83442 141333
83442 35003 141333
141333 35003 83442
14850 60769 137779
137779 14850 60769
60769 14850 137779
142281 4087 30343
4087 30343 142281
30343 4087 142281
48975 14299 65752
65752 14299 48975
14299 48975 65752
47561 42092 110530
110530 42092 47561
42092 47561 110530
25277 47768 149181
47768 25277 149181
149181 25277 47768
82787 33921 119338
119338 33921 82787
33921 82787 119338
49690 41324 98967
41324 49690 98967
98967 41324 49690
79960 3393 25754
3393 25754 79960
25754 3393 79960
123079 7357 84676
7357 84676 123079
84676 7357 123079
45344 40336 66975
66975 40336 45344
40336 45344 66975
128999 28214 138816
138816 28214 128999
28214 128999 138816
82579 95665 100048
100048 82579 95665
95665 82579 100048
98797 10398 44709
44709 10398 98797
10398 44709 98797
32820 97456 101190
97456 32820 101190
101190 32820 97456
61735 88283 92195
92195 61735 88283
88283 61735 92195
73452 9268 91727
9268 73452 91727
91727 9268 73452
131822 59865 115856
59865 115856 131822
115856 59865 131822
149718 3783 8645
8645 3783 149718
3783 8645 149718
85831 51822 119153
51822 85831 119153
119153 51822 85831
6023 52686 82741
82741 6023 52686
52686 6023 82741
52293 5157 22762
22762 5157 52293
5157 22762 52293
10685 44751 118744
118744 10685 44751
44751 10685 118744
85365 23393 97033
97033 23393 85365
23393 85365 97033
91387 11474 22914
22914 11474 91387
11474 22914 91387
62042 100052 149697
100052 62042 149697
149697 62042 100052
39499 68593 71884
68593 39499 71884
71884 39499 68593
31501 129147 136727
136727 31501 129147
129147 31501 136727
92638 19495 50588
19495 50588 92638
50588 19495 92638
126287 17548 129145
129145 17548 126287
17548 126287 129145
52691 14204 128008
14204 52691 128008
128008 14204 52691
135586 20366 92985
92985 20366 135586
20366 92985 135586
23796 21140 149766
21140 23796 149766
149766 21140 23796
56807 28818 52962
52962 28818 56807
28818 52962 56807
101926 7681 111896
7681 101926 111896
111896 7681 101926
138167 9872 137360
137360 9872 138167
9872 137360 138167
13180 12153 34891
12153 13180 34891
34891 12153 13180
132082 75199 99873
99873 75199 132082
75199 99873 132082
89560 52581 128054
52581 89560 128054
128054 52581 89560
64737 72674 85655
72674 64737 85655
85655 64737 72674
9284 30083 51651
30083 9284 51651
51651 9284 30083
8583 58013 122553
58013 8583 122553
122553 8583 58013
209 92511 104737
92511 209 104737
104737 209 92511
88939 67064 74260
67064 74260 88939
74260 67064 88939
51781 1140 92959
92959 1140 51781
1140 51781 92959
119916 23273 41395
23273 41395 119916
41395 23273 119916
127576 903 143394
903 127576 143394
143394 903 127576
98895 59298 80926
80926 59298 98895
59298 80926 98895
16463 7514 103636
7514 16463 103636
103636 7514 16463
132165 31485 88344
31485 88344 132165
88344 31485 132165
95686 13298 69009
13298 69009 95686
69009 13298 95686
106188 100486 122794
100486 106188 122794
122794 100486 106188
135236 120024 143082
143082 120024 135236
120024 135236 143082
35183 68156 102122
102122 35183 68156
68156 35183 102122
54505 29261 147090
147090 29261 54505
29261 54505 147090
118767 104278 149800
149800 104278 118767
104278 118767 149800
38822 46623 140148
140148 38822 46623
46623 38822 140148
119869 1608 87926
1608 87926 119869
87926 1608 119869
77864 15948 67847
15948 67847 77864
67847 15948 77864
115208 16192 44205
44205 16192 115208
16192 44205 115208
120963 95559 140567
140567 95559 120963
95559 120963 140567
103958 30511 143974
143974 30511 103958
30511 103958 143974
104533 40131 143239
40131 104533 143239
143239 40131 104533
6239 6318 82523
82523 6239 6318
6318 6239 82523
65467 40107 60190
60190 40107 65467
40107 60190 65467
77119 56299 80270
80270 56299 77119
56299 77119 80270
4918 4093 144694
4093 4918 144694
144694 4093 4918
132652 37125 127293
37125 127293 132652
127293 37125 132652
119116 34362 37955
34362 37955 119116
37955 34362 119116
62584 79305 147385
79305 62584 147385
147385 62584 79305
69884 51420 72558
51420 69884 72558
72558 51420 69884
128252 104618 138921
138921 104618 128252
104618 128252 138921
94398 42925 81974
42925 81974 94398
81974 42925 94398
128038 8361 141756
141756 8361 128038
8361 128038 141756
71298 47712 54567
54567 47712 71298
47712 54567 71298
52472 16825 32919
16825 32919 52472
32919 16825 52472
147394 55907 143714
55907 143714 147394
143714 55907 147394
8013 81344 144089
81344 8013 144089
144089 8013 81344
90985 62965 67886
62965 67886 90985
67886 62965 90985
14555 28870 86008
86008 14555 28870
28870 14555 86008
5886 36993 64733
36993 5886 64733
64733 5886 36993
59241 3475 60426
60426 3475 59241
3475 59241 60426
9831 6390 37456
37456 6390 9831
6390 9831 37456
92580 79501 125496
79501 92580 125496
125496 79501 92580
9568 12 47356
47356 12 9568
12 9568 47356
118143 11133 39094
11133 39094 118143
39094 11133 118143
147887 52833 121859
121859 52833 147887
52833 121859 147887
115452 9295 130004
130004 9295 115452
9295 115452 130004
116461 7539 45327
45327 7539 116461
7539 45327 116461
43888 75467 78434
78434 43888 75467
75467 43888 78434
36211 92144 147244
92144 36211 147244
147244 36211 92144
76863 19488 70046
70046 19488 76863
19488 70046 76863
122828 28050 91139
28050 91139 122828
91139 28050 122828
42820 63094 102233
102233 42820 63094
63094 42820 102233
117589 99956 121866
121866 99956 117589
99956 117589 121866
120583 8845 62413
62413 8845 120583
8845 62413 120583
82932 110158 123845
110158 82932 123845
123845 82932 110158
126749 46275 120771
46275 120771 126749
120771 46275 126749
109125 17816 113118
113118 17816 109125
17816 109125 113118
63061 14511 87591
14511 63061 87591
87591 14511 63061
41579 32690 88273
32690 41579 88273
88273 32690 41579
52788 56446 81890
81890 52788 56446
56446 52788 81890
21477 40456 41069
41069 21477 40456
40456 21477 41069
105382 69474 133273
133273 69474 105382
69474 105382 133273
97897 46626 54678
54678 46626 97897
46626 54678 97897
120175 2310 22934
2310 22934 120175
22934 2310 120175
122028 43382 61726
61726 43382 122028
43382 61726 122028
122678 10028 44540
10028 44540 122678
44540 10028 122678
68853 103180 127297
103180 68853 127297
127297 68853 103180
86149 11273 128933
128933 11273 86149
11273 86149 128933
95097 3435 121472
121472 3435 95097
3435 95097 121472
16062 41715 149389
149389 16062 41715
41715 16062 149389
7718 24069 123828
123828 7718 24069
24069 7718 123828
145470 11797 34159
11797 34159 145470
34159 11797 145470
55662 66874 128814
128814 55662 66874
66874 55662 128814
105084 65054 117151
65054 105084 117151
117151 65054 105084
114850 40361 105654
40361 105654 114850
105654 40361 114850
43876 1557 64446
64446 1557 43876
1557 43876 64446
127335 60831 134638
134638 60831 127335
60831 127335 134638
113527 105616 113409
113409 105616 113527
105616 113409 113527
114496 51131 57576
51131 57576 114496
57576 51131 114496
110953 16879 76391
16879 76391 110953
76391 16879 110953
110236 28913 50541
50541 28913 110236
28913 50541 110236
59368 55394 124515
55394 59368 124515
124515 55394 59368
94763 33091 64414
64414 33091 94763
33091 64414 94763
83897 94227 99612
99612 83897 94227
94227 83897 99612
109936 73933 99225
73933 99225 109936
99225 73933 109936
26819 4999 13496
13496 4999 26819
4999 13496 26819
112112 15961 103171
15961 103171 112112
103171 15961 112112
97956 16600 98798
98798 16600 97956
16600 97956 98798
88595 86606 108634
86606 88595 108634
108634 86606 88595
124257 15979 82927
82927 15979 124257
15979 82927 124257
16888 34200 134006
134006 16888 34200
34200 16888 134006
32614 36878 68479
36878 32614 68479
68479 32614 36878
130703 61941 114684
114684 61941 130703
61941 114684 130703
20550 38987 43025
43025 20550 38987
38987 20550 43025
2457 75716 98138
98138 2457 75716
75716 2457 98138
86724 97647 105865
105865 86724 97647
97647 86724 105865
149834 76687 102965
102965 76687 149834
76687 102965 149834
114173 118699 140709
140709 114173 118699
118699 114173 140709
128459 29916 81898
29916 81898 128459
81898 29916 128459
100157 11185 38773
11185 38773 100157
38773 11185 100157
70668 109224 122582
122582 70668 109224
109224 70668 122582
110614 61916 124513
61916 110614 124513
124513 61916 110614
128221 37939 143385
143385 37939 128221
37939 128221 143385
102536 46546 125591
46546 102536 125591
125591 46546 102536
2591 52210 67015
67015 2591 52210
52210 2591 67015
71465 35366 126344
126344 35366 71465
35366 71465 126344
75671 127684 136924
127684 75671 136924
136924 75671 127684
146789 73803 84669
73803 84669 146789
84669 73803 146789
146720 89970 103230
89970 103230 146720
103230 89970 146720
133539 72322 126679
126679 72322 133539
72322 126679 133539
6248 96243 135626
135626 6248 96243
96243 6248 135626
34076 42954 107320
42954 34076 107320
107320 34076 42954
125272 13151 13189
13189 13151 125272
13151 13189 125272
100207 7342 101899
101899 7342 100207
7342 100207 101899
27514 17410 146854
17410 27514 146854
146854 17410 27514
83686 29086 106867
106867 29086 83686
29086 83686 106867
29425 41917 59429
41917 29425 59429
59429 29425 41917
115480 70658 104754
104754 70658 115480
70658 104754 115480
114567 53940 114451
114451 53940 114567
53940 114451 114567
93698 43048 57780
57780 43048 93698
43048 57780 93698
24977 34326 140608
34326 24977 140608
140608 24977 34326
92986 64684 133344
133344 64684 92986
64684 92986 133344
132046 47141 84945
84945 47141 132046
47141 84945 132046
36845 30035 111870
111870 30035 36845
30035 36845 111870
17437 88608 145342
145342 17437 88608
88608 17437 145342
43958 51165 108939
108939 43958 51165
51165 43958 108939
78156 18909 95002
18909 78156 95002
95002 18909 78156
52296 120212 144306
120212 52296 144306
144306 52296 120212
30500 102250 109495
109495 30500 102250
102250 30500 109495
94574 55404 73571
73571 55404 94574
55404 73571 94574
37961 75111 76937
75111 37961 76937
76937 37961 75111
31942 74325 116034
116034 31942 74325
74325 31942 116034
143315 19789 55938
55938 19789 143315
19789 55938 143315
141688 27497 98817
27497 98817 141688
98817 27497 141688
103740 74809 88860
88860 74809 103740
74809 88860 103740
69665 7102 46531
46531 7102 69665
7102 46531 69665
109542 40242 134339
40242 109542 134339
134339 40242 109542
122458 89766 144622
144622 89766 122458
89766 122458 144622
2004 82470 129867
129867 2004 82470
82470 2004 129867
122455 31824 88771
88771 31824 122455
31824 88771 122455
59445 95617 110673
110673 59445 95617
95617 59445 110673
11155 40184 133095
40184 11155 133095
133095 11155 40184
24905 72965 104781
72965 24905 104781
104781 24905 72965
46961 26615 48799
48799 26615 46961
26615 46961 48799
16999 14015 77671
77671 14015 16999
14015 16999 77671
33414 13243 113139
13243 33414 113139
113139 13243 33414
122613 93703 94923
93703 94923 122613
94923 93703 122613
2412 12257 49845
12257 2412 49845
49845 2412 12257
65100 34269 50713
50713 34269 65100
34269 50713 65100
43099 11648 33901
11648 33901 43099
33901 11648 43099
21627 39850 132686
39850 21627 132686
132686 21627 39850
133889 86807 93762
86807 93762 133889
93762 86807 133889
133118 50729 143508
143508 50729 133118
50729 133118 143508
87161 47314 64094
47314 64094 87161
64094 47314 87161
145 29910 143071
29910 145 143071
143071 145 29910
51807 31681 133929
133929 31681 51807
31681 51807 133929
7444 5064 112349
5064 7444 112349
112349 5064 7444
76807 103556 134021
134021 76807 103556
103556 76807 134021
28184 8710 84260
8710 28184 84260
84260 8710 28184
70551 58177 98606
98606 58177 70551
58177 70551 98606
78446 19981 52354
19981 52354 78446
52354 19981 78446
95178 11528 70313
11528 70313 95178
70313 11528 95178
43730 83272 117568
117568 43730 83272
83272 43730 117568
149012 93107 134921
134921 93107 149012
93107 134921 149012
100174 71467 128841
128841 71467 100174
71467 100174 128841
57972 32860 61134
61134 32860 57972
32860 57972 61134
140586 90626 131759
90626 131759 140586
131759 90626 140586
79483 14336 135115
135115 14336 79483
14336 79483 135115
144627 84069 142552
142552 84069 144627
84069 142552 144627
4694 20672 101163
101163 4694 20672
20672 4694 101163
51654 73621 133637
73621 51654 133637
133637 51654 73621
24014 52899 62597
52899 24014 62597
62597 24014 52899
24282 6815 83110
83110 6815 24282
6815 24282 83110
97458 15916 132677
15916 97458 132677
132677 15916 97458
74094 61060 84740
61060 74094 84740
84740 61060 74094
87048 53481 147003
53481 87048 147003
147003 53481 87048
86830 105987 119250
105987 86830 119250
119250 86830 105987
148527 26463 149832
26463 148527 149832
149832 26463 148527
134654 67375 69141
67375 69141 134654
69141 67375 134654
8438 44178 84088
44178 8438 84088
84088 8438 44178
62119 15723 50665
15723 50665 62119
50665 15723 62119
94659 40416 62617
40416 62617 94659
62617 40416 94659
4555 40717 106961
106961 4555 40717
40717 4555 106961
13497 38643 145938
145938 13497 38643
38643 13497 145938
21085 48442 88423
48442 21085 88423
88423 21085 48442
19200 50872 128774
50872 19200 128774
128774 19200 50872
84733 5148 81001
5148 81001 84733
81001 5148 84733
101865 12529 48212
48212 12529 101865
12529 48212 101865
76209 114743 120058
114743 76209 120058
120058 76209 114743
103218 93435 97538
93435 97538 103218
97538 93435 103218
92171 41258 118331
41258 92171 118331
118331 41258 92171
71661 13664 128290
13664 71661 128290
128290 13664 71661
35578 67670 141904
141904 35578 67670
67670 35578 141904
3472 2245 13434
13434 2245 3472
2245 3472 13434
27140 100415 128178
128178 27140 100415
100415 27140 128178
3180 24260 78397
24260 3180 78397
78397 3180 24260
58822 92559 147815
92559 58822 147815
147815 58822 92559
142174 44714 65604
65604 44714 142174
44714 65604 142174
119416 101569 106833
101569 106833 119416
106833 101569 119416
56136 84821 97871
84821 56136 97871
97871 56136 84821
3650 4195 78804
78804 3650 4195
4195 3650 78804
20703 55481 83526
55481 20703 83526
83526 20703 55481
101027 87553 99256
87553 99256 101027
99256 87553 101027
52793 83772 123175
123175 52793 83772
83772 52793 123175
75746 7580 114125
114125 7580 75746
7580 75746 114125
128168 70333 147190
147190 70333 128168
70333 128168 147190
132270 13906 137667
13906 132270 137667
137667 13906 132270
47640 82648 93723
82648 47640 93723
93723 47640 82648
127221 41334 64923
64923 41334 127221
41334 64923 127221
5209 56598 83557
83557 5209 56598
56598 5209 83557
135665 38574 59171
59171 38574 135665
38574 59171 135665
110897 46197 55081
55081 46197 110897
46197 55081 110897
70161 37419 51720
51720 37419 70161
37419 51720 70161
146167 33971 136670
