3886 7915 8421
7915 3886 8421
8421 3886 7915
8014 6831 10281
10281 6831 8014
6831 8014 10281
441 10811 13226
13226 441 10811
10811 441 13226
12823 2792 4455
4455 2792 12823
2792 4455 12823
1887 1066 1239
1239 1066 1887
1066 1239 1887
4172 2320 5440
5440 2320 4172
2320 4172 5440
4686 2955 6935
6935 2955 4686
2955 4686 6935
11315 1254 4560
1254 4560 11315
4560 1254 11315
8654 2103 2504
2504 2103 8654
2103 2504 8654
4517 727 5980
727 4517 5980
5980 727 4517
12455 3995 5637
5637 3995 12455
3995 5637 12455
4414 8834 13031
13031 4414 8834
8834 4414 13031
2917 12620 14525
14525 2917 12620
12620 2917 14525
3016 1364 3678
3678 1364 3016
1364 3016 3678
568 11222 13832
11222 568 13832
13832 568 11222
4188 11698 14877
14877 4188 11698
11698 4188 14877
1350 7851 8640
7851 1350 8640
8640 1350 7851
2658 5041 12758
5041 2658 12758
12758 2658 5041
10880 9225 13358
13358 9225 10880
9225 10880 13358
4449 720 7509
720 4449 7509
7509 720 4449
6038 802 3040
802 3040 6038
3040 802 6038
10832 3035 4046
4046 3035 10832
3035 4046 10832
1060 6181 11614
11614 1060 6181
6181 1060 11614
8376 2348 13003
13003 2348 8376
2348 8376 13003
11262 3202 14731
14731 3202 11262
3202 11262 14731
5614 2309 2733
2309 2733 5614
2733 2309 5614
8207 7973 10087
10087 7973 8207
7973 8207 10087
11724 3595 6653
6653 3595 11724
3595 6653 11724
10544 338 7240
338 7240 10544
7240 338 10544
12989 8427 12845
8427 12845 12989
12845 8427 12989
2698 8288 8698
8698 2698 8288
8288 2698 8698
9541 4166 5799
4166 5799 9541
5799 4166 9541
7833 2508 10460
10460 2508 7833
2508 7833 10460
11049 1894 10265
10265 1894 11049
1894 10265 11049
6132 3762 4862
4862 3762 6132
3762 4862 6132
8969 7968 11858
11858 7968 8969
7968 8969 11858
8761 9257 11464
11464 8761 9257
9257 8761 11464
8084 2896 6858
6858 2896 8084
2896 6858 8084
13135 2002 9981
9981 2002 13135
2002 9981 13135
4634 6714 13999
6714 4634 13999
13999 4634 6714
14800 4247 12572
4247 12572 14800
12572 4247 14800
8632 3753 12816
3753 8632 12816
12816 3753 8632
3967 3478 11331
3478 3967 11331
11331 3478 3967
9695 5953 7643
5953 7643 9695
7643 5953 9695
8627 7339 14615
14615 7339 8627
7339 8627 14615
1881 4939 5124
4939 1881 5124
5124 1881 4939
11598 7940 14018
14018 7940 11598
7940 11598 14018
967 2820 9592
2820 967 9592
9592 967 2820
14027 1699 8981
8981 1699 14027
1699 8981 14027
7588 3545 7092
7092 3545 7588
3545 7092 7588
466 8026 13602
8026 466 13602
13602 466 8026
12173 505 2104
505 2104 12173
2104 505 12173
8664 1745 7139
1745 7139 8664
7139 1745 8664
14716 3625 14156
14156 3625 14716
3625 14156 14716
13824 7224 7651
7224 7651 13824
7651 7224 13824
7948 9714 10136
10136 7948 9714
9714 7948 10136
8951 10657 14690
10657 8951 14690
14690 8951 10657
5038 601 7803
7803 601 5038
601 5038 7803
5036 5338 9347
5338 5036 9347
9347 5036 5338
14847 1601 7380
1601 7380 14847
7380 1601 14847
265 1039 14190
14190 265 1039
1039 265 14190
11332 10188 12104
10188 11332 12104
12104 10188 11332
978 109 11276
11276 109 978
109 978 11276
3844 2503 12902
2503 3844 12902
12902 2503 3844
14588 3150 10091
3150 10091 14588
10091 3150 14588
1425 5687 14627
5687 1425 14627
14627 1425 5687
8536 3334 8312
8312 3334 8536
3334 8312 8536
9421 8008 13724
13724 8008 9421
8008 9421 13724
5155 6182 13659
6182 5155 13659
13659 5155 6182
7461 7511 12791
12791 7461 7511
7511 7461 12791
9909 3511 12766
3511 9909 12766
12766 3511 9909
2050 1135 7378
7378 1135 2050
1135 2050 7378
9015 716 2296
2296 716 9015
716 2296 9015
2608 6365 8646
8646 2608 6365
6365 2608 8646
12645 1647 1901
1647 1901 12645
1901 1647 12645
1271 2319 2426
2426 1271 2319
2319 1271 2426
10986 194 13779
194 10986 13779
13779 194 10986
1510 1979 11044
1979 1510 11044
11044 1510 1979
10543 4985 14498
4985 10543 14498
14498 4985 10543
5447 1907 13285
1907 5447 13285
13285 1907 5447
9662 6590 9266
6590 9266 9662
9266 6590 9662
5680 970 6020
970 5680 6020
6020 970 5680
9898 9454 11819
9454 9898 11819
11819 9454 9898
135 3540 5625
3540 135 5625
5625 135 3540
7333 756 14061
14061 756 7333
756 7333 14061
11286 1348 8921
8921 1348 11286
1348 8921 11286
4678 513 10540
10540 513 4678
513 4678 10540
869 9217 9561
9217 869 9561
9561 869 9217
6991 1087 9259
9259 1087 6991
1087 6991 9259
1836 8322 14950
8322 1836 14950
14950 1836 8322
10062 4703 4855
4855 4703 10062
4703 4855 10062
7943 6795 14902
6795 7943 14902
14902 6795 7943
6367 4786 9445
9445 4786 6367
4786 6367 9445
11082 12727 14555
12727 11082 14555
14555 11082 12727
3892 976 14772
976 3892 14772
14772 976 3892
7944 5007 13248
5007 7944 13248
13248 5007 7944
10199 12139 14605
12139 10199 14605
14605 10199 12139
6962 8770 9912
9912 6962 8770
8770 6962 9912
1050 13012 14579
13012 1050 14579
14579 1050 13012
4185 2405 6353
2405 4185 6353
6353 2405 4185
2931 6402 9748
6402 2931 9748
9748 2931 6402
13403 752 2473
752 2473 13403
2473 752 13403
7937 9327 11412
9327 7937 11412
11412 7937 9327
7280 1597 6369
6369 1597 7280
1597 6369 7280
5441 2664 12513
12513 2664 5441
2664 5441 12513
9823 5126 6431
6431 5126 9823
5126 6431 9823
2335 10448 10628
10628 2335 10448
10448 2335 10628
10350 4238 12489
4238 10350 12489
12489 4238 10350
3268 309 14840
309 3268 14840
14840 309 3268
1798 8557 11407
11407 1798 8557
8557 1798 11407
3192 6860 10223
6860 3192 10223
10223 3192 6860
8936 8942 14511
8942 8936 14511
14511 8936 8942
4782 8638 12430
12430 4782 8638
8638 4782 12430
11191 5196 6917
6917 5196 11191
5196 6917 11191
2714 723 9928
723 2714 9928
9928 723 2714
5442 10726 12231
12231 5442 10726
10726 5442 12231
10976 13854 14547
14547 10976 13854
13854 10976 14547
89 9211 12269
9211 89 12269
12269 89 9211
9915 1209 12505
1209 9915 12505
12505 1209 9915
10302 4147 9519
9519 4147 10302
4147 9519 10302
9276 1078 6304
6304 1078 9276
1078 6304 9276
11655 3977 14352
14352 3977 11655
3977 11655 14352
4569 11064 12258
11064 4569 12258
12258 4569 11064
3189 13591 14089
13591 3189 14089
14089 3189 13591
9832 7817 10331
10331 7817 9832
7817 9832 10331
6619 13256 14523
13256 6619 14523
14523 6619 13256
1217 7296 11908
7296 1217 11908
11908 1217 7296
13679 5078 6520
5078 6520 13679
6520 5078 13679
8767 8174 8472
8174 8472 8767
8472 8174 8767
13368 10491 14992
10491 13368 14992
14992 10491 13368
4692 8434 13295
8434 4692 13295
13295 4692 8434
12232 5123 10912
5123 10912 12232
10912 5123 12232
12422 4946 14882
4946 12422 14882
14882 4946 12422
5270 10413 14878
10413 5270 14878
14878 5270 10413
11266 3870 9511
9511 3870 11266
3870 9511 11266
4922 4222 8617
8617 4222 4922
4222 4922 8617
2376 9641 13973
9641 2376 13973
13973 2376 9641
7405 2031 3213
2031 3213 7405
3213 2031 7405
1323 1291 14395
14395 1291 1323
1291 1323 14395
1742 1279 8773
1279 1742 8773
8773 1279 1742
14157 6857 13314
6857 13314 14157
13314 6857 14157
6942 7375 14670
7375 6942 14670
14670 6942 7375
5723 3490 6443
3490 5723 6443
6443 3490 5723
3975 5663 5711
5663 3975 5711
5711 3975 5663
7165 8415 9402
9402 7165 8415
8415 7165 9402
4408 11489 11925
11489 4408 11925
11925 4408 11489
10962 6166 14809
6166 10962 14809
14809 6166 10962
3024 5994 8844
8844 3024 5994
5994 3024 8844
10623 2549 4063
4063 2549 10623
2549 4063 10623
6041 1204 10693
1204 6041 10693
10693 1204 6041
11884 9795 12495
12495 9795 11884
9795 11884 12495
1707 6582 9680
6582 1707 9680
9680 1707 6582
14751 11312 11969
11312 11969 14751
11969 11312 14751
13259 212 7407
7407 212 13259
212 7407 13259
8706 4428 9199
4428 8706 9199
9199 4428 8706
1565 7122 11145
11145 1565 7122
7122 1565 11145
2773 2633 12506
12506 2633 2773
2633 2773 12506
8464 10334 14149
10334 8464 14149
14149 8464 10334
2861 107 5247
107 2861 5247
5247 107 2861
6560 8573 11131
8573 6560 11131
11131 6560 8573
14012 7850 8045
7850 8045 14012
8045 7850 14012
11408 13709 14756
13709 11408 14756
14756 11408 13709
5468 134 14585
14585 134 5468
134 5468 14585
11608 882 5545
5545 882 11608
882 5545 11608
12259 4445 8071
8071 4445 12259
4445 8071 12259
10435 387 6607
387 6607 10435
6607 387 10435
6673 3344 9416
9416 3344 6673
3344 6673 9416
2793 4311 12080
4311 2793 12080
12080 2793 4311
10608 6532 13130
6532 10608 13130
13130 6532 10608
4112 11926 12230
12230 4112 11926
11926 4112 12230
9604 3898 11988
3898 9604 11988
11988 3898 9604
7264 6245 14253
6245 7264 14253
14253 6245 7264
376 4798 7717
7717 376 4798
4798 376 7717
10633 10603 13405
10603 10633 13405
13405 10603 10633
1369 848 10793
10793 848 1369
848 1369 10793
10390 2477 13804
13804 2477 10390
2477 10390 13804
6331 8796 14258
14258 6331 8796
8796 6331 14258
5635 5202 11420
11420 5202 5635
5202 5635 11420
6802 7344 9758
7344 6802 9758
9758 6802 7344
13912 2163 14691
14691 2163 13912
2163 13912 14691
13950 1864 11529
11529 1864 13950
1864 11529 13950
6536 4603 10071
10071 4603 6536
4603 6536 10071
6841 1378 9626
1378 6841 9626
9626 1378 6841
12144 9787 14798
9787 12144 14798
14798 9787 12144
9081 7891 11333
7891 9081 11333
11333 7891 9081
7164 990 7080
990 7080 7164
7080 990 7164
90 3624 10068
3624 90 10068
10068 90 3624
1424 2750 4323
4323 1424 2750
2750 1424 4323
13897 2663 10522
2663 10522 13897
10522 2663 13897
14827 8500 11871
8500 11871 14827
11871 8500 14827
2727 6209 13872
13872 2727 6209
6209 2727 13872
7549 4212 11850
4212 7549 11850
11850 4212 7549
9220 6595 6891
6595 6891 9220
6891 6595 9220
12314 11246 14717
14717 11246 12314
11246 12314 14717
11076 1089 1145
1089 1145 11076
1145 1089 11076
8564 682 13616
682 8564 13616
13616 682 8564
9203 3020 9930
9930 3020 9203
3020 9203 9930
8630 9141 12792
12792 8630 9141
9141 8630 12792
8423 6491 7023
7023 6491 8423
6491 7023 8423
2160 6504 7822
6504 2160 7822
7822 2160 6504
10224 3297 5033
3297 5033 10224
5033 3297 10224
4974 10153 13318
13318 4974 10153
10153 4974 13318
10849 6264 10733
6264 10733 10849
10733 6264 10849
12178 4039 9775
4039 9775 12178
9775 4039 12178
3414 1816 14299
1816 3414 14299
14299 1816 3414
8763 2244 9606
9606 2244 8763
2244 8763 9606
8249 833 9382
9382 833 8249
833 8249 9382
11030 5410 7402
7402 5410 11030
5410 7402 11030
2080 5898 12408
12408 2080 5898
5898 2080 12408
5578 5088 10086
5088 5578 10086
10086 5088 5578
10872 4904 7019
7019 4904 10872
4904 7019 10872
612 3799 7230
7230 612 3799
3799 612 7230
8944 2595 8212
8212 2595 8944
2595 8212 8944
1094 2178 7211
2178 1094 7211
7211 1094 2178
555 7530 8576
8576 555 7530
7530 555 8576
4364 1045 8545
8545 1045 4364
1045 4364 8545
9395 12115 13875
13875 9395 12115
12115 9395 13875
6948 465 12808
465 6948 12808
12808 465 6948
9188 5189 6077
6077 5189 9188
5189 6077 9188
7998 7221 11285
7221 7998 11285
11285 7221 7998
6258 2017 12476
2017 6258 12476
12476 2017 6258
1879 7370 14569
7370 1879 14569
14569 1879 7370
14935 11053 13737
13737 11053 14935
11053 13737 14935
11376 2511 13920
2511 11376 13920
13920 2511 11376
12515 13518 14117
13518 12515 14117
14117 12515 13518
8985 1277 8804
8804 1277 8985
1277 8804 8985
5077 11822 14466
11822 5077 14466
14466 5077 11822
4232 4645 13378
13378 4232 4645
4645 4232 13378
6963 1262 3037
3037 1262 6963
1262 3037 6963
6508 1867 10635
10635 1867 6508
1867 6508 10635
6023 7351 12783
7351 6023 12783
12783 6023 7351
12654 5331 6463
6463 5331 12654
5331 6463 12654
5592 10905 11458
10905 5592 11458
11458 5592 10905
9088 2748 7142
2748 7142 9088
7142 2748 9088
4106 7178 7611
7178 4106 7611
7611 4106 7178
8455 2980 10252
2980 8455 10252
10252 2980 8455
2249 7574 12738
7574 2249 12738
12738 2249 7574
1134 13093 14390
14390 1134 13093
13093 1134 14390
3651 5606 13292
5606 3651 13292
13292 3651 5606
6970 6856 9772
9772 6856 6970
6856 6970 9772
7610 2784 8853
2784 7610 8853
8853 2784 7610
10874 9106 12336
12336 9106 10874
9106 10874 12336
106 524 14064
14064 106 524
524 106 14064
5562 62 4347
62 4347 5562
4347 62 5562
13680 8582 12611
8582 12611 13680
12611 8582 13680
1149 10581 11741
11741 1149 10581
10581 1149 11741
7728 4191 9878
9878 4191 7728
4191 7728 9878
3300 5210 7174
5210 3300 7174
7174 3300 5210
67 9045 10878
10878 67 9045
9045 67 10878
9049 2501 5433
2501 5433 9049
5433 2501 9049
5931 2441 6776
6776 2441 5931
2441 5931 6776
7482 1569 13062
1569 7482 13062
13062 1569 7482
7319 1608 3858
1608 3858 7319
3858 1608 7319
3818 165 5823
165 3818 5823
5823 165 3818
4519 2915 3426
3426 2915 4519
2915 3426 4519
10639 2901 3133
3133 2901 10639
2901 3133 10639
12639 7220 12536
12536 7220 12639
7220 12536 12639
887 3017 7911
3017 887 7911
7911 887 3017
1000 3138 14070
3138 1000 14070
14070 1000 3138
935 4457 13057
13057 935 4457
4457 935 13057
13320 2672 13483
13483 2672 13320
2672 13320 13483
13858 9565 12310
9565 12310 13858
12310 9565 13858
5761 5178 10001
5178 5761 10001
10001 5178 5761
14482 5491 8743
8743 5491 14482
5491 8743 14482
9678 9021 9041
9041 9021 9678
9021 9041 9678
13024 1912 10964
1912 10964 13024
10964 1912 13024
14264 346 12389
12389 346 14264
346 12389 14264
904 5332 14956
14956 904 5332
5332 904 14956
10881 9636 12181
9636 10881 12181
12181 9636 10881
7487 10956 14421
14421 7487 10956
10956 7487 14421
7072 1235 9876
9876 1235 7072
1235 7072 9876
1740 2687 7106
7106 1740 2687
2687 1740 7106
9539 3570 9349
9349 3570 9539
3570 9349 9539
14460 1051 9577
9577 1051 14460
1051 9577 14460
12343 1889 4935
4935 1889 12343
1889 4935 12343
7512 132 2617
2617 132 7512
132 2617 7512
2730 631 13188
631 2730 13188
13188 631 2730
965 4877 10360
4877 965 10360
10360 965 4877
13383 8449 10718
8449 10718 13383
10718 8449 13383
7056 9839 11215
11215 7056 9839
9839 7056 11215
11391 10591 11395
10591 11391 11395
11395 10591 11391
13138 3666 4231
4231 3666 13138
3666 4231 13138
14087 7204 7600
7600 7204 14087
7204 7600 14087
6509 6392 7991
7991 6392 6509
6392 6509 7991
10409 3556 4141
3556 4141 10409
4141 3556 10409
7035 13398 14818
14818 7035 13398
13398 7035 14818
6048 87 4160
87 4160 6048
4160 87 6048
5658 4473 9060
4473 5658 9060
9060 4473 5658
14393 1695 8239
1695 8239 14393
8239 1695 14393
1356 280 14590
14590 280 1356
280 1356 14590
8093 2455 3209
3209 2455 8093
2455 3209 8093
2434 1893 2260
2260 1893 2434
1893 2260 2434
1825 7432 8665
8665 1825 7432
7432 1825 8665
1155 10678 14141
10678 1155 14141
14141 1155 10678
2747 6829 11755
6829 2747 11755
11755 2747 6829
9537 1097 14115
1097 9537 14115
14115 1097 9537
10173 8030 8041
8030 8041 10173
8041 8030 10173
10960 357 6507
6507 357 10960
357 6507 10960
3487 7887 12895
12895 3487 7887
7887 3487 12895
6410 2752 11211
2752 6410 11211
11211 2752 6410
14732 2983 8000
8000 2983 14732
2983 8000 14732
13043 7415 10443
10443 7415 13043
7415 10443 13043
12870 10352 10382
10382 10352 12870
10352 10382 12870
10468 4982 14938
14938 4982 10468
4982 10468 14938
11427 1366 9665
1366 9665 11427
9665 1366 11427
14673 4837 6130
4837 6130 14673
6130 4837 14673
14813 6437 10749
10749 6437 14813
6437 10749 14813
5777 7475 13260
7475 5777 13260
13260 5777 7475
1419 1933 5647
1933 1419 5647
5647 1419 1933
6081 10917 14110
10917 6081 14110
14110 6081 10917
5473 9481 14681
9481 5473 14681
14681 5473 9481
9884 8774 11990
11990 8774 9884
8774 9884 11990
745 4613 11397
11397 745 4613
4613 745 11397
3506 1916 3287
3287 1916 3506
1916 3287 3506
12472 2116 2574
2574 2116 12472
2116 2574 12472
1113 461 4242
4242 461 1113
461 1113 4242
10342 6929 11662
11662 6929 10342
6929 10342 11662
9818 3949 13098
3949 9818 13098
13098 3949 9818
1728 4722 6927
6927 1728 4722
4722 1728 6927
1645 11454 14240
11454 1645 14240
14240 1645 11454
4711 5051 7313
5051 4711 7313
7313 4711 5051
2736 5760 10210
5760 2736 10210
10210 2736 5760
12764 9464 13650
9464 12764 13650
13650 9464 12764
7848 5044 5399
5044 5399 7848
5399 5044 7848
5914 5165 12065
12065 5165 5914
5165 5914 12065
684 8175 14452
8175 684 14452
14452 684 8175
4618 6621 14915
6621 4618 14915
14915 4618 6621
12767 2770 8068
2770 8068 12767
8068 2770 12767
1882 186 6421
186 1882 6421
6421 186 1882
12247 3276 8311
8311 3276 12247
3276 8311 12247
1293 1643 7570
7570 1293 1643
1643 1293 7570
10185 11513 13944
13944 10185 11513
11513 10185 13944
14257 13703 14727
13703 14257 14727
14727 13703 14257
5226 1130 5466
1130 5226 5466
5466 1130 5226
960 3196 12012
3196 960 12012
12012 960 3196
3005 10478 11154
10478 3005 11154
11154 3005 10478
2458 1117 9656
1117 2458 9656
9656 1117 2458
2943 2126 4016
4016 2126 2943
2126 2943 4016
10050 96 4293
4293 96 10050
96 4293 10050
14144 3935 10059
3935 10059 14144
10059 3935 14144
8824 6816 6972
6972 6816 8824
6816 6972 8824
9095 6584 13644
6584 9095 13644
13644 6584 9095
13265 8456 8735
8735 8456 13265
8456 8735 13265
4907 7086 9623
9623 4907 7086
7086 4907 9623
8081 1506 4264
1506 4264 8081
4264 1506 8081
4582 2295 7665
7665 2295 4582
2295 4582 7665
7434 861 9293
9293 861 7434
861 7434 9293
7782 56 8842
56 7782 8842
8842 56 7782
4083 5501 11563
11563 4083 5501
5501 4083 11563
1215 4673 8079
8079 1215 4673
4673 1215 8079
6820 10541 14120
14120 6820 10541
10541 6820 14120
7270 4898 5113
5113 4898 7270
4898 5113 7270
11342 6284 6510
6510 6284 11342
6284 6510 11342
11299 4586 7298
4586 7298 11299
7298 4586 11299
9057 7794 12177
12177 7794 9057
7794 9057 12177
2818 2179 9392
9392 2179 2818
2179 2818 9392
12802 6495 10042
10042 6495 12802
6495 10042 12802
7718 11406 13618
11406 7718 13618
13618 7718 11406
7127 10139 12657
12657 7127 10139
10139 7127 12657
10883 3877 12813
3877 10883 12813
12813 3877 10883
180 11021 11383
11383 180 11021
11021 180 11383
8091 2454 8732
2454 8091 8732
8732 2454 8091
12542 6299 12197
12197 6299 12542
6299 12197 12542
4691 3083 13817
3083 4691 13817
13817 3083 4691
13772 2881 8550
2881 8550 13772
8550 2881 13772
3961 707 8649
8649 707 3961
707 3961 8649
14215 391 3123
3123 391 14215
391 3123 14215
10644 3171 9103
3171 9103 10644
9103 3171 10644
12592 423 14582
14582 423 12592
423 12592 14582
13914 8918 13279
13279 8918 13914
8918 13279 13914
1995 3456 12532
12532 1995 3456
3456 1995 12532
13490 7790 12960
12960 7790 13490
7790 12960 13490
12326 5387 11902
5387 11902 12326
11902 5387 12326
3032 4543 12616
12616 3032 4543
4543 3032 12616
3353 10043 14575
10043 3353 14575
14575 3353 10043
6930 2168 4322
2168 4322 6930
4322 2168 6930
13222 3920 14951
3920 13222 14951
14951 3920 13222
7963 10411 13074
13074 7963 10411
10411 7963 13074
3091 3722 3817
3817 3091 3722
3722 3091 3817
4400 585 4771
4771 585 4400
585 4400 4771
12594 6427 8130
8130 6427 12594
6427 8130 12594
517 8529 9875
9875 517 8529
8529 517 9875
14584 2947 10982
2947 10982 14584
10982 2947 14584
10971 6425 9373
6425 9373 10971
9373 6425 10971
5524 9809 14462
9809 5524 14462
14462 5524 9809
11122 4505 10841
4505 10841 11122
10841 4505 11122
8315 5237 6789
6789 5237 8315
5237 6789 8315
3845 9862 13179
9862 3845 13179
13179 3845 9862
7884 2305 9072
9072 2305 7884
2305 7884 9072
12293 5076 14397
14397 5076 12293
5076 12293 14397
13386 2071 8224
2071 8224 13386
8224 2071 13386
13984 4926 10383
4926 10383 13984
10383 4926 13984
14079 5144 10973
5144 10973 14079
10973 5144 14079
8554 2246 11310
2246 8554 11310
11310 2246 8554
7471 3084 7947
3084 7471 7947
7947 3084 7471
5646 2181 13047
13047 2181 5646
2181 5646 13047
6153 1458 5974
5974 1458 6153
1458 5974 6153
14591 251 14444
251 14444 14591
14444 251 14591
12615 1990 6192
6192 1990 12615
1990 6192 12615
615 7268 12193
12193 615 7268
7268 615 12193
7493 2360 11318
2360 7493 11318
11318 2360 7493
9715 4693 14947
14947 4693 9715
4693 9715 14947
3794 4111 6438
6438 3794 4111
4111 3794 6438
2560 495 11980
495 2560 11980
11980 495 2560
12243 1237 1843
1237 1843 12243
1843 1237 12243
5467 5166 9836
9836 5166 5467
5166 5467 9836
11833 1269 4835
4835 1269 11833
1269 4835 11833
2399 11301 12444
11301 2399 12444
12444 2399 11301
3693 556 9310
556 3693 9310
9310 556 3693
11767 6206 12717
6206 11767 12717
12717 6206 11767
13160 6998 8004
8004 6998 13160
6998 8004 13160
10055 3641 11117
3641 10055 11117
11117 3641 10055
5971 656 2755
656 2755 5971
2755 656 5971
11756 6753 8914
8914 6753 11756
6753 8914 11756
4484 1954 13609
1954 4484 13609
13609 1954 4484
13785 3681 11207
3681 11207 13785
11207 3681 13785
9820 2482 14256
2482 9820 14256
14256 2482 9820
7387 2353 10219
2353 7387 10219
10219 2353 7387
11852 4119 9703
4119 9703 11852
9703 4119 11852
7382 2364 10800
10800 2364 7382
2364 7382 10800
9214 4324 6555
4324 6555 9214
6555 4324 9214
2029 6349 11003
11003 2029 6349
6349 2029 11003
8959 3596 7950
7950 3596 8959
3596 7950 8959
10871 8099 10038
8099 10038 10871
10038 8099 10871
7271 6730 8467
6730 7271 8467
8467 6730 7271
908 2129 13008
13008 908 2129
2129 908 13008
5369 1178 3472
1178 3472 5369
3472 1178 5369
2647 1357 6562
1357 2647 6562
6562 1357 2647
4775 5337 9972
5337 4775 9972
9972 4775 5337
13095 22 2000
2000 22 13095
22 2000 13095
1945 3324 5745
3324 1945 5745
5745 1945 3324
4924 1502 3125
3125 1502 4924
1502 3125 4924
8179 907 9671
9671 907 8179
907 8179 9671
13338 6319 7797
6319 7797 13338
7797 6319 13338
12471 13092 13844
13844 12471 13092
13092 12471 13844
13459 3916 14583
14583 3916 13459
3916 13459 14583
11644 569 7824
7824 569 11644
569 7824 11644
9296 5872 8162
8162 5872 9296
5872 8162 9296
6434 560 14472
560 6434 14472
14472 560 6434
13620 6467 11583
6467 11583 13620
11583 6467 13620
13082 820 2315
2315 820 13082
820 2315 13082
4239 6915 8745
6915 4239 8745
8745 4239 6915
12547 1785 3657
3657 1785 12547
1785 3657 12547
66 637 9305
637 66 9305
9305 66 637
9621 562 5756
562 5756 9621
5756 562 9621
4591 483 12564
483 4591 12564
12564 483 4591
6406 10950 13441
10950 6406 13441
13441 6406 10950
12890 5458 14845
5458 12890 14845
14845 5458 12890
3862 3695 11826
11826 3695 3862
3695 3862 11826
12220 8290 14118
14118 8290 12220
8290 12220 14118
3549 3547 4663
3547 3549 4663
4663 3547 3549
11503 7748 8968
7748 8968 11503
8968 7748 11503
2436 8044 13336
8044 2436 13336
13336 2436 8044
1602 531 10305
10305 531 1602
531 1602 10305
10419 2125 14010
14010 2125 10419
2125 10419 14010
4406 575 6148
575 4406 6148
6148 575 4406
10392 13662 14778
13662 10392 14778
14778 10392 13662
2150 2604 14776
14776 2150 2604
2604 2150 14776
14805 5670 5908
5908 5670 14805
5670 5908 14805
14504 6140 14676
14676 6140 14504
6140 14504 14676
7989 4193 4486
4486 4193 7989
4193 4486 7989
10727 1179 13884
13884 1179 10727
1179 10727 13884
1730 3854 11350
3854 1730 11350
11350 1730 3854
11090 3374 12494
12494 3374 11090
3374 11090 12494
55 9804 13311
9804 55 13311
13311 55 9804
12320 7620 8692
7620 8692 12320
8692 7620 12320
10923 3001 12610
12610 3001 10923
3001 10923 12610
11473 2285 13961
2285 11473 13961
13961 2285 11473
529 732 6348
6348 529 732
732 529 6348
6886 9949 12418
12418 6886 9949
9949 6886 12418
8268 10762 12678
12678 8268 10762
10762 8268 12678
13305 7391 10721
10721 7391 13305
7391 10721 13305
14098 6110 10150
6110 10150 14098
10150 6110 14098
11148 4353 4420
4353 4420 11148
4420 4353 11148
13938 3884 11856
3884 11856 13938
11856 3884 13938
3610 6583 7942
6583 3610 7942
7942 3610 6583
14721 961 8634
8634 961 14721
961 8634 14721
8866 122 1268
1268 122 8866
122 1268 8866
6231 9256 10457
9256 6231 10457
10457 6231 9256
3096 3998 4052
3998 3096 4052
4052 3096 3998
7970 8190 12565
8190 7970 12565
12565 7970 8190
1386 6213 8075
8075 1386 6213
6213 1386 8075
1414 572 14708
572 1414 14708
14708 572 1414
11297 6703 13601
6703 11297 13601
13601 6703 11297
7299 3640 5376
5376 3640 7299
3640 5376 7299
1767 7565 12287
7565 1767 12287
12287 1767 7565
12980 2111 11758
2111 11758 12980
11758 2111 12980
5736 2516 6636
6636 2516 5736
2516 5736 6636
3339 5020 14910
14910 3339 5020
5020 3339 14910
12474 2886 9697
9697 2886 12474
2886 9697 12474
399 8416 12407
8416 399 12407
12407 399 8416
1160 4540 11996
4540 1160 11996
11996 1160 4540
14891 4893 13121
4893 13121 14891
13121 4893 14891
7666 9146 13712
9146 7666 13712
13712 7666 9146
10349 4319 13970
4319 10349 13970
13970 4319 10349
11979 2924 3755
2924 3755 11979
3755 2924 11979
2996 4093 13617
4093 2996 13617
13617 2996 4093
2411 458 12136
458 2411 12136
12136 458 2411
4354 3550 12589
12589 3550 4354
3550 4354 12589
11059 9588 11405
11405 9588 11059
9588 11059 11405
12855 8042 8896
8896 8042 12855
8042 8896 12855
9109 217 2921
2921 217 9109
217 2921 9109
10234 972 3226
972 3226 10234
3226 972 10234
9355 1073 3741
3741 1073 9355
1073 3741 9355
10325 2238 7849
7849 2238 10325
2238 7849 10325
13841 10017 14023
14023 10017 13841
10017 13841 14023
5325 4031 7343
7343 4031 5325
4031 5325 7343
13691 6675 7384
6675 7384 13691
7384 6675 13691
7131 11033 13238
13238 7131 11033
11033 7131 13238
13117 10060 10222
10060 10222 13117
10222 10060 13117
9955 5035 13727
13727 5035 9955
5035 9955 13727
13767 2403 6481
2403 6481 13767
6481 2403 13767
3436 8117 14396
8117 3436 14396
14396 3436 8117
7081 1883 1944
1883 1944 7081
1944 1883 7081
814 3036 10022
3036 814 10022
10022 814 3036
7293 2992 9651
9651 2992 7293
2992 7293 9651
10969 13304 14229
13304 10969 14229
14229 10969 13304
7807 533 4792
533 4792 7807
4792 533 7807
7232 2555 9939
2555 7232 9939
9939 2555 7232
6424 2871 9291
2871 6424 9291
9291 2871 6424
12871 699 14997
14997 699 12871
699 12871 14997
3503 10851 13539
13539 3503 10851
10851 3503 13539
1649 2171 9008
2171 1649 9008
9008 1649 2171
7202 9801 9927
9801 7202 9927
9927 7202 9801
12483 6265 8150
6265 8150 12483
8150 6265 12483
1552 8074 13006
8074 1552 13006
13006 1552 8074
6416 153 860
860 153 6416
153 860 6416
9562 3773 10560
10560 3773 9562
3773 9562 10560
13952 683 7993
7993 683 13952
683 7993 13952
14052 11172 11467
11467 11172 14052
11172 11467 14052
11654 437 10590
437 10590 11654
10590 437 11654
12425 7285 8033
8033 7285 12425
7285 8033 12425
11095 9587 10865
9587 10865 11095
10865 9587 11095
6119 7858 13519
13519 6119 7858
7858 6119 13519
544 5407 10892
10892 544 5407
5407 544 10892
3247 2971 5958
2971 3247 5958
5958 2971 3247
12567 1202 5550
5550 1202 12567
1202 5550 12567
13586 65 9034
9034 65 13586
65 9034 13586
9013 1083 12128
1083 9013 12128
12128 1083 9013
7011 1972 7563
1972 7011 7563
7563 1972 7011
3878 2288 3304
2288 3304 3878
3304 2288 3878
2082 12176 13786
13786 2082 12176
12176 2082 13786
6505 2057 7854
7854 2057 6505
2057 6505 7854
5259 1074 9183
1074 5259 9183
9183 1074 5259
8208 1757 5295
1757 5295 8208
5295 1757 8208
9879 8543 8855
8543 8855 9879
8855 8543 9879
307 7192 12240
12240 307 7192
7192 307 12240
4097 579 1646
579 1646 4097
1646 579 4097
7095 7398 12367
12367 7095 7398
7398 7095 12367
14988 6160 6827
6827 6160 14988
6160 6827 14988
270 11257 13614
11257 270 13614
13614 270 11257
8998 4483 10112
4483 8998 10112
10112 4483 8998
9509 5700 13568
5700 9509 13568
13568 5700 9509
5585 4605 10680
4605 5585 10680
10680 4605 5585
13053 1150 2735
1150 2735 13053
2735 1150 13053
14031 4068 8823
4068 8823 14031
8823 4068 14031
13181 3039 13828
3039 13181 13828
13828 3039 13181
7519 2916 6484
6484 2916 7519
2916 6484 7519
2771 3336 12007
3336 2771 12007
12007 2771 3336
5493 71 2478
2478 71 5493
71 2478 5493
3900 5657 12157
5657 3900 12157
12157 3900 5657
9747 2024 4300
2024 4300 9747
4300 2024 9747
3314 395 13513
395 3314 13513
13513 395 3314
2513 3986 3996
3996 2513 3986
3986 2513 3996
11622 8899 9650
8899 9650 11622
9650 8899 11622
5895 931 8291
931 5895 8291
8291 931 5895
13879 4397 10025
4397 10025 13879
10025 4397 13879
10298 1529 9465
1529 9465 10298
9465 1529 10298
14445 12158 12519
12158 12519 14445
12519 12158 14445
12381 129 1575
1575 129 12381
129 1575 12381
12184 872 5019
5019 872 12184
872 5019 12184
8675 3581 13554
13554 3581 8675
3581 8675 13554
4818 3802 7266
7266 3802 4818
3802 4818 7266
6928 12148 13234
13234 6928 12148
12148 6928 13234
4965 1466 14826
1466 4965 14826
14826 1466 4965
6085 512 2347
2347 512 6085
512 2347 6085
7088 5395 11846
11846 5395 7088
5395 7088 11846
4903 1689 6112
1689 4903 6112
6112 1689 4903
3464 8077 8531
8531 3464 8077
8077 3464 8531
13628 3965 10574
3965 10574 13628
10574 3965 13628
2148 6618 11808
6618 2148 11808
11808 2148 6618
12514 9484 11459
11459 9484 12514
9484 11459 12514
229 12034 12301
12034 229 12301
12301 229 12034
12837 5182 14351
14351 5182 12837
5182 12837 14351
10229 5702 12933
5702 10229 12933
12933 5702 10229
6867 1560 6027
1560 6027 6867
6027 1560 6867
584 6308 14454
14454 584 6308
6308 584 14454
9655 2373 12863
2373 9655 12863
12863 2373 9655
9150 736 3705
3705 736 9150
736 3705 9150
3707 7261 9919
9919 3707 7261
7261 3707 9919
13893 1138 1584
1584 1138 13893
1138 1584 13893
8073 625 7215
7215 625 8073
625 7215 8073
6372 1059 13369
13369 1059 6372
1059 6372 13369
12801 4061 5671
4061 5671 12801
5671 4061 12801
1194 2276 5191
2276 1194 5191
5191 1194 2276
4876 2389 12337
2389 4876 12337
12337 2389 4876
10530 140 11462
140 10530 11462
11462 140 10530
5763 9401 14063
9401 5763 14063
14063 5763 9401
6813 12496 13028
13028 6813 12496
12496 6813 13028
5403 1030 2530
2530 1030 5403
1030 2530 5403
10719 1547 5770
5770 1547 10719
1547 5770 10719
4694 3338 6134
6134 3338 4694
3338 4694 6134
1712 12171 13494
13494 1712 12171
12171 1712 13494
4383 2628 6322
6322 2628 4383
2628 4383 6322
8454 10473 13468
10473 8454 13468
13468 8454 10473
453 8310 10464
10464 453 8310
8310 453 10464
2671 2469 2874
2469 2671 2874
2874 2469 2671
694 4436 10270
4436 694 10270
10270 694 4436
5104 6137 12994
6137 5104 12994
12994 5104 6137
1736 3126 11716
11716 1736 3126
3126 1736 11716
1821 2035 8325
2035 1821 8325
8325 1821 2035
7932 5678 7198
5678 7198 7932
7198 5678 7932
13434 11561 12244
11561 12244 13434
12244 11561 13434
8725 4909 12414
12414 4909 8725
4909 8725 12414
14275 678 13281
678 13281 14275
13281 678 14275
9674 4912 12873
12873 4912 9674
4912 9674 12873
3408 5923 7156
5923 3408 7156
7156 3408 5923
4611 4630 14347
14347 4611 4630
4630 4611 14347
4650 1392 2491
1392 2491 4650
2491 1392 4650
9051 10166 14044
10166 9051 14044
14044 9051 10166
8298 3232 9400
3232 8298 9400
9400 3232 8298
7286 2641 14119
2641 7286 14119
14119 2641 7286
749 846 2970
2970 749 846
846 749 2970
6600 272 13395
272 6600 13395
13395 272 6600
7700 4463 5951
4463 5951 7700
5951 4463 7700
4456 3290 13171
3290 4456 13171
13171 3290 4456
7197 1978 9363
9363 1978 7197
1978 7197 9363
3000 6461 12449
6461 3000 12449
12449 3000 6461
926 4769 10683
4769 926 10683
10683 926 4769
3759 7353 12079
7353 3759 12079
12079 3759 7353
6684 1732 11313
1732 6684 11313
11313 1732 6684
1845 605 1691
1691 605 1845
605 1691 1845
1443 1640 5341
5341 1443 1640
1640 1443 5341
2668 892 4029
4029 892 2668
892 2668 4029
13443 1734 5817
1734 5817 13443
5817 1734 13443
549 3571 4647
4647 549 3571
3571 549 4647
8820 7801 12800
12800 7801 8820
7801 8820 12800
1478 7292 13492
13492 1478 7292
7292 1478 13492
14639 1750 9114
9114 1750 14639
1750 9114 14639
14045 12261 12683
12683 12261 14045
12261 12683 14045
8506 3963 14187
3963 8506 14187
14187 3963 8506
12002 3771 12892
12892 3771 12002
3771 12002 12892
13372 1794 14574
14574 1794 13372
1794 13372 14574
5834 7936 12306
12306 5834 7936
7936 5834 12306
13718 927 12463
927 12463 13718
12463 927 13718
9244 7395 13626
13626 7395 9244
7395 9244 13626
1492 9289 13199
9289 1492 13199
13199 1492 9289
3589 6664 9778
9778 3589 6664
6664 3589 9778
7446 9329 13126
9329 7446 13126
13126 7446 9329
8463 1205 1762
1762 1205 8463
1205 1762 8463
4078 8733 12760
8733 4078 12760
12760 4078 8733
1081 3034 10124
10124 1081 3034
3034 1081 10124
8251 1817 5595
1817 5595 8251
5595 1817 8251
2471 885 6519
885 2471 6519
6519 885 2471
10084 369 14926
369 10084 14926
14926 369 10084
10575 46 11205
11205 46 10575
46 10575 11205
12500 2548 5249
2548 5249 12500
5249 2548 12500
4070 13821 14518
14518 4070 13821
13821 4070 14518
366 4237 5838
4237 366 5838
5838 366 4237
2856 11325 12694
11325 2856 12694
12694 2856 11325
14879 5514 9901
9901 5514 14879
5514 9901 14879
10314 2922 11054
2922 10314 11054
11054 2922 10314
5748 9053 10862
9053 5748 10862
10862 5748 9053
2183 2337 11635
11635 2183 2337
2337 2183 11635
1610 4997 5845
5845 1610 4997
4997 1610 5845
14333 323 7385
323 7385 14333
7385 323 14333
12900 7539 7608
7608 7539 12900
7539 7608 12900
12377 3382 5402
3382 5402 12377
5402 3382 12377
11232 6341 13787
6341 11232 13787
13787 6341 11232
14065 1332 5386
5386 1332 14065
1332 5386 14065
2127 704 2274
2274 704 2127
704 2127 2274
11011 3218 7629
7629 3218 11011
3218 7629 11011
11267 3649 4415
3649 4415 11267
4415 3649 11267
883 2386 12891
2386 883 12891
12891 883 2386
3912 6631 9260
6631 3912 9260
9260 3912 6631
789 4073 9353
9353 789 4073
4073 789 9353
13934 5654 8710
5654 8710 13934
8710 5654 13934
13744 4174 6387
6387 4174 13744
4174 6387 13744
7479 3309 14459
14459 3309 7479
3309 7479 14459
10505 8387 8913
8387 8913 10505
8913 8387 10505
3329 11828 14854
14854 3329 11828
11828 3329 14854
5661 304 14770
304 5661 14770
14770 304 5661
7705 12826 13159
12826 7705 13159
13159 7705 12826
10161 2650 7355
7355 2650 10161
2650 7355 10161
7332 4379 12260
4379 7332 12260
12260 4379 7332
3074 1240 3690
3690 1240 3074
1240 3074 3690
7110 1452 14862
14862 1452 7110
1452 7110 14862
4635 516 2140
516 2140 4635
2140 516 4635
5530 1467 13892
13892 1467 5530
1467 5530 13892
9987 7997 13242
7997 9987 13242
13242 7997 9987
13966 3663 8887
3663 8887 13966
8887 3663 13966
14363 7135 11292
11292 7135 14363
7135 11292 14363
9073 6554 8354
8354 6554 9073
6554 8354 9073
5497 4356 4442
4356 4442 5497
4442 4356 5497
2043 5273 13308
13308 2043 5273
5273 2043 13308
4069 9311 13793
9311 4069 13793
13793 4069 9311
10634 10695 14777
10695 10634 14777
14777 10634 10695
7073 11231 14277
11231 7073 14277
14277 7073 11231
8861 2678 2876
2678 2876 8861
2876 2678 8861
12090 4952 8118
8118 4952 12090
4952 8118 12090
1523 788 10479
788 1523 10479
10479 788 1523
11842 3669 8731
8731 3669 11842
3669 8731 11842
7140 6819 12583
12583 6819 7140
6819 7140 12583
2180 8148 11517
8148 2180 11517
11517 2180 8148
10592 6147 13029
6147 10592 13029
13029 6147 10592
1513 4570 11549
4570 1513 11549
11549 1513 4570
12406 4734 5627
5627 4734 12406
4734 5627 12406
6561 13111 13142
13111 6561 13142
13142 6561 13111
12399 3757 3853
3757 3853 12399
3853 3757 12399
2344 8477 8994
8477 2344 8994
8994 2344 8477
9675 8912 8955
8955 8912 9675
8912 8955 9675
3623 7042 12569
7042 3623 12569
12569 3623 7042
13101 11587 12089
11587 12089 13101
12089 11587 13101
3780 6286 12390
6286 3780 12390
12390 3780 6286
8320 1040 9221
1040 8320 9221
9221 1040 8320
1265 4920 6862
4920 1265 6862
6862 1265 4920
8778 1604 4149
1604 4149 8778
4149 1604 8778
7396 5921 9471
9471 5921 7396
5921 7396 9471
9133 5609 10104
10104 5609 9133
5609 9133 10104
9903 5785 11227
5785 9903 11227
11227 5785 9903
955 9238 14895
14895 955 9238
9238 955 14895
4545 362 5081
5081 362 4545
362 4545 5081
12782 11322 12276
11322 12276 12782
12276 11322 12782
11800 1768 2601
1768 2601 11800
2601 1768 11800
10267 10601 12183
12183 10267 10601
10601 10267 12183
3368 2566 11498
11498 2566 3368
2566 3368 11498
14539 5320 8137
8137 5320 14539
5320 8137 14539
6127 1288 4675
4675 1288 6127
1288 4675 6127
13340 1832 9121
9121 1832 13340
1832 9121 13340
8593 6920 8419
8419 6920 8593
6920 8419 8593
1098 1633 8657
8657 1098 1633
1633 1098 8657
939 3227 5112
5112 939 3227
3227 939 5112
10020 3301 7348
7348 3301 10020
3301 7348 10020
4702 3063 13230
3063 4702 13230
13230 3063 4702
6071 6907 11735
6907 6071 11735
11735 6071 6907
1079 8758 9851
8758 1079 9851
9851 1079 8758
7771 12875 13939
13939 7771 12875
12875 7771 13939
13583 2089 2573
2573 2089 13583
2089 2573 13583
12541 9926 13731
9926 12541 13731
13731 9926 12541
6809 4879 11507
4879 6809 11507
11507 4879 6809
9824 13770 13891
13891 9824 13770
13770 9824 13891
3299 3880 8504
8504 3299 3880
3880 3299 8504
14225 5500 10469
5500 10469 14225
10469 5500 14225
14273 6772 12112
6772 12112 14273
12112 6772 14273
5707 3747 10486
3747 5707 10486
10486 3747 5707
11428 5168 11175
5168 11175 11428
11175 5168 11428
14529 7895 14502
7895 14502 14529
14502 7895 14529
3251 4962 12737
12737 3251 4962
4962 3251 12737
12419 1503 3254
3254 1503 12419
1503 3254 12419
8926 8490 14888
14888 8490 8926
8490 8926 14888
10877 12353 14503
12353 10877 14503
14503 10877 12353
2913 871 7869
871 2913 7869
7869 871 2913
5223 1801 4098
1801 4098 5223
4098 1801 5223
7464 3522 8798
8798 3522 7464
3522 7464 8798
13689 4390 9732
9732 4390 13689
4390 9732 13689
10778 553 1861
553 1861 10778
1861 553 10778
744 2395 10184
2395 744 10184
10184 744 2395
8489 2271 11802
2271 8489 11802
11802 2271 8489
4138 8480 13848
13848 4138 8480
8480 4138 13848
8863 7189 12856
7189 8863 12856
12856 7189 8863
4326 5804 10873
5804 4326 10873
10873 4326 5804
13267 706 4548
4548 706 13267
706 4548 13267
7117 4799 10602
4799 7117 10602
10602 4799 7117
14035 8895 10347
10347 8895 14035
8895 10347 14035
11478 11424 14302
14302 11424 11478
11424 11478 14302
10047 915 8498
8498 915 10047
915 8498 10047
3275 5046 14623
5046 3275 14623
14623 3275 5046
5107 3869 5453
3869 5107 5453
5453 3869 5107
13501 252 10356
252 10356 13501
10356 252 13501
472 7775 12638
12638 472 7775
7775 472 12638
14966 959 14719
14719 959 14966
959 14719 14966
4249 378 9364
378 4249 9364
9364 378 4249
11548 4524 13420
13420 4524 11548
4524 11548 13420
5794 2159 3635
2159 3635 5794
3635 2159 5794
256 5776 9033
9033 256 5776
5776 256 9033
13404 4794 11186
4794 11186 13404
11186 4794 13404
1943 4107 13448
4107 1943 13448
13448 1943 4107
1255 3565 4598
3565 1255 4598
4598 1255 3565
12339 6310 7451
7451 6310 12339
6310 7451 12339
6370 8195 13800
8195 6370 13800
13800 6370 8195
2589 3292 14331
3292 2589 14331
14331 2589 3292
8518 5710 13115
13115 5710 8518
5710 8518 13115
671 1974 6257
1974 671 6257
6257 671 1974
11511 8482 9583
8482 9583 11511
9583 8482 11511
12044 4296 12475
12475 4296 12044
4296 12044 12475
8847 3012 4609
3012 4609 8847
4609 3012 8847
11689 819 11522
819 11522 11689
11522 819 11689
3359 7423 12379
12379 3359 7423
7423 3359 12379
11651 2570 8821
8821 2570 11651
2570 8821 11651
12222 3153 3546
3546 3153 12222
3153 3546 12222
2847 13316 13414
13414 2847 13316
13316 2847 13414
9192 2635 14803
14803 2635 9192
2635 9192 14803
7872 9696 13496
9696 7872 13496
13496 7872 9696
14797 3872 10316
10316 3872 14797
3872 10316 14797
11214 6925 7050
7050 6925 11214
