1170 650 893
893 650 1170
650 893 1170
1444 533 898
533 898 1444
898 533 1444
1070 155 542
155 542 1070
542 155 1070
972 853 1127
853 972 1127
1127 853 972
216 892 1003
1003 216 892
892 216 1003
1342 1206 1434
1206 1342 1434
1434 1206 1342
852 1025 1499
1025 852 1499
1499 852 1025
320 163 822
163 320 822
822 163 320
1312 116 323
116 323 1312
323 116 1312
907 752 995
752 907 995
995 752 907
1301 455 456
455 456 1301
456 455 1301
173 70 695
70 173 695
695 70 173
307 311 677
311 307 677
677 307 311
189 539 711
539 189 711
711 189 539
1156 49 1334
49 1156 1334
1334 49 1156
1112 961 1354
961 1112 1354
1354 961 1112
271 728 1375
1375 271 728
728 271 1375
1265 278 803
803 278 1265
278 803 1265
407 869 1035
869 407 1035
1035 407 869
1102 438 668
668 438 1102
438 668 1102
1195 388 1085
1085 388 1195
388 1085 1195
1040 514 1403
514 1040 1403
1403 514 1040
1370 277 296
296 277 1370
277 296 1370
157 1124 1242
1242 157 1124
1124 157 1242
74 582 690
582 74 690
690 74 582
1128 648 1107
1107 648 1128
648 1107 1128
1367 1074 1164
1074 1164 1367
1164 1074 1367
911 130 977
977 130 911
130 911 977
778 25 1297
1297 25 778
25 778 1297
141 952 1309
952 141 1309
1309 141 952
235 457 1287
1287 235 457
457 235 1287
119 618 864
864 119 618
618 119 864
1376 82 1019
82 1019 1376
1019 82 1376
377 71 1209
71 377 1209
1209 71 377
91 586 1069
1069 91 586
586 91 1069
1383 21 222
21 222 1383
222 21 1383
889 607 904
607 889 904
904 607 889
289 147 498
147 289 498
498 147 289
1042 1051 1437
1051 1042 1437
1437 1042 1051
1453 251 1480
251 1453 1480
1480 251 1453
1468 589 1362
1362 589 1468
589 1362 1468
1060 564 599
564 599 1060
599 564 1060
1139 1160 1325
1325 1139 1160
1160 1139 1325
577 548 652
548 577 652
652 548 577
466 354 1220
354 466 1220
1220 354 466
544 397 780
397 544 780
780 397 544
620 51 188
51 188 620
188 51 620
350 92 104
92 104 350
104 92 350
686 464 569
569 464 686
464 569 686
698 468 1136
468 698 1136
1136 468 698
691 195 1188
1188 195 691
195 691 1188
730 321 829
829 321 730
321 730 829
1427 293 1324
293 1324 1427
1324 293 1427
1390 694 1054
694 1054 1390
1054 694 1390
1013 264 989
264 989 1013
989 264 1013
273 5 1007
1007 5 273
5 273 1007
208 1203 1487
1487 208 1203
1203 208 1487
1361 839 1228
1228 839 1361
839 1228 1361
337 675 1380
1380 337 675
675 337 1380
1095 895 1464
1464 895 1095
895 1095 1464
496 137 1420
1420 137 496
137 496 1420
749 859 1368
859 749 1368
1368 749 859
60 317 1256
317 60 1256
1256 60 317
499 176 720
176 499 720
720 176 499
439 412 1463
1463 412 439
412 439 1463
124 537 1282
537 124 1282
1282 124 537
1238 425 736
425 736 1238
736 425 1238
47 1239 1481
1481 47 1239
1239 47 1481
697 102 1154
1154 102 697
102 697 1154
160 566 1180
566 160 1180
1180 160 566
93 309 601
309 93 601
601 93 309
990 845 1307
845 990 1307
1307 845 990
1352 1400 1425
1400 1352 1425
1425 1352 1400
705 530 872
872 530 705
530 705 872
122 415 1329
1329 122 415
415 122 1329
669 166 1029
166 669 1029
1029 166 669
1001 169 1249
1249 169 1001
169 1001 1249
1028 649 891
891 649 1028
649 891 1028
206 474 767
767 206 474
474 206 767
324 260 370
370 260 324
260 324 370
809 572 1016
1016 572 809
572 809 1016
1234 134 447
447 134 1234
134 447 1234
76 226 381
381 76 226
226 76 381
72 220 1491
220 72 1491
1491 72 220
899 1086 1251
1086 899 1251
1251 899 1086
281 202 1197
202 281 1197
1197 202 281
247 9 1048
9 247 1048
1048 9 247
405 6 819
819 6 405
6 405 819
996 776 1163
776 996 1163
1163 776 996
1389 500 700
700 500 1389
500 700 1389
554 1050 1087
1087 554 1050
1050 554 1087
1045 448 1359
1359 448 1045
448 1045 1359
858 330 1457
1457 330 858
330 858 1457
773 287 789
287 773 789
789 287 773
1285 486 676
676 486 1285
486 676 1285
813 344 476
476 344 813
344 476 813
799 484 862
484 799 862
862 484 799
595 750 1222
750 595 1222
1222 595 750
1109 914 931
914 931 1109
931 914 1109
551 150 592
592 150 551
150 551 592
1327 751 986
986 751 1327
751 986 1327
517 361 1063
361 517 1063
1063 361 517
1447 573 980
573 980 1447
980 573 1447
1322 873 1262
873 1262 1322
1262 873 1322
408 301 865
301 408 865
865 301 408
359 167 1261
1261 167 359
167 359 1261
458 316 1459
316 458 1459
1459 316 458
368 634 713
634 368 713
713 368 634
1227 79 1461
79 1227 1461
1461 79 1227
353 362 1474
362 353 1474
1474 353 362
1398 346 1470
346 1398 1470
1470 346 1398
86 334 717
334 86 717
717 86 334
541 349 1080
349 541 1080
1080 349 541
958 232 1358
1358 232 958
232 958 1358
639 418 594
418 594 639
594 418 639
838 553 1162
553 838 1162
1162 553 838
913 146 1486
1486 146 913
146 913 1486
591 1101 1171
1101 591 1171
1171 591 1101
613 75 1079
75 613 1079
1079 75 613
1077 401 630
401 630 1077
630 401 1077
1000 379 983
983 379 1000
379 983 1000
1280 725 758
758 725 1280
725 758 1280
1295 796 1326
1326 796 1295
796 1295 1326
600 919 1300
1300 600 919
919 600 1300
1066 284 1345
1345 284 1066
284 1066 1345
1089 363 1436
363 1089 1436
1436 363 1089
883 135 708
135 708 883
708 135 883
1414 182 494
494 182 1414
182 494 1414
97 612 810
810 97 612
612 97 810
1497 44 1135
44 1135 1497
1135 44 1497
414 48 617
48 414 617
617 48 414
225 390 844
844 225 390
390 225 844
555 653 723
723 555 653
653 555 723
125 305 409
409 125 305
305 125 409
947 80 465
80 465 947
465 80 947
771 131 937
937 131 771
131 771 937
1151 427 775
427 775 1151
775 427 1151
598 262 719
719 262 598
262 598 719
433 738 981
738 433 981
981 433 738
1027 966 1279
966 1027 1279
1279 966 1027
212 58 1218
1218 58 212
58 212 1218
11 646 792
792 11 646
646 11 792
1178 1082 1454
1082 1178 1454
1454 1082 1178
1404 109 283
283 109 1404
109 283 1404
1084 238 1268
1268 238 1084
238 1084 1268
123 8 1349
8 123 1349
1349 8 123
1201 926 1133
926 1133 1201
1133 926 1201
94 261 314
314 94 261
261 94 314
880 836 949
836 880 949
949 836 880
678 106 868
868 106 678
106 678 868
1485 1372 1430
1430 1372 1485
1372 1430 1485
18 761 841
761 18 841
841 18 761
266 139 1061
139 266 1061
1061 139 266
270 233 1219
233 270 1219
1219 233 270
605 746 1194
746 605 1194
1194 605 746
715 342 1348
342 715 1348
1348 342 715
984 100 1020
1020 100 984
100 984 1020
663 375 1421
375 663 1421
1421 375 663
276 43 1145
1145 43 276
43 276 1145
121 459 543
459 121 543
543 121 459
1116 993 1418
993 1116 1418
1418 993 1116
1008 740 1465
740 1008 1465
1465 740 1008
42 2 1137
1137 2 42
2 42 1137
249 269 488
269 249 488
488 249 269
832 848 1125
1125 832 848
848 832 1125
1405 769 991
991 769 1405
769 991 1405
1490 944 1235
1235 944 1490
944 1235 1490
596 783 1134
783 596 1134
1134 596 783
113 635 1056
1056 113 635
635 113 1056
1401 200 876
200 876 1401
876 200 1401
1314 1024 1417
1024 1314 1417
1417 1024 1314
1313 531 1221
1221 531 1313
531 1221 1313
1002 1140 1211
1211 1002 1140
1140 1002 1211
1476 1104 1320
1320 1104 1476
1104 1320 1476
1161 1149 1248
1149 1161 1248
1248 1149 1161
1450 1115 1341
1341 1115 1450
1115 1341 1450
929 1157 1270
1270 929 1157
1157 929 1270
988 230 265
230 265 988
265 230 988
1168 856 1037
1037 856 1168
856 1037 1168
1250 398 1255
1255 398 1250
398 1250 1255
205 451 930
451 205 930
930 205 451
255 161 231
161 231 255
231 161 255
701 335 855
335 701 855
855 335 701
526 27 825
825 27 526
27 526 825
1479 275 285
285 275 1479
275 285 1479
1494 583 1411
1411 583 1494
583 1411 1494
576 108 1451
1451 108 576
108 576 1451
385 227 835
835 227 385
227 385 835
192 742 1489
742 192 1489
1489 192 742
304 580 884
580 304 884
884 304 580
1443 295 358
295 358 1443
358 295 1443
756 54 1208
54 756 1208
1208 54 756
1377 318 1055
1055 318 1377
318 1055 1377
219 1205 1413
1205 219 1413
1413 219 1205
140 896 1422
896 140 1422
1422 140 896
215 319 1190
319 215 1190
1190 215 319
1435 149 1462
1462 149 1435
149 1435 1462
1118 674 1373
1373 674 1118
674 1118 1373
1073 248 1223
248 1073 1223
1223 248 1073
194 184 1224
184 194 1224
1224 184 194
1357 948 1483
948 1357 1483
1483 948 1357
454 886 1138
886 454 1138
1138 454 886
731 151 371
371 151 731
151 371 731
411 211 1473
211 411 1473
1473 211 411
779 129 874
129 779 874
874 129 779
509 68 1153
1153 68 509
68 509 1153
1215 540 558
558 540 1215
540 558 1215
105 716 805
805 105 716
716 105 805
493 256 1408
1408 256 493
256 493 1408
560 73 1350
1350 73 560
73 560 1350
185 67 481
67 185 481
481 67 185
784 69 955
955 69 784
69 784 955
64 1315 1366
1315 64 1366
1366 64 1315
485 631 1098
1098 485 631
631 485 1098
268 999 1071
999 268 1071
1071 268 999
403 243 786
243 403 786
786 243 403
374 422 830
422 374 830
830 374 422
1033 469 938
938 469 1033
469 938 1033
310 624 785
624 310 785
785 310 624
1010 593 1014
593 1010 1014
1014 593 1010
325 30 244
244 30 325
30 244 325
915 282 365
282 365 915
365 282 915
1311 177 849
177 849 1311
849 177 1311
52 154 1062
154 52 1062
1062 52 154
1090 682 879
682 879 1090
879 682 1090
372 473 1439
473 372 1439
1439 372 473
1385 478 1012
478 1012 1385
1012 478 1385
627 224 1346
1346 224 627
224 627 1346
338 1174 1484
1174 338 1484
1484 338 1174
1337 1294 1467
1467 1294 1337
1294 1337 1467
40 665 1240
665 40 1240
1240 40 665
489 1065 1419
1065 489 1419
1419 489 1065
279 1204 1258
1258 279 1204
1204 279 1258
1306 434 461
434 461 1306
461 434 1306
1477 46 1147
1147 46 1477
46 1147 1477
1009 547 943
943 547 1009
547 943 1009
808 788 1299
1299 788 808
788 808 1299
985 917 1460
917 985 1460
1460 917 985
1236 87 843
843 87 1236
87 843 1236
328 156 1316
1316 156 328
156 328 1316
13 118 203
118 13 203
203 13 118
360 1005 1192
1005 360 1192
1192 360 1005
633 1043 1471
1043 633 1471
1471 633 1043
1308 549 1186
549 1186 1308
1186 549 1308
23 191 570
570 23 191
191 23 570
207 721 1196
721 207 1196
1196 207 721
812 501 992
992 501 812
501 812 992
245 331 909
331 245 909
909 245 331
754 575 781
575 754 781
781 575 754
420 291 666
666 291 420
291 420 666
436 290 1440
1440 290 436
290 436 1440
588 1021 1158
1021 588 1158
1158 588 1021
998 1119 1500
1119 998 1500
1500 998 1119
807 512 882
512 807 882
882 512 807
1456 241 867
241 867 1456
867 241 1456
217 1096 1179
1096 217 1179
1179 217 1096
272 343 387
343 272 387
387 272 343
502 59 332
59 332 502
332 59 502
1365 29 1243
29 1243 1365
1243 29 1365
1038 608 1387
608 1038 1387
1387 608 1038
138 1253 1335
1335 138 1253
1253 138 1335
158 126 190
190 126 158
126 158 190
299 681 1132
681 299 1132
1132 299 681
1277 1273 1388
1388 1273 1277
1273 1277 1388
171 336 817
817 171 336
336 171 817
24 922 1347
922 24 1347
1347 24 922
933 737 1067
737 933 1067
1067 737 933
1103 98 510
98 510 1103
510 98 1103
1455 923 971
971 923 1455
923 971 1455
110 1111 1305
1111 110 1305
1305 110 1111
718 626 1152
1152 626 718
626 718 1152
378 1004 1072
1072 378 1004
1004 378 1072
1371 824 1298
824 1298 1371
1298 824 1371
563 492 735
735 492 563
492 563 735
187 755 1141
755 187 1141
1141 187 755
1493 152 257
152 257 1493
257 152 1493
259 402 871
871 259 402
402 259 871
1384 34 766
766 34 1384
34 766 1384
562 170 1482
1482 170 562
170 562 1482
1108 181 352
352 181 1108
181 352 1108
1406 145 603
145 603 1406
603 145 1406
1259 536 912
912 536 1259
536 912 1259
619 772 875
875 619 772
772 619 875
355 175 609
609 175 355
175 355 609
506 159 1396
159 506 1396
1396 159 506
95 528 802
802 95 528
528 95 802
107 734 1260
734 107 1260
1260 107 734
440 96 1353
96 440 1353
1353 96 440
1148 14 495
14 495 1148
495 14 1148
1289 267 1446
267 1289 1446
1446 267 1289
1254 1044 1432
1044 1254 1432
1432 1044 1254
347 664 979
979 347 664
664 347 979
644 421 1340
1340 421 644
421 644 1340
706 680 744
680 706 744
744 680 706
861 132 578
578 132 861
132 578 861
413 1099 1202
1202 413 1099
1099 413 1202
274 602 1150
602 274 1150
1150 274 602
1078 180 1229
1229 180 1078
180 1078 1229
1175 101 515
515 101 1175
101 515 1175
1257 709 733
709 733 1257
733 709 1257
762 729 954
954 729 762
729 762 954
198 252 693
693 198 252
252 198 693
797 529 1226
529 797 1226
1226 529 797
172 795 1047
795 172 1047
1047 172 795
854 490 561
561 490 854
490 561 854
1181 625 632
632 625 1181
625 632 1181
1267 292 1302
1302 292 1267
292 1267 1302
300 174 250
250 174 300
174 250 300
1131 467 885
885 467 1131
467 885 1131
1284 707 1416
1416 707 1284
707 1284 1416
1199 519 962
519 962 1199
962 519 1199
444 647 1057
647 444 1057
1057 444 647
223 1343 1391
1343 223 1391
1391 223 1343
1469 62 662
62 662 1469
662 62 1469
239 133 881
133 239 881
881 133 239
303 641 798
798 303 641
641 303 798
863 585 1207
1207 585 863
585 863 1207
818 77 1216
1216 77 818
77 818 1216
846 78 660
78 660 846
660 78 846
7 383 534
534 7 383
383 7 534
1407 19 246
19 246 1407
246 19 1407
1105 1122 1386
1122 1105 1386
1386 1105 1122
967 567 1041
1041 567 967
567 967 1041
66 178 391
391 66 178
178 66 391
722 45 726
45 722 726
726 45 722
115 218 1159
1159 115 218
218 115 1159
1165 298 637
298 637 1165
637 298 1165
1169 963 982
963 982 1169
982 963 1169
975 327 1323
327 975 1323
1323 327 975
821 1053 1310
1053 821 1310
1310 821 1053
406 99 201
99 201 406
201 99 406
826 987 1317
1317 826 987
987 826 1317
545 1143 1200
1200 545 1143
1143 545 1200
1113 393 857
857 393 1113
393 857 1113
424 263 699
263 424 699
699 263 424
920 376 1039
376 920 1039
1039 376 920
1246 860 877
860 877 1246
877 860 1246
221 382 1374
1374 221 382
382 221 1374
628 103 340
103 340 628
340 103 628
373 482 1448
1448 373 482
482 373 1448
1392 507 1338
1338 507 1392
507 1338 1392
568 974 1185
974 568 1185
1185 568 974
587 90 804
804 90 587
90 587 804
801 366 688
688 366 801
366 688 801
970 656 658
656 658 970
658 656 970
1283 1114 1120
1120 1114 1283
1114 1120 1283
1438 306 741
741 306 1438
306 741 1438
1275 341 1264
1264 341 1275
341 1264 1275
546 15 840
15 546 840
840 15 546
1271 20 497
20 497 1271
497 20 1271
432 441 672
672 432 441
441 432 672
921 556 1498
1498 556 921
556 921 1498
36 199 312
199 36 312
312 36 199
901 768 1155
768 901 1155
1155 768 901
1123 511 1052
511 1052 1123
1052 511 1123
935 759 894
759 894 935
894 759 935
1496 610 1129
610 1129 1496
1129 610 1496
114 532 606
606 114 532
532 114 606
504 491 1166
1166 491 504
491 504 1166
88 50 1198
50 88 1198
1198 50 88
1173 800 1426
800 1173 1426
1426 800 1173
4 356 968
356 4 968
968 4 356
228 313 462
462 228 313
313 228 462
1303 679 997
679 997 1303
997 679 1303
739 395 1034
1034 395 739
395 739 1034
793 210 1429
210 793 1429
1429 210 793
692 671 765
671 692 765
765 671 692
1183 559 900
559 900 1183
900 559 1183
1214 834 965
834 965 1214
965 834 1214
209 179 916
179 209 916
916 179 209
516 743 1193
743 516 1193
1193 516 743
1176 1093 1321
1093 1176 1321
1321 1093 1176
1217 924 1381
1381 924 1217
924 1217 1381
1177 1018 1278
1018 1177 1278
1278 1018 1177
687 520 945
520 687 945
945 520 687
655 183 833
183 655 833
833 183 655
1397 1378 1441
1378 1397 1441
1441 1378 1397
164 724 976
724 164 976
976 164 724
659 117 1328
117 659 1328
1328 117 659
815 22 1393
22 815 1393
1393 22 815
1318 38 956
956 38 1318
38 956 1318
1032 153 364
153 364 1032
364 153 1032
579 1276 1492
1276 579 1492
1492 579 1276
477 339 714
339 477 714
714 339 477
442 523 939
939 442 523
523 442 939
1011 787 918
787 918 1011
918 787 1011
1083 770 1415
1415 770 1083
770 1083 1415
55 704 712
712 55 704
704 55 712
1395 127 1231
1231 127 1395
127 1231 1395
1247 820 1330
1330 820 1247
820 1247 1330
242 472 1466
1466 242 472
472 242 1466
934 229 964
229 934 964
964 229 934
689 288 394
394 288 689
288 394 689
162 745 942
745 162 942
942 162 745
702 430 902
902 430 702
430 702 902
1382 905 1117
905 1117 1382
1117 905 1382
280 535 1225
535 280 1225
1225 280 535
643 1332 1344
1332 643 1344
1344 643 1332
39 419 1081
1081 39 419
419 39 1081
308 357 890
357 308 890
890 308 357
513 143 389
143 389 513
389 143 513
234 56 936
936 56 234
56 234 936
953 814 1237
1237 814 953
814 953 1237
1292 333 1146
1146 333 1292
333 1146 1292
565 326 684
684 326 565
326 565 684
1182 866 1293
1293 866 1182
866 1182 1293
614 431 791
431 614 791
791 431 614
1006 426 782
782 426 1006
426 782 1006
732 57 1488
57 732 1488
1488 57 732
1130 28 399
28 399 1130
399 28 1130
903 1026 1030
1026 903 1030
1030 903 1026
446 380 667
667 380 446
380 446 667
1076 12 81
12 81 1076
81 12 1076
1412 960 1290
1290 960 1412
960 1290 1412
460 33 710
33 460 710
710 33 460
1126 615 957
615 957 1126
957 615 1126
345 32 978
978 32 345
32 345 978
470 908 1184
1184 470 908
908 470 1184
828 670 925
670 828 925
925 670 828
1233 847 1355
1355 847 1233
847 1233 1355
404 302 392
302 392 404
392 302 404
1110 623 1241
1241 623 1110
623 1110 1241
480 196 423
423 196 480
196 423 480
538 932 1319
932 538 1319
1319 538 932
1431 522 1331
1331 522 1431
522 1331 1431
831 85 1022
85 831 1022
1022 85 831
386 1100 1394
1394 386 1100
1100 386 1394
1399 351 870
870 351 1399
351 870 1399
616 645 777
777 616 645
645 616 777
760 1031 1281
1281 760 1031
1031 760 1281
61 111 1351
111 61 1351
1351 61 111
748 193 763
193 748 763
763 193 748
41 322 897
897 41 322
322 41 897
168 590 1442
590 168 1442
1442 168 590
1449 1142 1472
1472 1142 1449
1142 1449 1472
1244 384 1058
384 1058 1244
1058 384 1244
112 435 611
611 112 435
435 112 611
1475 940 1433
1433 940 1475
940 1433 1475
727 410 1445
1445 410 727
410 727 1445
806 144 1269
144 806 1269
1269 144 806
1266 416 1339
416 1266 1339
1339 416 1266
1144 1097 1336
1097 1144 1336
1336 1097 1144
128 518 928
928 128 518
518 128 928
1296 479 550
479 550 1296
550 479 1296
1478 584 1167
1167 584 1478
584 1167 1478
148 581 1291
581 148 1291
1291 148 581
790 204 1452
1452 204 790
204 790 1452
1304 437 910
910 437 1304
437 910 1304
1212 927 1068
927 1068 1212
1068 927 1212
673 521 1189
521 673 1189
1189 521 673
794 53 1252
1252 53 794
53 794 1252
764 505 842
505 764 842
842 505 764
83 837 1363
837 83 1363
1363 83 837
1088 120 1172
120 1088 1172
1172 120 1088
3 297 597
597 3 297
297 3 597
1023 1075 1187
1187 1023 1075
1075 1023 1187
1458 657 1428
657 1428 1458
1428 657 1458
941 348 888
888 348 941
348 888 941
35 84 1121
84 35 1121
1121 35 84
571 258 604
604 258 571
258 571 604
26 31 1423
1423 26 31
31 26 1423
10 654 1288
654 10 1288
1288 10 654
527 294 906
294 527 906
906 294 527
969 236 315
315 236 969
236 315 969
453 214 369
369 214 453
214 369 453
503 443 757
443 503 757
757 443 503
237 640 816
640 237 816
816 237 640
1369 959 1245
1245 959 1369
959 1245 1369
951 703 1409
1409 703 951
703 951 1409
1364 696 1213
696 1213 1364
1213 696 1364
240 17 1091
17 240 1091
1091 17 240
450 213 827
213 450 827
827 213 450
16 642 851
851 16 642
642 16 851
823 329 1272
329 823 1272
1272 329 823
396 136 1036
136 396 1036
1036 136 396
685 445 878
445 685 878
878 445 685
1017 753 950
753 950 1017
950 753 1017
638 552 1402
552 638 1402
1402 552 638
651 463 946
463 651 946
946 463 651
1 142 557
142 1 557
557 1 142
887 629 1286
629 887 1286
1286 629 887
400 186 429
186 400 429
429 186 400
621 850 1424
1424 621 850
850 621 1424
994 524 1046
1046 524 994
524 994 1046
367 452 508
508 367 452
452 367 508
1210 574 1015
1015 574 1210
574 1015 1210
37 774 1191
1191 37 774
774 37 1191
475 165 747
747 165 475
165 475 747
1495 1059 1356
1356 1059 1495
1059 1356 1495
286 1092 1263
1263 286 1092
1092 286 1263
471 417 483
483 417 471
417 471 483
661 1094 1360
1094 661 1360
1360 661 1094
89 253 1379
253 89 1379
1379 89 253
449 1232 1333
1232 449 1333
1333 449 1232
683 63 65
63 65 683
65 63 683
1230 254 1410
1410 254 1230
254 1230 1410
636 811 973
811 636 973
973 636 811
197 487 1049
487 197 1049
1049 197 487
1274 428 1064
428 1064 1274
1064 428 1274
1106 525 622
525 622 1106
622 525 1106
