662 357 1279
357 662 1279
1279 357 662
639 288 1289
288 639 1289
1289 288 639
292 861 1326
1326 292 861
861 292 1326
71 830 1259
1259 71 830
830 71 1259
661 808 983
808 661 983
983 661 808
912 162 1270
1270 162 912
162 912 1270
66 64 804
804 64 66
64 66 804
325 1073 1100
1100 325 1073
1073 325 1100
196 1149 1433
1433 196 1149
1149 196 1433
32 326 911
326 32 911
911 32 326
995 854 1029
1029 854 995
854 995 1029
597 269 1035
1035 269 597
269 597 1035
1017 593 1490
593 1017 1490
1490 593 1017
179 969 1290
969 179 1290
1290 179 969
780 1286 1348
1348 780 1286
1286 780 1348
576 34 536
34 536 576
536 34 576
1425 555 1092
1092 555 1425
555 1092 1425
1216 284 1024
1024 284 1216
284 1024 1216
949 430 978
978 430 949
430 949 978
447 807 1004
807 447 1004
1004 447 807
1218 373 1258
1258 373 1218
373 1218 1258
364 119 1371
119 364 1371
1371 119 364
80 101 776
776 80 101
101 80 776
885 843 1309
843 885 1309
1309 843 885
900 180 993
993 180 900
180 900 993
11 484 1231
1231 11 484
484 11 1231
470 76 799
76 470 799
799 76 470
1330 234 1008
1008 234 1330
234 1008 1330
1087 453 1251
453 1087 1251
1251 453 1087
1215 740 1460
740 1215 1460
1460 740 1215
1187 442 511
442 511 1187
511 442 1187
506 1103 1111
1111 506 1103
1103 506 1111
602 1133 1159
1159 602 1133
1133 602 1159
802 432 1224
1224 432 802
432 802 1224
1023 26 1081
1081 26 1023
26 1023 1081
165 654 756
654 165 756
756 165 654
1201 328 670
328 670 1201
670 328 1201
322 1101 1182
1101 322 1182
1182 322 1101
146 765 889
765 146 889
889 146 765
336 391 1054
391 336 1054
1054 336 391
786 281 1463
281 786 1463
1463 281 786
204 471 1154
1154 204 471
471 204 1154
984 1036 1256
1036 984 1256
1256 984 1036
38 575 817
575 38 817
817 38 575
348 362 928
362 348 928
928 348 362
42 977 1384
977 42 1384
1384 42 977
1379 790 1271
790 1271 1379
1271 790 1379
268 906 1241
1241 268 906
906 268 1241
1124 872 1311
1311 872 1124
872 1124 1311
1255 59 940
940 59 1255
59 940 1255
772 695 1013
1013 695 772
695 772 1013
1389 946 1317
946 1317 1389
1317 946 1389
1113 546 1452
1452 546 1113
546 1113 1452
457 242 256
256 242 457
242 256 457
207 1155 1174
1155 207 1174
1174 207 1155
1180 528 595
528 595 1180
595 528 1180
21 822 1161
822 21 1161
1161 21 822
796 176 668
176 668 796
668 176 796
387 487 1354
1354 387 487
487 387 1354
2 968 1349
968 2 1349
1349 2 968
1352 1096 1156
1096 1156 1352
1156 1096 1352
1419 1027 1237
1237 1027 1419
1027 1237 1419
120 913 1050
1050 120 913
913 120 1050
395 485 1468
1468 395 485
485 395 1468
393 1242 1443
1242 393 1443
1443 393 1242
584 200 685
685 200 584
200 584 685
500 454 728
728 454 500
454 500 728
258 805 1304
1304 258 805
805 258 1304
1321 573 682
573 682 1321
682 573 1321
603 919 1485
919 603 1485
1485 603 919
1451 106 448
448 106 1451
106 448 1451
907 690 916
916 690 907
690 907 916
67 36 253
36 67 253
253 36 67
1062 1079 1230
1079 1062 1230
1230 1062 1079
211 1380 1447
1447 211 1380
1380 211 1447
958 842 991
842 958 991
991 842 958
53 587 759
759 53 587
587 53 759
827 512 1441
512 827 1441
1441 512 827
791 148 1418
1418 148 791
148 791 1418
131 644 789
644 131 789
789 131 644
1034 1072 1316
1072 1034 1316
1316 1034 1072
463 303 552
303 463 552
552 303 463
216 1139 1346
1139 216 1346
1346 216 1139
816 15 439
439 15 816
15 439 816
600 350 855
350 600 855
855 350 600
311 684 1135
684 311 1135
1135 311 684
737 407 918
407 737 918
918 407 737
1293 290 927
290 927 1293
927 290 1293
1359 964 1052
964 1052 1359
1052 964 1359
1464 223 656
656 223 1464
223 656 1464
86 396 545
545 86 396
396 86 545
1466 736 1473
1473 736 1466
736 1466 1473
1146 19 1262
19 1146 1262
1262 19 1146
992 89 800
89 800 992
800 89 992
1098 841 1136
1136 841 1098
841 1098 1136
609 1208 1393
1208 609 1393
1393 609 1208
698 1129 1210
1210 698 1129
1129 698 1210
679 356 630
630 356 679
356 630 679
305 530 1067
1067 305 530
530 305 1067
401 929 1003
929 401 1003
1003 401 929
30 188 1336
1336 30 188
188 30 1336
629 422 741
741 422 629
422 629 741
404 531 1198
1198 404 531
531 404 1198
45 307 581
307 45 581
581 45 307
810 1074 1493
1074 810 1493
1493 810 1074
1350 494 1071
1071 494 1350
494 1071 1350
561 186 677
186 561 677
677 186 561
61 75 1487
75 61 1487
1487 61 75
1415 731 1430
1430 731 1415
731 1415 1430
1171 664 1461
664 1171 1461
1461 664 1171
882 523 701
701 523 882
523 701 882
933 388 1313
1313 388 933
388 933 1313
1285 135 160
160 135 1285
135 160 1285
1060 399 569
399 569 1060
569 399 1060
1263 1238 1480
1238 1263 1480
1480 1238 1263
141 110 1000
110 141 1000
1000 110 141
181 541 874
874 181 541
541 181 874
785 583 638
638 583 785
583 638 785
1248 225 876
225 876 1248
876 225 1248
568 1153 1394
1153 568 1394
1394 568 1153
55 663 1132
663 55 1132
1132 55 663
1181 24 985
985 24 1181
24 985 1181
1066 671 1310
1310 671 1066
671 1066 1310
702 214 1249
214 702 1249
1249 214 702
634 183 195
195 183 634
183 195 634
651 301 942
301 651 942
942 301 651
82 570 1010
1010 82 570
570 82 1010
1314 1102 1225
1225 1102 1314
1102 1225 1314
914 226 1105
1105 226 914
226 914 1105
1478 252 1396
1396 252 1478
252 1396 1478
1282 508 960
960 508 1282
508 960 1282
954 100 811
811 100 954
100 811 954
601 111 1189
1189 111 601
111 601 1189
344 1116 1307
1307 344 1116
1116 344 1307
1356 312 681
312 681 1356
681 312 1356
78 14 1184
14 78 1184
1184 14 78
1474 276 1467
276 1467 1474
1467 276 1474
302 696 1365
696 302 1365
1365 302 696
378 590 939
939 378 590
590 378 939
699 604 1370
604 699 1370
1370 604 699
103 1049 1296
1296 103 1049
1049 103 1296
1358 310 722
310 722 1358
722 310 1358
1297 217 1411
217 1297 1411
1411 217 1297
726 22 1084
1084 22 726
22 726 1084
1028 455 1333
1333 455 1028
455 1028 1333
467 479 481
481 467 479
479 467 481
1240 74 904
74 904 1240
904 74 1240
267 84 308
308 84 267
84 267 308
1391 201 982
982 201 1391
201 982 1391
1169 752 1245
752 1169 1245
1245 752 1169
1009 712 1038
712 1009 1038
1038 712 1009
379 532 803
532 379 803
803 379 532
838 815 1280
815 838 1280
1280 815 838
515 562 1261
1261 515 562
562 515 1261
979 18 472
18 472 979
472 18 979
1329 376 518
376 518 1329
518 376 1329
959 208 749
749 208 959
208 749 959
1145 1416 1494
1494 1145 1416
1416 1145 1494
1110 1044 1445
1044 1110 1445
1445 1044 1110
987 365 898
365 898 987
898 365 987
431 149 1137
1137 149 431
149 431 1137
957 161 492
161 492 957
492 161 957
275 538 1476
538 275 1476
1476 275 538
787 385 1302
1302 385 787
385 787 1302
1045 332 1399
1399 332 1045
332 1045 1399
688 96 989
989 96 688
96 688 989
1325 468 743
468 743 1325
743 468 1325
134 588 761
761 134 588
588 134 761
577 95 459
95 459 577
459 95 577
233 813 941
813 233 941
941 233 813
1420 44 417
44 417 1420
417 44 1420
1410 69 1040
69 1040 1410
1040 69 1410
917 443 718
443 718 917
718 443 917
416 428 1123
428 416 1123
1123 416 428
70 727 1007
1007 70 727
727 70 1007
282 209 1265
1265 209 282
209 282 1265
572 1213 1291
1291 572 1213
1213 572 1291
464 121 1082
121 464 1082
1082 121 464
866 667 1267
667 866 1267
1267 667 866
1068 488 773
488 773 1068
773 488 1068
814 1151 1162
1151 814 1162
1162 814 1151
94 706 1140
706 94 1140
1140 94 706
77 354 1055
354 77 1055
1055 77 354
1118 291 369
291 369 1118
369 291 1118
433 886 1126
1126 433 886
886 433 1126
990 450 592
450 592 990
592 450 990
725 847 1500
1500 725 847
847 725 1500
1037 543 905
905 543 1037
543 905 1037
1192 653 694
694 653 1192
653 694 1192
1026 320 476
476 320 1026
320 476 1026
1254 713 1273
713 1254 1273
1273 713 1254
243 497 1450
1450 243 497
497 243 1450
859 444 768
444 768 859
768 444 859
1057 812 1043
812 1043 1057
1043 812 1057
788 33 1266
33 788 1266
1266 33 788
270 203 1176
203 270 1176
1176 203 270
1339 10 936
10 936 1339
936 10 1339
636 856 1059
856 636 1059
1059 636 856
529 533 910
910 529 533
533 529 910
503 850 996
996 503 850
850 503 996
1398 1193 1381
1193 1381 1398
1381 1193 1398
1033 689 806
806 689 1033
689 806 1033
424 87 1303
1303 87 424
87 424 1303
1190 363 1247
363 1190 1247
1247 363 1190
1374 349 539
349 539 1374
539 349 1374
567 251 358
358 251 567
251 358 567
1481 63 1002
63 1002 1481
1002 63 1481
315 658 697
658 315 697
697 315 658
564 173 473
173 473 564
473 173 564
1206 386 1148
386 1148 1206
1148 386 1206
1417 730 1115
1115 730 1417
730 1115 1417
767 300 747
300 747 767
747 300 767
735 598 871
598 735 871
871 598 735
1185 79 1403
1403 79 1185
79 1185 1403
1318 139 1252
1252 139 1318
139 1252 1318
153 319 631
631 153 319
319 153 631
1226 617 1214
617 1214 1226
1214 617 1226
1051 750 981
981 750 1051
750 981 1051
456 339 738
738 339 456
339 456 738
1107 510 826
826 510 1107
510 826 1107
1025 920 1495
1495 920 1025
920 1025 1495
1090 397 521
397 521 1090
521 397 1090
953 869 1077
1077 869 953
869 953 1077
489 235 436
436 235 489
235 436 489
499 50 517
517 50 499
50 499 517
382 12 514
12 382 514
514 12 382
794 547 707
547 707 794
707 547 794
1199 83 409
409 83 1199
83 409 1199
1438 763 832
832 763 1438
763 832 1438
271 478 1167
1167 271 478
478 271 1167
1366 52 1141
1141 52 1366
52 1141 1366
199 254 1083
254 199 1083
1083 199 254
1042 405 781
781 405 1042
405 781 1042
643 152 163
163 152 643
152 163 643
952 289 565
289 565 952
565 289 952
415 410 1186
410 415 1186
1186 410 415
833 321 392
321 392 833
392 321 833
171 232 1211
1211 171 232
232 171 1211
28 474 970
970 28 474
474 28 970
625 798 1097
1097 625 798
798 625 1097
648 264 691
691 264 648
264 648 691
1355 934 1078
934 1078 1355
1078 934 1355
218 1039 1392
1039 218 1392
1392 218 1039
1357 678 1047
1047 678 1357
678 1047 1357
1375 400 865
865 400 1375
400 865 1375
1448 118 672
672 118 1448
118 672 1448
608 1250 1498
1498 608 1250
1250 608 1498
437 715 733
733 437 715
715 437 733
166 99 1121
1121 99 166
99 166 1121
138 1400 1453
1400 138 1453
1453 138 1400
1488 615 710
710 615 1488
615 710 1488
717 821 1011
821 717 1011
1011 717 821
1158 126 1209
1209 126 1158
126 1158 1209
998 418 760
418 760 998
760 418 998
330 185 925
185 330 925
925 185 330
1306 51 346
51 346 1306
346 51 1306
899 102 534
102 534 899
534 102 899
272 221 1191
221 272 1191
1191 221 272
502 29 852
29 502 852
852 29 502
127 971 994
994 127 971
971 127 994
298 775 888
888 298 775
775 298 888
1088 265 553
553 265 1088
265 553 1088
213 293 560
293 213 560
560 213 293
426 189 435
189 426 435
435 189 426
1220 708 1212
1212 708 1220
708 1212 1220
105 278 434
434 105 278
278 105 434
151 596 1232
1232 151 596
596 151 1232
154 891 1205
891 154 1205
1205 154 891
873 606 621
606 621 873
621 606 873
429 1178 1442
1178 429 1442
1442 429 1178
1328 883 1305
1305 883 1328
883 1305 1328
296 703 1281
1281 296 703
703 296 1281
340 352 1427
1427 340 352
352 340 1427
1122 263 1020
1020 263 1122
263 1020 1122
351 462 723
723 351 462
462 351 723
72 622 966
966 72 622
622 72 966
948 306 1385
306 948 1385
1385 306 948
1341 137 908
908 137 1341
137 908 1341
637 724 1163
1163 637 724
724 637 1163
624 1234 1351
1351 624 1234
1234 624 1351
25 845 1300
1300 25 845
845 25 1300
445 1183 1332
1332 445 1183
1183 445 1332
1278 1407 1428
1407 1278 1428
1428 1278 1407
825 248 1177
248 825 1177
1177 248 825
687 6 280
280 6 687
6 280 687
881 837 878
837 878 881
878 837 881
792 47 287
287 47 792
47 287 792
158 335 353
353 158 335
335 158 353
1440 659 758
758 659 1440
659 758 1440
230 614 754
754 230 614
614 230 754
1016 406 1127
406 1016 1127
1127 406 1016
249 1221 1454
1221 249 1454
1454 249 1221
1449 1253 1436
1436 1253 1449
1253 1436 1449
5 857 1095
1095 5 857
857 5 1095
482 438 542
438 482 542
542 438 482
938 236 262
262 236 938
236 262 938
1292 54 1243
54 1243 1292
1243 54 1292
1439 113 145
145 113 1439
113 145 1439
613 412 1104
1104 412 613
412 613 1104
975 150 219
150 219 975
219 150 975
241 108 389
108 241 389
389 108 241
495 60 1179
1179 60 495
60 495 1179
824 140 980
140 824 980
980 140 824
178 88 1069
1069 88 178
88 178 1069
255 1075 1152
1152 255 1075
1075 255 1152
578 1369 1479
1479 578 1369
1369 578 1479
441 1 168
1 168 441
168 1 441
8 835 1119
835 8 1119
1119 8 835
341 745 849
849 341 745
745 341 849
491 367 997
997 367 491
367 491 997
868 1094 1217
1217 868 1094
1094 868 1217
1041 73 947
73 947 1041
947 73 1041
129 142 1143
1143 129 142
142 129 1143
1239 669 1363
1363 669 1239
669 1239 1363
23 449 739
739 23 449
449 23 739
1089 582 605
582 605 1089
605 582 1089
1268 673 1032
673 1032 1268
1032 673 1268
1203 215 1065
1065 215 1203
215 1065 1203
184 641 711
641 184 711
711 184 641
68 109 380
380 68 109
109 68 380
1015 273 1233
1233 273 1015
273 1015 1233
1437 524 1109
1109 524 1437
524 1109 1437
877 261 901
901 261 877
261 877 901
187 285 1429
1429 187 285
285 187 1429
93 16 1031
16 93 1031
1031 16 93
962 347 618
347 618 962
618 347 962
676 222 915
915 222 676
222 676 915
202 880 1128
880 202 1128
1128 202 880
1106 124 611
611 124 1106
124 611 1106
192 231 646
231 192 646
646 192 231
172 260 867
867 172 260
260 172 867
337 599 1489
599 337 1489
1489 337 599
1404 955 1157
955 1157 1404
1157 955 1404
1125 498 1229
498 1125 1229
1229 498 1125
858 626 961
626 858 961
961 626 858
342 559 1228
1228 342 559
559 342 1228
1196 360 1070
360 1070 1196
1070 360 1196
1469 370 451
451 370 1469
370 451 1469
27 686 937
937 27 686
686 27 937
480 98 128
98 128 480
128 98 480
719 334 705
705 334 719
334 705 719
680 40 627
627 40 680
40 627 680
720 37 333
333 37 720
37 333 720
1319 46 1207
1207 46 1319
46 1207 1319
926 239 1222
1222 239 926
239 926 1222
1246 801 976
976 801 1246
801 976 1246
967 304 522
522 304 967
304 522 967
313 314 753
314 313 753
753 313 314
224 194 1287
1287 194 224
194 224 1287
65 548 1368
1368 65 548
548 65 1368
1492 427 930
427 930 1492
930 427 1492
1188 770 853
770 853 1188
853 770 1188
585 7 1236
1236 7 585
7 585 1236
714 116 1475
1475 116 714
116 714 1475
783 591 1048
591 783 1048
1048 591 783
692 197 660
197 660 692
660 197 692
721 48 403
403 48 721
48 403 721
1006 839 999
999 839 1006
839 999 1006
56 49 762
762 49 56
49 56 762
797 247 974
247 797 974
974 247 797
193 851 1338
851 193 1338
1338 193 851
988 446 1413
1413 446 988
446 988 1413
1377 13 1276
13 1276 1377
1276 13 1377
1284 112 1414
1414 112 1284
112 1284 1414
486 238 864
238 486 864
864 238 486
829 1244 1459
1459 829 1244
1244 829 1459
633 863 1457
863 633 1457
1457 633 863
259 1005 1386
1386 259 1005
1005 259 1386
1058 496 951
951 496 1058
496 951 1058
1021 635 896
896 635 1021
635 896 1021
466 381 1223
1223 381 466
381 466 1223
9 458 519
519 9 458
458 9 519
1423 31 394
394 31 1423
31 394 1423
1435 240 1166
1166 240 1435
240 1166 1435
566 574 944
574 566 944
944 566 574
884 413 452
452 413 884
413 452 884
460 384 932
384 460 932
932 384 460
645 170 1397
1397 170 645
170 645 1397
250 890 1456
890 250 1456
1456 250 890
329 819 1200
819 329 1200
1200 329 819
157 425 1426
425 157 1426
1426 157 425
716 612 778
612 716 778
778 612 716
1061 198 1195
1195 198 1061
198 1061 1195
1388 892 1470
1470 892 1388
892 1388 1470
227 191 818
818 191 227
191 227 818
751 277 408
408 277 751
277 408 751
374 246 642
642 246 374
246 374 642
469 834 1227
1227 469 834
834 469 1227
420 317 1432
1432 317 420
317 420 1432
1277 764 1130
764 1130 1277
1130 764 1277
1264 159 828
159 828 1264
828 159 1264
1347 190 973
190 973 1347
973 190 1347
844 779 1204
1204 779 844
779 844 1204
175 41 549
549 41 175
41 175 549
1331 544 1360
544 1331 1360
1360 544 1331
665 520 922
520 665 922
922 520 665
143 1294 1378
1378 143 1294
1294 143 1378
182 297 1462
1462 182 297
297 182 1462
133 774 1150
1150 133 774
774 133 1150
1434 755 1387
1387 755 1434
755 1387 1434
935 579 1274
1274 579 935
579 935 1274
90 1343 1458
1343 90 1458
1458 90 1343
1064 477 589
477 589 1064
589 477 1064
902 594 1382
1382 594 902
594 902 1382
1086 174 1340
1340 174 1086
174 1086 1340
1402 327 1482
1482 327 1402
327 1402 1482
1131 1165 1172
1172 1131 1165
1165 1131 1172
205 509 1197
509 205 1197
1197 205 509
1164 309 875
875 309 1164
309 875 1164
674 210 1344
210 674 1344
1344 210 674
986 950 1194
1194 950 986
950 986 1194
316 1301 1334
1334 316 1301
1301 316 1334
1406 586 1117
586 1117 1406
1117 586 1406
117 551 836
836 117 551
551 117 836
1235 1147 1173
1173 1147 1235
1147 1173 1235
1455 945 1345
945 1345 1455
1345 945 1455
1421 57 657
57 657 1421
657 57 1421
527 965 1170
965 527 1170
1170 527 965
125 610 1465
1465 125 610
610 125 1465
1099 338 1390
338 1099 1390
1390 338 1099
744 649 1001
1001 649 744
649 744 1001
1405 366 632
632 366 1405
366 632 1405
398 92 1063
92 398 1063
1063 92 398
862 295 440
440 295 862
295 440 862
782 318 1315
318 782 1315
1315 318 782
343 525 1324
525 343 1324
1324 343 525
1112 1018 1308
1308 1018 1112
1018 1112 1308
1022 493 513
513 493 1022
493 513 1022
771 62 377
377 62 771
62 377 771
237 897 1120
897 237 1120
1120 237 897
809 840 1093
840 809 1093
1093 809 840
220 1091 1288
1091 220 1288
1288 220 1091
1320 132 1383
132 1320 1383
1383 132 1320
507 104 156
104 156 507
156 104 507
299 167 1295
1295 167 299
167 299 1295
1497 85 1483
85 1483 1497
1483 85 1497
963 17 557
557 17 963
17 557 963
777 20 1444
1444 20 777
20 777 1444
931 421 666
666 421 931
421 666 931
1408 39 475
475 39 1408
39 475 1408
704 122 490
122 490 704
490 122 704
1322 97 164
97 164 1322
164 97 1322
504 114 1342
114 504 1342
1342 114 504
257 924 1337
1337 257 924
924 257 1337
136 266 1327
1327 136 266
266 136 1327
1395 206 1312
206 1312 1395
1312 206 1395
766 244 1486
1486 244 766
244 766 1486
650 501 1412
501 650 1412
1412 501 650
419 130 294
294 130 419
130 294 419
390 1160 1367
1367 390 1160
1160 390 1367
732 554 1364
554 732 1364
1364 554 732
229 283 879
283 229 879
879 229 283
371 155 1376
155 371 1376
1376 155 371
675 742 1431
1431 675 742
742 675 1431
1323 607 795
607 795 1323
795 607 1323
414 81 616
81 414 616
616 81 414
355 465 1496
465 355 1496
1496 355 465
58 647 693
647 58 693
693 58 647
144 700 1361
700 144 1361
1361 144 700
505 943 1019
1019 505 943
943 505 1019
461 383 1030
1030 383 461
383 461 1030
375 563 1272
1272 375 563
563 375 1272
895 228 1335
1335 228 895
228 895 1335
177 784 894
784 177 894
894 177 784
1012 402 556
556 402 1012
402 556 1012
748 361 537
537 361 748
361 537 748
923 1085 1484
1085 923 1484
1484 923 1085
1076 769 1373
1373 769 1076
769 1076 1373
1275 526 709
526 709 1275
709 526 1275
123 245 540
540 123 245
245 123 540
628 870 1362
1362 628 870
870 628 1362
1144 972 1260
972 1144 1260
1260 972 1144
423 860 1499
1499 423 860
860 423 1499
43 734 1046
734 43 1046
1046 43 734
1372 516 640
640 516 1372
516 640 1372
411 1257 1299
1299 411 1257
1257 411 1299
848 793 1422
1422 793 848
793 848 1422
1283 956 1401
1401 956 1283
956 1283 1401
368 571 1298
571 368 1298
1298 368 571
1014 757 903
757 903 1014
903 757 1014
1056 1175 1219
1175 1056 1219
1219 1056 1175
619 823 1409
823 619 1409
1409 619 823
921 893 1424
893 921 1424
1424 893 921
115 652 683
683 115 652
652 115 683
1202 558 623
623 558 1202
558 623 1202
35 359 909
359 35 909
909 35 359
729 846 1471
1471 729 846
846 729 1471
1142 831 1353
831 1142 1353
1353 831 1142
274 147 620
147 274 620
620 147 274
1446 323 1472
323 1446 1472
1472 323 1446
279 345 1114
1114 279 345
345 279 1114
535 286 372
372 286 535
286 372 535
331 746 1269
746 331 1269
1269 331 746
655 107 1080
1080 107 655
107 655 1080
1108 1477 1491
1477 1108 1491
1491 1108 1477
91 169 1168
1168 91 169
169 91 1168
887 212 1053
1053 212 887
212 887 1053
324 550 1134
1134 324 550
550 324 1134
580 4 483
483 4 580
4 483 580
3 820 1138
820 3 1138
1138 3 820
