701 354 489
489 354 701
354 489 701
745 296 1343
296 745 1343
1343 296 745
179 791 819
791 179 819
819 179 791
456 384 1476
1476 384 456
384 456 1476
314 704 723
704 314 723
723 314 704
136 942 982
982 136 942
942 136 982
535 45 788
788 45 535
45 535 788
210 767 1117
767 210 1117
1117 210 767
446 505 1227
505 446 1227
1227 446 505
576 423 523
423 523 576
523 423 576
460 547 636
636 460 547
547 460 636
163 23 921
921 23 163
23 163 921
1481 824 1145
1145 824 1481
824 1145 1481
267 120 551
551 120 267
120 267 551
749 76 394
76 394 749
394 76 749
5 858 1339
1339 5 858
858 5 1339
53 44 1247
44 53 1247
1247 44 53
469 466 1067
1067 466 469
466 469 1067
461 744 1451
744 461 1451
1451 461 744
606 516 959
959 516 606
516 606 959
586 525 856
856 525 586
525 586 856
15 766 1191
1191 15 766
766 15 1191
800 654 1320
654 800 1320
1320 654 800
881 403 1235
403 881 1235
1235 403 881
100 680 1342
680 100 1342
1342 100 680
232 186 978
978 186 232
186 232 978
323 361 949
949 323 361
361 323 949
257 647 1016
1016 257 647
647 257 1016
1492 258 1154
1154 258 1492
258 1154 1492
62 605 818
605 62 818
818 62 605
1048 141 810
141 810 1048
810 141 1048
1365 167 1283
167 1283 1365
1283 167 1365
562 144 1497
1497 144 562
144 562 1497
711 165 408
408 165 711
165 408 711
771 292 1223
292 771 1223
1223 292 771
1291 1222 1468
1468 1222 1291
1222 1291 1468
1269 64 1373
64 1269 1373
1373 64 1269
1064 259 859
859 259 1064
259 859 1064
224 337 424
424 224 337
337 224 424
644 887 1151
887 644 1151
1151 644 887
1046 673 756
673 756 1046
756 673 1046
872 338 1193
1193 338 872
338 872 1193
239 9 910
910 9 239
9 239 910
554 1007 1498
1498 554 1007
1007 554 1498
501 350 669
350 501 669
669 350 501
1347 309 944
944 309 1347
309 944 1347
184 442 924
924 184 442
442 184 924
99 996 1141
996 99 1141
1141 99 996
478 201 1407
201 478 1407
1407 201 478
794 696 1130
696 794 1130
1130 696 794
1298 578 670
670 578 1298
578 670 1298
643 462 977
977 462 643
462 643 977
1070 308 1075
1075 308 1070
308 1070 1075
527 880 1418
1418 527 880
880 527 1418
997 447 841
841 447 997
447 841 997
1413 322 471
322 471 1413
471 322 1413
1299 1195 1245
1195 1245 1299
1245 1195 1299
200 108 310
108 200 310
310 108 200
330 491 798
798 330 491
491 330 798
451 1111 1121
1121 451 1111
1111 451 1121
22 222 1096
222 22 1096
1096 22 222
1329 103 1340
1340 103 1329
103 1329 1340
709 72 1396
72 709 1396
1396 72 709
952 513 1385
513 952 1385
1385 513 952
1450 68 1097
68 1097 1450
1097 68 1450
1472 351 1170
351 1170 1472
1170 351 1472
848 512 808
808 512 848
512 808 848
597 227 387
387 227 597
227 387 597
998 270 287
270 287 998
287 270 998
420 421 1040
421 420 1040
1040 420 421
272 550 1422
1422 272 550
550 272 1422
991 1113 1272
1272 991 1113
1113 991 1272
140 151 178
151 140 178
178 140 151
1205 409 746
746 409 1205
409 746 1205
115 260 499
499 115 260
260 115 499
958 416 1289
416 958 1289
1289 416 958
713 166 843
843 166 713
166 713 843
148 621 658
658 148 621
621 148 658
802 94 999
999 94 802
94 802 999
927 164 559
559 164 927
164 559 927
693 536 596
596 536 693
536 596 693
870 160 589
589 160 870
160 589 870
1152 250 279
279 250 1152
250 279 1152
1231 1273 1433
1433 1231 1273
1273 1231 1433
1399 13 268
268 13 1399
13 268 1399
1412 20 152
20 152 1412
152 20 1412
624 378 728
378 624 728
728 378 624
86 1081 1138
1138 86 1081
1081 86 1138
1437 352 1028
352 1028 1437
1028 352 1437
426 580 1499
1499 426 580
580 426 1499
1027 648 1022
1022 648 1027
648 1022 1027
1458 391 1252
1252 391 1458
391 1252 1458
434 1035 1285
1285 434 1035
1035 434 1285
480 425 1156
1156 425 480
425 480 1156
228 360 829
360 228 829
829 228 360
84 657 1266
657 84 1266
1266 84 657
1206 275 940
275 940 1206
940 275 1206
290 118 1446
1446 118 290
118 290 1446
1107 743 1480
743 1107 1480
1480 743 1107
358 116 370
116 358 370
370 116 358
483 515 1224
515 483 1224
1224 483 515
763 930 1448
930 763 1448
1448 763 930
849 786 1128
786 849 1128
1128 786 849
110 433 1311
1311 110 433
433 110 1311
752 335 876
335 752 876
876 335 752
47 487 933
487 47 933
933 47 487
1086 187 608
187 608 1086
608 187 1086
1271 25 74
25 74 1271
74 25 1271
1443 676 1421
676 1421 1443
1421 676 1443
73 1187 1436
1187 73 1436
1436 73 1187
821 217 1356
1356 217 821
217 821 1356
79 212 235
235 79 212
212 79 235
1004 1164 1236
1164 1004 1236
1236 1004 1164
1315 208 1180
208 1180 1315
1180 208 1315
1457 739 1200
1200 739 1457
739 1200 1457
521 1281 1447
1447 521 1281
1281 521 1447
625 906 1312
1312 625 906
906 625 1312
1 198 211
198 1 211
211 1 198
1041 817 1411
1411 817 1041
817 1041 1411
943 182 284
284 182 943
182 284 943
883 177 1238
177 883 1238
1238 177 883
1406 33 573
573 33 1406
33 573 1406
17 29 811
811 17 29
29 17 811
281 564 774
774 281 564
564 281 774
675 699 886
886 675 699
699 675 886
1216 577 664
664 577 1216
577 664 1216
1054 60 750
750 60 1054
60 750 1054
1318 78 448
448 78 1318
78 448 1318
97 139 1280
1280 97 139
139 97 1280
42 789 1106
1106 42 789
789 42 1106
134 1380 1410
1410 134 1380
1380 134 1410
1483 467 1183
467 1183 1483
1183 467 1483
1361 243 404
404 243 1361
243 404 1361
498 348 1352
348 498 1352
1352 348 498
557 611 1088
611 557 1088
1088 557 611
353 712 1001
1001 353 712
712 353 1001
1431 691 1323
691 1323 1431
1323 691 1431
1148 1055 1284
1055 1148 1284
1284 1055 1148
1017 142 1302
1302 142 1017
142 1017 1302
543 1248 1326
1248 543 1326
1326 543 1248
1066 899 1074
899 1066 1074
1074 899 1066
123 813 975
813 123 975
975 123 813
983 346 570
346 570 983
570 346 983
440 364 1043
364 440 1043
1043 364 440
27 106 1039
1039 27 106
106 27 1039
327 1178 1488
1178 327 1488
1488 327 1178
474 12 373
373 12 474
12 373 474
973 629 1268
1268 629 973
629 973 1268
481 395 638
638 395 481
395 481 638
1068 641 1233
641 1068 1233
1233 641 1068
233 1050 1134
1050 233 1134
1134 233 1050
692 58 180
180 58 692
58 180 692
436 761 1286
761 436 1286
1286 436 761
1335 286 781
781 286 1335
286 781 1335
1124 283 613
283 613 1124
613 283 1124
702 197 1425
197 702 1425
1425 197 702
1214 740 1118
740 1118 1214
1118 740 1214
464 340 812
812 340 464
340 464 812
1230 298 938
938 298 1230
298 938 1230
1094 124 216
216 124 1094
124 216 1094
1234 665 1381
1381 665 1234
665 1234 1381
465 255 431
431 255 465
255 431 465
682 490 1350
1350 490 682
490 682 1350
202 722 968
722 202 968
968 202 722
1192 831 1416
831 1192 1416
1416 831 1192
252 294 1201
294 252 1201
1201 252 294
41 790 854
790 41 854
854 41 790
181 43 1441
43 181 1441
1441 43 181
1419 716 1242
1242 716 1419
716 1242 1419
915 651 1474
651 915 1474
1474 651 915
986 149 414
414 149 986
149 414 986
862 635 1382
1382 635 862
635 862 1382
853 945 1237
945 853 1237
1237 853 945
241 571 1401
571 241 1401
1401 241 571
828 119 1244
119 828 1244
1244 119 828
1496 10 694
10 694 1496
694 10 1496
1354 616 1276
1276 616 1354
616 1276 1354
686 37 765
37 686 765
765 37 686
747 105 867
105 747 867
867 105 747
1263 1100 1204
1100 1204 1263
1204 1100 1263
948 189 540
189 540 948
540 189 948
107 112 1153
112 107 1153
1153 107 112
1484 214 1241
214 1241 1484
1241 214 1484
990 158 445
445 158 990
158 445 990
1131 579 1147
1147 579 1131
579 1131 1147
1173 282 769
282 769 1173
769 282 1173
866 482 687
482 687 866
687 482 866
618 548 1405
548 618 1405
1405 548 618
681 305 646
646 305 681
305 646 681
762 54 193
193 54 762
54 193 762
1370 380 659
380 659 1370
659 380 1370
734 885 1362
1362 734 885
885 734 1362
379 285 428
285 379 428
428 285 379
1455 306 561
306 561 1455
561 306 1455
1209 325 1177
1177 325 1209
325 1177 1209
1392 82 1211
82 1211 1392
1211 82 1392
628 807 1336
807 628 1336
1336 628 807
721 101 1160
101 721 1160
1160 101 721
678 717 804
717 678 804
804 678 717
21 407 1009
1009 21 407
407 21 1009
844 450 1194
450 844 1194
1194 450 844
1293 385 1372
385 1293 1372
1372 385 1293
649 1308 1376
1376 649 1308
1308 649 1376
1176 265 531
531 265 1176
265 531 1176
1109 634 871
871 634 1109
634 871 1109
316 8 538
538 8 316
8 316 538
264 204 1207
1207 204 264
204 264 1207
245 399 599
599 245 399
399 245 599
619 376 1243
376 619 1243
1243 376 619
253 706 1295
706 253 1295
1295 253 706
837 806 874
874 806 837
806 837 874
861 150 612
150 612 861
612 150 861
563 159 1169
1169 159 563
159 563 1169
89 1300 1345
1345 89 1300
1300 89 1345
248 75 1275
75 248 1275
1275 75 248
524 125 386
125 386 524
386 125 524
614 992 1161
992 614 1161
1161 614 992
437 1274 1408
1408 437 1274
1274 437 1408
6 441 655
655 6 441
441 6 655
730 684 1127
684 730 1127
1127 684 730
488 80 598
598 80 488
80 488 598
147 820 1065
1065 147 820
820 147 1065
941 280 1114
1114 280 941
280 941 1114
454 11 1038
1038 11 454
11 454 1038
533 772 799
772 533 799
799 533 772
138 261 1317
1317 138 261
261 138 1317
230 690 1203
690 230 1203
1203 230 690
607 510 1445
510 607 1445
1445 510 607
132 1129 1414
1414 132 1129
1129 132 1414
751 809 1240
809 751 1240
1240 751 809
390 321 1477
321 390 1477
1477 321 390
961 341 1377
341 961 1377
1377 341 961
877 3 1095
1095 3 877
3 877 1095
1060 88 925
88 925 1060
925 88 1060
934 792 1246
792 934 1246
1246 792 934
928 724 1099
724 928 1099
1099 724 928
602 754 1226
1226 602 754
754 602 1226
479 708 1278
708 479 1278
1278 479 708
496 366 453
366 453 496
453 366 496
865 1383 1449
1383 865 1449
1449 865 1383
1409 326 497
326 497 1409
497 326 1409
438 315 1163
315 438 1163
1163 315 438
1353 157 1463
157 1353 1463
1463 157 1353
439 90 816
90 439 816
816 90 439
218 349 782
349 218 782
782 218 349
263 718 1322
1322 263 718
718 263 1322
1110 128 719
128 719 1110
719 128 1110
764 146 1371
146 764 1371
1371 146 764
319 947 1344
947 319 1344
1344 319 947
4 703 1465
1465 4 703
703 4 1465
406 852 926
852 406 926
926 406 852
663 320 1239
320 663 1239
1239 320 663
1307 1444 1470
1444 1307 1470
1470 1307 1444
206 826 857
857 206 826
826 206 857
689 362 1228
362 689 1228
1228 362 689
773 552 814
814 552 773
552 773 814
1091 413 775
775 413 1091
413 775 1091
381 633 671
671 381 633
633 381 671
1116 560 645
645 560 1116
560 645 1116
199 300 1208
300 199 1208
1208 199 300
546 278 1337
1337 278 546
278 546 1337
594 981 1426
981 594 1426
1426 594 981
122 91 205
91 122 205
205 91 122
1049 882 1267
882 1049 1267
1267 882 1049
1429 143 162
143 162 1429
162 143 1429
511 312 1047
312 511 1047
1047 312 511
592 324 1025
324 592 1025
1025 324 592
971 254 1435
254 971 1435
1435 254 971
345 542 780
780 345 542
542 345 780
1217 339 430
430 339 1217
339 430 1217
1255 587 884
587 884 1255
884 587 1255
833 203 1172
203 833 1172
1172 203 833
83 274 1024
274 83 1024
1024 83 274
1123 1220 1403
1220 1123 1403
1403 1123 1220
1079 845 1306
845 1079 1306
1306 845 1079
1033 382 401
401 382 1033
382 401 1033
137 289 1489
289 137 1489
1489 137 289
974 207 626
207 626 974
626 207 974
251 443 1029
443 251 1029
1029 251 443
1225 276 879
276 879 1225
879 276 1225
168 277 847
847 168 277
277 168 847
389 311 1494
311 389 1494
1494 311 389
1062 1092 1167
1167 1062 1092
1092 1062 1167
444 652 1259
652 444 1259
1259 444 652
1158 583 1063
1063 583 1158
583 1063 1158
85 343 545
545 85 343
343 85 545
111 303 967
967 111 303
303 111 967
931 247 600
600 247 931
247 600 931
1464 1078 1080
1080 1078 1464
1078 1080 1464
1301 888 1212
888 1212 1301
1212 888 1301
632 52 1338
52 632 1338
1338 52 632
1358 895 1262
895 1262 1358
1262 895 1358
1395 623 835
623 835 1395
835 623 1395
1316 878 1061
1061 878 1316
878 1061 1316
69 784 916
916 69 784
784 69 916
1366 57 209
57 209 1366
209 57 1366
155 266 1076
266 155 1076
1076 155 266
242 729 1394
729 242 1394
1394 242 729
1188 803 993
993 803 1188
803 993 1188
1314 333 486
486 333 1314
333 486 1314
1348 1462 1491
1462 1348 1491
1491 1348 1462
601 332 1012
332 601 1012
1012 332 601
980 889 1265
889 980 1265
1265 889 980
953 656 838
838 656 953
656 838 953
1375 419 1485
1485 419 1375
419 1375 1485
603 566 868
868 566 603
566 603 868
1210 328 832
832 328 1210
328 832 1210
1459 1166 1367
1367 1166 1459
1166 1367 1459
994 7 567
7 567 994
567 7 994
176 1261 1341
1341 176 1261
1261 176 1341
785 777 793
793 777 785
777 785 793
1087 402 1330
402 1087 1330
1330 402 1087
1019 145 196
145 196 1019
196 145 1019
238 411 1142
1142 238 411
411 238 1142
1198 223 1487
1487 223 1198
223 1198 1487
1346 585 805
805 585 1346
585 805 1346
36 185 1423
185 36 1423
1423 36 185
653 640 700
640 653 700
700 640 653
1229 188 1057
188 1057 1229
1057 188 1229
81 172 1334
172 81 1334
1334 81 172
1260 226 946
946 226 1260
226 946 1260
1253 502 736
502 736 1253
736 502 1253
1393 35 1328
35 1328 1393
1328 35 1393
604 595 776
595 604 776
776 595 604
1045 342 427
427 342 1045
342 427 1045
56 299 615
615 56 299
299 56 615
1069 215 313
313 215 1069
215 313 1069
104 170 219
170 104 219
219 104 170
742 581 674
674 581 742
581 674 742
1030 50 591
50 591 1030
591 50 1030
256 834 1471
834 256 1471
1471 256 834
271 240 666
666 240 271
240 271 666
269 955 1456
955 269 1456
1456 269 955
753 823 1304
1304 753 823
823 753 1304
1135 1093 1104
1093 1104 1135
1104 1093 1135
109 452 801
801 109 452
452 109 801
1439 631 1089
631 1089 1439
1089 631 1439
225 302 1321
1321 225 302
302 225 1321
133 48 1036
48 133 1036
1036 48 133
1072 67 392
392 67 1072
67 392 1072
1297 553 911
553 911 1297
911 553 1297
568 38 113
113 38 568
38 113 568
590 398 1159
1159 398 590
398 590 1159
1469 494 1026
494 1026 1469
1026 494 1469
1466 622 913
622 913 1466
913 622 1466
1143 96 969
96 969 1143
969 96 1143
517 31 1378
1378 31 517
31 517 1378
758 297 1270
1270 297 758
297 758 1270
827 1351 1384
1351 827 1384
1384 827 1351
748 987 1282
1282 748 987
987 748 1282
741 627 850
850 627 741
627 741 850
588 249 1313
1313 249 588
249 588 1313
672 1115 1219
1115 672 1219
1219 672 1115
365 660 738
738 365 660
660 365 738
892 1006 1434
1006 892 1434
1434 892 1006
1218 288 1432
1432 288 1218
288 1218 1432
1256 400 1000
1000 400 1256
400 1000 1256
46 190 1221
190 46 1221
1221 46 190
457 705 1139
1139 457 705
705 457 1139
929 1398 1482
1482 929 1398
1398 929 1482
405 24 1031
1031 24 405
24 405 1031
779 797 1197
1197 779 797
797 779 1197
1427 49 418
418 49 1427
49 418 1427
685 463 520
520 463 685
463 520 685
1171 1034 1440
1440 1034 1171
1034 1171 1440
565 192 1349
1349 192 565
192 565 1349
506 14 307
307 14 506
14 307 506
174 130 950
130 174 950
950 130 174
1105 1363 1461
1363 1105 1461
1461 1105 1363
1415 1150 1309
1309 1150 1415
1150 1309 1415
1021 720 1324
720 1021 1324
1324 720 1021
1257 951 1015
1015 951 1257
951 1015 1257
710 972 1018
1018 710 972
972 710 1018
459 355 989
989 355 459
355 459 989
195 39 584
39 195 584
584 39 195
935 472 1182
472 935 1182
1182 472 935
688 937 1119
937 688 1119
1119 688 937
503 156 291
291 156 503
156 291 503
1404 429 1355
1355 429 1404
429 1355 1404
1175 1359 1397
1359 1175 1397
1397 1175 1359
473 572 822
822 473 572
572 473 822
970 830 1126
1126 830 970
830 970 1126
26 1149 1357
1149 26 1357
1357 26 1149
131 1010 1360
1010 131 1360
1360 131 1010
1122 422 956
422 956 1122
956 422 1122
1374 331 1428
1428 331 1374
331 1374 1428
768 760 1120
760 768 1120
1120 760 768
544 221 518
518 221 544
221 518 544
28 757 1090
1090 28 757
757 28 1090
1155 731 783
783 731 1155
731 783 1155
1277 610 725
725 610 1277
610 725 1277
759 593 890
593 759 890
890 593 759
1083 458 507
507 458 1083
458 507 1083
77 1213 1400
1400 77 1213
1213 77 1400
1071 357 519
519 357 1071
357 519 1071
908 897 1296
897 908 1296
1296 897 908
574 679 697
679 574 697
697 574 679
70 532 1181
532 70 1181
1181 70 532
894 415 492
492 415 894
415 492 894
529 1202 1420
1420 529 1202
1202 529 1420
1454 161 727
727 161 1454
161 727 1454
1179 1144 1460
1460 1144 1179
1144 1179 1460
549 995 1305
1305 549 995
995 549 1305
1051 620 988
620 988 1051
988 620 1051
965 470 898
898 470 965
470 898 965
397 582 839
582 397 839
839 397 582
919 984 1391
984 919 1391
1391 919 984
301 220 1133
1133 220 301
220 301 1133
495 121 455
455 121 495
121 455 495
92 194 1486
1486 92 194
194 92 1486
1478 30 485
30 485 1478
485 30 1478
1020 244 920
920 244 1020
244 920 1020
412 475 922
922 412 475
475 412 922
1056 262 1052
1052 262 1056
262 1052 1056
891 639 836
836 639 891
639 836 891
1254 508 1190
508 1190 1254
1190 508 1254
1387 539 1232
1232 539 1387
539 1232 1387
1002 537 1082
1082 537 1002
537 1002 1082
514 18 40
40 18 514
18 40 514
154 966 1500
966 154 1500
1500 154 966
957 95 932
932 95 957
95 932 957
1333 377 476
476 377 1333
377 476 1333
32 541 1402
1402 32 541
541 32 1402
1108 102 129
102 129 1108
129 102 1108
755 778 979
778 755 979
979 755 778
1137 1059 1125
1059 1125 1137
1125 1059 1137
735 864 1037
1037 735 864
864 735 1037
1249 367 900
367 900 1249
900 367 1249
374 246 1279
1279 246 374
246 374 1279
1174 236 1310
236 1174 1310
1310 236 1174
1023 840 1417
1417 840 1023
840 1023 1417
1112 169 1140
169 1112 1140
1140 169 1112
34 59 907
59 34 907
907 34 59
667 683 905
683 667 905
905 667 683
410 127 1146
127 410 1146
1146 127 410
234 530 1014
530 234 1014
1014 234 530
1325 63 714
63 714 1325
714 63 1325
135 295 1101
295 135 1101
1101 135 295
909 344 1292
344 909 1292
1292 344 909
1264 869 1008
1008 869 1264
869 1008 1264
1290 126 500
126 500 1290
500 126 1290
1085 66 1042
66 1042 1085
1042 66 1085
1186 1184 1332
1332 1184 1186
1184 1186 1332
939 65 896
896 65 939
65 896 939
815 509 1390
509 815 1390
1390 509 815
902 347 677
347 677 902
677 347 902
383 873 962
873 383 962
962 383 873
1077 963 1368
1368 963 1077
963 1077 1368
733 388 732
388 732 733
732 388 733
19 642 1473
1473 19 642
642 19 1473
1032 707 936
936 707 1032
707 936 1032
93 912 1136
912 93 1136
1136 93 912
231 183 1438
183 231 1438
1438 183 231
1442 1013 1388
1013 1388 1442
1388 1013 1442
153 1199 1467
1467 153 1199
1199 153 1467
903 1251 1452
1452 903 1251
1251 903 1452
661 16 51
51 16 661
16 51 661
317 825 851
825 317 851
851 317 825
630 964 1003
1003 630 964
964 630 1003
1168 273 336
273 336 1168
336 273 1168
237 1103 1327
1327 237 1103
1103 237 1327
985 1157 1319
1157 985 1319
1319 985 1157
114 875 976
976 114 875
875 114 976
1098 368 369
368 369 1098
369 368 1098
726 1331 1386
1386 726 1331
1331 726 1386
435 175 960
175 435 960
960 175 435
396 449 484
449 396 484
484 396 449
1162 372 477
372 477 1162
477 372 1162
796 914 1493
1493 796 914
914 796 1493
1379 356 1084
356 1084 1379
1084 356 1379
468 556 1215
556 468 1215
1215 468 556
1189 917 918
917 918 1189
918 917 1189
846 504 668
504 668 846
668 504 846
98 393 1495
393 98 1495
1495 98 393
55 555 1287
555 55 1287
1287 55 555
1196 855 1453
1453 855 1196
855 1196 1453
1058 860 1288
860 1058 1288
1288 860 1058
71 229 363
229 71 363
363 71 229
901 637 923
923 637 901
637 901 923
1073 575 650
650 575 1073
575 650 1073
954 359 1294
1294 359 954
359 954 1294
1185 293 795
795 293 1185
293 795 1185
1303 1475 1479
1475 1303 1479
1479 1303 1475
526 787 1250
1250 526 787
787 526 1250
528 569 1011
1011 528 569
569 528 1011
304 173 534
534 173 304
173 304 534
1364 375 893
893 375 1364
375 893 1364
1424 2 87
87 2 1424
2 87 1424
329 417 1044
1044 329 417
417 329 1044
698 61 493
61 493 698
493 61 698
842 371 770
371 770 842
770 371 842
1369 695 1490
695 1369 1490
1490 695 1369
1389 191 558
558 191 1389
191 558 1389
863 662 1102
662 863 1102
1102 662 863
1165 737 1430
737 1165 1430
1430 737 1165
117 432 715
715 117 432
432 117 715
609 213 1132
213 609 1132
1132 213 609
1258 617 1053
1053 617 1258
617 1053 1258
904 318 1005
1005 318 904
318 904 1005
334 171 522
522 171 334
171 334 522
