2002 9553 11535
9553 2002 11535
11535 2002 9553
8016 923 5876
923 5876 8016
5876 923 8016
10163 1031 13723
1031 10163 13723
13723 1031 10163
11979 6088 9582
6088 9582 11979
9582 6088 11979
2736 3514 14886
3514 2736 14886
14886 2736 3514
4059 187 3639
3639 187 4059
187 3639 4059
9773 4204 5052
5052 4204 9773
4204 5052 9773
6536 3319 6642
6642 3319 6536
3319 6536 6642
10604 64 9164
64 9164 10604
9164 64 10604
13768 12115 13005
13005 12115 13768
12115 13005 13768
7008 11183 11501
11183 7008 11501
11501 7008 11183
13432 2405 7189
7189 2405 13432
2405 7189 13432
9199 1458 12275
1458 9199 12275
12275 1458 9199
14301 7937 10842
7937 10842 14301
10842 7937 14301
14354 1258 4527
4527 1258 14354
1258 4527 14354
14778 8850 13727
8850 13727 14778
13727 8850 14778
8997 9059 12189
12189 8997 9059
9059 8997 12189
11738 9484 10429
9484 10429 11738
10429 9484 11738
5703 96 3194
3194 96 5703
96 3194 5703
10183 1635 14000
1635 10183 14000
14000 1635 10183
11669 6086 8296
8296 6086 11669
6086 8296 11669
14561 3959 7053
7053 3959 14561
3959 7053 14561
1694 3515 9701
3515 1694 9701
9701 1694 3515
14304 1591 10651
10651 1591 14304
1591 10651 14304
11226 2681 10563
10563 2681 11226
2681 10563 11226
10678 8481 9581
9581 8481 10678
8481 9581 10678
533 5838 14129
5838 533 14129
14129 533 5838
1811 3756 10523
3756 1811 10523
10523 1811 3756
1641 3215 3873
3215 1641 3873
3873 1641 3215
13226 10453 13117
10453 13117 13226
13117 10453 13226
10057 6125 12814
12814 6125 10057
6125 10057 12814
518 9608 11581
9608 518 11581
11581 518 9608
4727 4487 14781
14781 4487 4727
4487 4727 14781
1264 9521 13430
9521 1264 13430
13430 1264 9521
1464 8790 9976
8790 1464 9976
9976 1464 8790
709 931 14056
14056 709 931
931 709 14056
2712 6437 8995
8995 2712 6437
6437 2712 8995
859 39 11618
39 859 11618
11618 39 859
656 10495 12878
10495 656 12878
12878 656 10495
1531 550 11031
11031 550 1531
550 1531 11031
13278 4683 10280
4683 10280 13278
10280 4683 13278
1379 5565 13304
13304 1379 5565
5565 1379 13304
11884 9570 9834
9834 9570 11884
9570 9834 11884
6831 4788 10390
4788 6831 10390
10390 4788 6831
8193 7801 14320
7801 8193 14320
14320 7801 8193
12846 5256 14845
5256 12846 14845
14845 5256 12846
12907 3408 3759
3759 3408 12907
3408 3759 12907
2097 2695 3083
2695 2097 3083
3083 2097 2695
2949 1955 14027
1955 2949 14027
14027 1955 2949
6312 7093 12070
12070 6312 7093
7093 6312 12070
14940 10613 11518
10613 11518 14940
11518 10613 14940
14193 5334 5828
5334 5828 14193
5828 5334 14193
11567 3034 5686
3034 5686 11567
5686 3034 11567
4618 2850 5992
5992 2850 4618
2850 4618 5992
6983 6242 12184
12184 6242 6983
6242 6983 12184
2381 8983 14993
14993 2381 8983
8983 2381 14993
10980 11873 12618
11873 10980 12618
12618 10980 11873
2908 1825 3878
3878 1825 2908
1825 2908 3878
576 2111 14315
2111 576 14315
14315 576 2111
12236 9474 13138
9474 12236 13138
13138 9474 12236
7219 2839 3337
2839 3337 7219
3337 2839 7219
5514 161 11347
11347 161 5514
161 5514 11347
44 11328 13295
11328 44 13295
13295 44 11328
1705 6329 12706
12706 1705 6329
6329 1705 12706
10467 1394 8075
8075 1394 10467
1394 8075 10467
3726 4758 12746
12746 3726 4758
4758 3726 12746
4534 5619 11125
11125 4534 5619
5619 4534 11125
8798 1746 3860
1746 3860 8798
3860 1746 8798
12979 979 1982
979 1982 12979
1982 979 12979
8641 8019 9583
8019 8641 9583
9583 8019 8641
7065 1735 10013
10013 1735 7065
1735 7065 10013
9710 8132 14984
8132 9710 14984
14984 8132 9710
10009 5866 10450
5866 10009 10450
10450 5866 10009
4183 7885 10734
10734 4183 7885
7885 4183 10734
3903 4240 13370
13370 3903 4240
4240 3903 13370
13174 196 13224
13224 196 13174
196 13174 13224
10099 8646 12066
12066 8646 10099
8646 10099 12066
7716 270 9880
9880 270 7716
270 7716 9880
7900 6694 9103
6694 7900 9103
9103 6694 7900
13700 11635 13502
11635 13502 13700
13502 11635 13700
7475 12010 13507
12010 7475 13507
13507 7475 12010
3700 1223 14699
14699 1223 3700
1223 3700 14699
1355 3037 13182
3037 1355 13182
13182 1355 3037
7303 1137 1399
1137 1399 7303
1399 1137 7303
2284 4667 6727
4667 2284 6727
6727 2284 4667
2843 707 3633
3633 707 2843
707 2843 3633
9183 960 7516
7516 960 9183
960 7516 9183
347 6379 14603
6379 347 14603
14603 347 6379
6453 3206 14697
3206 6453 14697
14697 3206 6453
4014 4342 14435
14435 4014 4342
4342 4014 14435
2046 2172 13074
2172 2046 13074
13074 2046 2172
7952 2209 6773
2209 6773 7952
6773 2209 7952
1662 5314 7444
5314 1662 7444
7444 1662 5314
4644 3389 10794
3389 4644 10794
10794 3389 4644
14684 1145 3869
3869 1145 14684
1145 3869 14684
553 1517 11902
11902 553 1517
1517 553 11902
10228 7964 14511
14511 7964 10228
7964 10228 14511
3988 7535 8619
8619 3988 7535
7535 3988 8619
12620 6538 8765
6538 8765 12620
8765 6538 12620
12927 658 3567
658 3567 12927
3567 658 12927
11065 5428 6372
6372 5428 11065
5428 6372 11065
7982 8680 14799
14799 7982 8680
8680 7982 14799
9116 9888 14862
9888 9116 14862
14862 9116 9888
9440 9234 14384
14384 9234 9440
9234 9440 14384
5008 6577 6679
6679 5008 6577
6577 5008 6679
12644 1163 12964
12964 1163 12644
1163 12644 12964
10213 7663 10204
10204 7663 10213
7663 10204 10213
7426 11026 11078
11026 7426 11078
11078 7426 11026
7893 1437 6023
6023 1437 7893
1437 6023 7893
11061 3288 3908
3288 3908 11061
3908 3288 11061
12315 1485 6802
6802 1485 12315
1485 6802 12315
4798 6608 13248
13248 4798 6608
6608 4798 13248
711 7299 12639
12639 711 7299
7299 711 12639
14869 11821 14302
14302 11821 14869
11821 14302 14869
4095 7713 10623
10623 4095 7713
7713 4095 10623
3380 3911 6674
6674 3380 3911
3911 3380 6674
3797 4533 14839
14839 3797 4533
4533 3797 14839
3622 10602 12882
12882 3622 10602
10602 3622 12882
7483 1442 3126
3126 1442 7483
1442 3126 7483
13361 2412 6262
6262 2412 13361
2412 6262 13361
10244 7156 11071
11071 7156 10244
7156 10244 11071
14871 1563 3924
3924 1563 14871
1563 3924 14871
13520 12001 13535
12001 13520 13535
13535 12001 13520
5397 7720 10326
7720 5397 10326
10326 5397 7720
3610 649 9906
9906 649 3610
649 3610 9906
14428 5147 9681
9681 5147 14428
5147 9681 14428
12016 1725 13285
13285 1725 12016
1725 12016 13285
6677 5605 6346
5605 6346 6677
6346 5605 6677
8047 457 8851
8851 457 8047
457 8047 8851
12678 9461 9602
9461 9602 12678
9602 9461 12678
4334 12249 13950
13950 4334 12249
12249 4334 13950
7993 1274 8195
1274 7993 8195
8195 1274 7993
11908 5869 12600
12600 5869 11908
5869 11908 12600
6419 6393 11539
11539 6393 6419
6393 6419 11539
10607 70 8602
8602 70 10607
70 8602 10607
5566 3472 14903
3472 5566 14903
14903 3472 5566
14666 2677 11482
11482 2677 14666
2677 11482 14666
2096 5722 11233
5722 2096 11233
11233 2096 5722
8123 526 9899
9899 526 8123
526 8123 9899
8241 7547 8116
7547 8116 8241
8116 7547 8241
1187 3588 4532
3588 1187 4532
4532 1187 3588
5427 4672 8420
8420 4672 5427
4672 5427 8420
14743 1226 8614
8614 1226 14743
1226 8614 14743
4397 5027 12967
12967 4397 5027
5027 4397 12967
6016 4704 9098
9098 4704 6016
4704 6016 9098
13301 3763 12718
12718 3763 13301
3763 12718 13301
13661 2717 11605
2717 11605 13661
11605 2717 13661
11756 476 11981
476 11756 11981
11981 476 11756
14810 7322 9592
7322 9592 14810
9592 7322 14810
12297 2272 11154
2272 11154 12297
11154 2272 12297
3335 1170 6364
6364 1170 3335
1170 3335 6364
14397 9990 11834
9990 11834 14397
11834 9990 14397
1112 3448 11111
11111 1112 3448
3448 1112 11111
5531 5774 12580
5774 5531 12580
12580 5531 5774
1372 4430 10639
10639 1372 4430
4430 1372 10639
10019 3573 9804
9804 3573 10019
3573 9804 10019
580 9126 11604
9126 580 11604
11604 580 9126
11777 9169 9751
9169 9751 11777
9751 9169 11777
4817 2617 3267
2617 3267 4817
3267 2617 4817
14131 637 2491
2491 637 14131
637 2491 14131
792 3979 5625
3979 792 5625
5625 792 3979
6994 9014 10455
10455 6994 9014
9014 6994 10455
12166 7180 11575
11575 7180 12166
7180 11575 12166
12369 10488 13512
13512 10488 12369
10488 12369 13512
578 3844 12578
3844 578 12578
12578 578 3844
8814 6361 12996
12996 6361 8814
6361 8814 12996
3847 6188 6732
6732 3847 6188
6188 3847 6732
7056 10382 13415
10382 7056 13415
13415 7056 10382
12526 3718 4368
4368 3718 12526
3718 4368 12526
379 1150 10652
1150 379 10652
10652 379 1150
12551 12884 13102
12884 12551 13102
13102 12551 12884
9631 11329 12449
11329 9631 12449
12449 9631 11329
974 3518 13061
3518 974 13061
13061 974 3518
10502 3575 11357
3575 10502 11357
11357 3575 10502
7623 7398 11732
7398 7623 11732
11732 7398 7623
2440 11729 12621
11729 2440 12621
12621 2440 11729
9758 10810 13677
10810 9758 13677
13677 9758 10810
11541 802 2551
2551 802 11541
802 2551 11541
9306 2776 13390
2776 9306 13390
13390 2776 9306
10227 6271 13651
6271 10227 13651
13651 6271 10227
14876 1621 4426
1621 4426 14876
4426 1621 14876
977 7487 9512
9512 977 7487
7487 977 9512
4712 3839 12049
3839 4712 12049
12049 3839 4712
10000 6495 13728
6495 10000 13728
13728 6495 10000
8587 1905 4250
1905 4250 8587
4250 1905 8587
4993 7404 10373
10373 4993 7404
7404 4993 10373
14798 2980 8433
8433 2980 14798
2980 8433 14798
5374 3413 3933
3413 3933 5374
3933 3413 5374
6742 6481 9884
9884 6481 6742
6481 6742 9884
14932 7446 14418
14418 7446 14932
7446 14418 14932
8545 110 1296
1296 110 8545
110 1296 8545
10733 911 14088
911 10733 14088
14088 911 10733
13209 73 5915
73 5915 13209
5915 73 13209
671 7047 14877
14877 671 7047
7047 671 14877
9509 2147 2721
2147 2721 9509
2721 2147 9509
9048 11019 12219
12219 9048 11019
11019 9048 12219
449 11309 12082
12082 449 11309
11309 449 12082
1402 2545 12726
12726 1402 2545
2545 1402 12726
12991 2873 8020
8020 2873 12991
2873 8020 12991
4194 282 1190
282 1190 4194
1190 282 4194
5740 1181 12723
12723 1181 5740
1181 5740 12723
12696 404 5146
404 5146 12696
5146 404 12696
7479 3528 14897
3528 7479 14897
14897 3528 7479
13886 3385 3659
3385 3659 13886
3659 3385 13886
7127 3012 11690
3012 7127 11690
11690 3012 7127
10475 6733 13615
6733 10475 13615
13615 6733 10475
747 4797 7427
4797 747 7427
7427 747 4797
10155 4536 12312
4536 10155 12312
12312 4536 10155
14281 3396 8188
8188 3396 14281
3396 8188 14281
10887 11020 14101
14101 10887 11020
11020 10887 14101
1070 7931 13668
7931 1070 13668
13668 1070 7931
1521 5978 11561
5978 1521 11561
11561 1521 5978
3399 1784 6911
1784 3399 6911
6911 1784 3399
3436 7265 13540
7265 3436 13540
13540 3436 7265
2378 7094 11407
7094 2378 11407
11407 2378 7094
9093 378 12650
378 9093 12650
12650 378 9093
1024 7752 8482
7752 1024 8482
8482 1024 7752
12222 2029 9433
9433 2029 12222
2029 9433 12222
10473 6072 9660
9660 6072 10473
6072 9660 10473
7815 4309 4499
4309 4499 7815
4499 4309 7815
6344 11923 11969
11969 6344 11923
11923 6344 11969
13562 2304 4582
2304 4582 13562
4582 2304 13562
4884 3316 13445
3316 4884 13445
13445 3316 4884
8528 3611 12784
12784 3611 8528
3611 8528 12784
11835 5044 14538
5044 11835 14538
14538 5044 11835
11700 7071 10977
10977 7071 11700
7071 10977 11700
85 7610 10574
7610 85 10574
10574 85 7610
2508 6477 7085
6477 2508 7085
7085 2508 6477
13289 6299 14438
14438 6299 13289
6299 13289 14438
3217 10696 13784
13784 3217 10696
10696 3217 13784
432 7495 9393
9393 432 7495
7495 432 9393
13660 5590 11030
5590 11030 13660
11030 5590 13660
8173 6049 13045
6049 8173 13045
13045 6049 8173
10902 4086 7515
4086 7515 10902
7515 4086 10902
4214 3635 9627
9627 3635 4214
3635 4214 9627
2386 3003 8596
8596 2386 3003
3003 2386 8596
14501 4121 10474
10474 4121 14501
4121 10474 14501
7723 706 9245
9245 706 7723
706 7723 9245
3576 3660 11695
11695 3576 3660
3660 3576 11695
2459 3183 6404
3183 2459 6404
6404 2459 3183
7391 6074 13111
13111 6074 7391
6074 7391 13111
11201 1255 3147
3147 1255 11201
1255 3147 11201
12866 6475 12499
12499 6475 12866
6475 12499 12866
12793 3989 8999
8999 3989 12793
3989 8999 12793
3892 5940 11348
5940 3892 11348
11348 3892 5940
11465 1585 6165
1585 6165 11465
6165 1585 11465
9171 4202 7726
4202 7726 9171
7726 4202 9171
2502 2598 3489
2598 2502 3489
3489 2502 2598
14719 8894 13921
8894 13921 14719
13921 8894 14719
1592 4324 9748
9748 1592 4324
4324 1592 9748
1992 9770 13585
9770 1992 13585
13585 1992 9770
6018 5015 8726
8726 5015 6018
5015 6018 8726
1646 1209 11919
1209 1646 11919
11919 1209 1646
10819 5215 11054
11054 5215 10819
5215 10819 11054
659 1454 2040
2040 659 1454
1454 659 2040
4807 2912 8663
2912 4807 8663
8663 2912 4807
6251 764 9828
764 6251 9828
9828 764 6251
7833 10813 14047
14047 7833 10813
10813 7833 14047
3546 2758 11134
11134 2758 3546
2758 3546 11134
9949 529 5261
5261 529 9949
529 5261 9949
7397 4050 14469
14469 4050 7397
4050 7397 14469
10118 3149 13264
3149 10118 13264
13264 3149 10118
10005 11063 13307
11063 10005 13307
13307 10005 11063
854 5710 6210
6210 854 5710
5710 854 6210
12208 599 4076
4076 599 12208
599 4076 12208
10648 4926 9049
4926 9049 10648
9049 4926 10648
2343 5163 12401
5163 2343 12401
12401 2343 5163
14478 4137 11444
4137 11444 14478
11444 4137 14478
9012 14286 14931
14931 9012 14286
14286 9012 14931
13329 287 13783
13783 287 13329
287 13329 13783
3302 10247 12716
10247 3302 12716
12716 3302 10247
2361 1295 14716
1295 2361 14716
14716 1295 2361
8911 639 10704
639 8911 10704
10704 639 8911
5597 1975 12985
1975 5597 12985
12985 1975 5597
5196 10428 13614
13614 5196 10428
10428 5196 13614
14969 4805 13287
13287 4805 14969
4805 13287 14969
5640 12202 13757
13757 5640 12202
12202 5640 13757
10946 1411 11787
11787 1411 10946
1411 10946 11787
7258 3929 14287
14287 3929 7258
3929 7258 14287
8286 9670 10484
10484 8286 9670
9670 8286 10484
3178 301 8457
8457 301 3178
301 3178 8457
1191 1427 14958
1427 1191 14958
14958 1191 1427
6970 2763 3109
3109 2763 6970
2763 3109 6970
2220 7083 10715
10715 2220 7083
7083 2220 10715
11831 3092 4904
4904 3092 11831
3092 4904 11831
9252 2884 11008
2884 9252 11008
11008 2884 9252
2773 9746 12156
12156 2773 9746
9746 2773 12156
9028 10363 12000
12000 9028 10363
10363 9028 12000
4808 718 14365
14365 718 4808
718 4808 14365
3039 5855 9356
5855 3039 9356
9356 3039 5855
626 6853 10778
6853 626 10778
10778 626 6853
6861 7843 12938
12938 6861 7843
7843 6861 12938
14625 3130 9079
3130 9079 14625
9079 3130 14625
7879 10217 13240
10217 7879 13240
13240 7879 10217
4847 2260 11268
2260 4847 11268
11268 2260 4847
6130 5309 6317
5309 6130 6317
6317 5309 6130
9329 3858 5571
3858 5571 9329
5571 3858 9329
5330 11593 11823
11593 5330 11823
11823 5330 11593
6699 1710 12329
1710 6699 12329
12329 1710 6699
8125 4776 6989
6989 4776 8125
4776 6989 8125
755 113 6498
113 755 6498
6498 113 755
9946 1874 3808
3808 1874 9946
1874 3808 9946
6590 5065 11681
5065 6590 11681
11681 5065 6590
6059 1839 13014
13014 1839 6059
1839 6059 13014
14878 3160 4832
3160 4832 14878
4832 3160 14878
8237 2217 5761
5761 2217 8237
2217 5761 8237
13 9532 11091
11091 13 9532
9532 13 11091
1873 3071 6469
6469 1873 3071
3071 1873 6469
13216 1805 10095
1805 10095 13216
10095 1805 13216
4480 6082 9866
6082 4480 9866
9866 4480 6082
5435 1768 14504
14504 1768 5435
1768 5435 14504
6557 3276 6235
3276 6235 6557
6235 3276 6557
8544 4539 11624
11624 4539 8544
4539 8544 11624
945 2820 8716
2820 945 8716
8716 945 2820
14601 11772 11861
11772 11861 14601
11861 11772 14601
5811 358 10809
10809 358 5811
358 5811 10809
9552 7856 13897
7856 9552 13897
13897 7856 9552
10079 6886 14113
14113 6886 10079
6886 10079 14113
422 1214 1373
1214 422 1373
1373 422 1214
8907 211 6575
211 6575 8907
6575 211 8907
2954 8233 13612
13612 2954 8233
8233 2954 13612
1881 41 12667
41 1881 12667
12667 41 1881
7782 1400 5695
1400 5695 7782
5695 1400 7782
5986 2868 14758
2868 5986 14758
14758 2868 5986
10416 5401 5884
5401 5884 10416
5884 5401 10416
2581 5324 12827
12827 2581 5324
5324 2581 12827
10278 7367 12767
7367 10278 12767
12767 7367 10278
1827 4879 12579
12579 1827 4879
4879 1827 12579
14702 2653 6760
6760 2653 14702
2653 6760 14702
1436 10047 13151
10047 1436 13151
13151 1436 10047
3284 655 7358
7358 655 3284
655 3284 7358
1529 852 13322
13322 852 1529
852 1529 13322
11346 13282 14662
13282 11346 14662
14662 11346 13282
4370 3805 12235
3805 4370 12235
12235 3805 4370
6081 7710 11808
7710 6081 11808
11808 6081 7710
7385 8842 13715
13715 7385 8842
8842 7385 13715
8292 4018 8714
8714 4018 8292
4018 8292 8714
1516 2093 9628
9628 1516 2093
2093 1516 9628
970 6801 14321
6801 970 14321
14321 970 6801
693 7441 12803
12803 693 7441
7441 693 12803
265 392 8254
8254 265 392
392 265 8254
3818 1877 14825
1877 3818 14825
14825 1877 3818
11478 6787 14875
6787 11478 14875
14875 6787 11478
7682 4082 13885
4082 7682 13885
13885 4082 7682
12412 5183 5255
5183 5255 12412
5255 5183 12412
14673 7305 11655
7305 11655 14673
11655 7305 14673
7743 4990 11028
4990 7743 11028
11028 4990 7743
558 12174 13515
13515 558 12174
12174 558 13515
14606 744 12248
12248 744 14606
744 12248 14606
10132 4705 9030
9030 4705 10132
4705 9030 10132
5492 3774 11255
11255 3774 5492
3774 5492 11255
3623 43 14160
43 3623 14160
14160 43 3623
13691 469 2138
469 2138 13691
2138 469 13691
6965 8783 13944
8783 6965 13944
13944 6965 8783
9632 1545 6624
6624 1545 9632
1545 6624 9632
1235 1315 6969
1315 1235 6969
6969 1235 1315
10893 1734 3640
1734 3640 10893
3640 1734 10893
4850 816 8494
816 4850 8494
8494 816 4850
1996 6429 8162
6429 1996 8162
8162 1996 6429
3887 4931 12217
4931 3887 12217
12217 3887 4931
13436 4159 4258
4258 4159 13436
4159 4258 13436
9883 2369 14406
2369 9883 14406
14406 2369 9883
3939 6556 11751
11751 3939 6556
6556 3939 11751
5677 6629 10394
6629 5677 10394
10394 5677 6629
10445 56 9015
9015 56 10445
56 9015 10445
12258 4254 6183
4254 6183 12258
6183 4254 12258
9513 2731 5486
5486 2731 9513
2731 5486 9513
4363 1977 4886
4886 1977 4363
1977 4363 4886
12568 4889 6811
6811 4889 12568
4889 6811 12568
12447 6597 8311
8311 6597 12447
6597 8311 12447
2413 6579 14651
6579 2413 14651
14651 2413 6579
10159 681 1970
681 1970 10159
1970 681 10159
6649 4865 10221
10221 4865 6649
4865 6649 10221
3154 5405 13123
13123 3154 5405
5405 3154 13123
6517 10267 12398
10267 6517 12398
12398 6517 10267
12306 2207 12433
12433 2207 12306
2207 12306 12433
12994 13868 13895
13868 12994 13895
13895 12994 13868
4554 2100 2373
2373 2100 4554
2100 2373 4554
7562 4928 8797
4928 7562 8797
8797 4928 7562
7584 164 11896
11896 164 7584
164 7584 11896
8258 7275 8669
7275 8258 8669
8669 7275 8258
2983 5589 6540
6540 2983 5589
5589 2983 6540
5425 12335 13988
12335 5425 13988
13988 5425 12335
5754 4032 8118
8118 4032 5754
4032 5754 8118
11800 1634 13109
13109 1634 11800
1634 11800 13109
13457 3534 10205
10205 3534 13457
3534 10205 13457
217 4692 11903
11903 217 4692
4692 217 11903
12629 3474 4039
4039 3474 12629
3474 4039 12629
5279 4767 6398
6398 4767 5279
4767 5279 6398
4075 8218 11000
11000 4075 8218
8218 4075 11000
8240 11785 11826
11785 8240 11826
11826 8240 11785
11254 4613 7647
7647 4613 11254
4613 7647 11254
331 4331 5440
4331 331 5440
5440 331 4331
9692 3780 13412
13412 3780 9692
3780 9692 13412
4791 4909 6062
6062 4791 4909
4909 4791 6062
13331 3103 10559
10559 3103 13331
3103 10559 13331
11950 3428 9969
3428 9969 11950
9969 3428 11950
7365 9328 14908
9328 7365 14908
14908 7365 9328
4225 914 8864
914 4225 8864
8864 914 4225
8301 49 10494
49 8301 10494
10494 49 8301
3447 3753 9078
9078 3447 3753
3753 3447 9078
11626 2894 10534
2894 10534 11626
10534 2894 11626
14021 10275 11344
11344 10275 14021
10275 11344 14021
4385 1426 6390
6390 1426 4385
1426 4385 6390
11705 2869 13453
13453 2869 11705
2869 11705 13453
4242 3942 8843
8843 3942 4242
3942 4242 8843
6971 1793 12484
12484 1793 6971
1793 6971 12484
13785 13380 13408
13380 13408 13785
13408 13380 13785
14692 11418 13494
11418 13494 14692
13494 11418 14692
8124 9443 10526
10526 8124 9443
9443 8124 10526
4079 3409 9360
3409 4079 9360
9360 3409 4079
11246 3920 5682
5682 3920 11246
3920 5682 11246
758 7480 8543
7480 758 8543
8543 758 7480
4405 3843 8915
8915 3843 4405
3843 4405 8915
11816 7540 8863
7540 8863 11816
8863 7540 11816
6029 275 13519
275 6029 13519
13519 275 6029
4256 10435 11946
10435 4256 11946
11946 4256 10435
13942 2926 7084
7084 2926 13942
2926 7084 13942
12912 3741 8432
3741 8432 12912
8432 3741 12912
5815 1358 12044
1358 5815 12044
12044 1358 5815
14108 7364 10744
10744 7364 14108
7364 10744 14108
6600 7339 14814
14814 6600 7339
7339 6600 14814
12278 12110 14574
14574 12110 12278
12110 12278 14574
3445 11123 12187
12187 3445 11123
11123 3445 12187
7387 1702 2018
1702 2018 7387
2018 1702 7387
10875 1550 7042
1550 7042 10875
7042 1550 10875
5697 3674 4477
3674 4477 5697
4477 3674 5697
2548 4257 11253
4257 2548 11253
11253 2548 4257
6874 8408 11317
8408 6874 11317
11317 6874 8408
13712 3346 11264
3346 11264 13712
11264 3346 13712
6537 224 11845
224 6537 11845
11845 224 6537
2620 2939 12849
2939 2620 12849
12849 2620 2939
5286 7580 14773
14773 5286 7580
7580 5286 14773
13732 673 11689
673 11689 13732
11689 673 13732
732 1180 12790
1180 732 12790
12790 732 1180
12287 5559 8192
8192 5559 12287
5559 8192 12287
14955 2129 2577
2577 2129 14955
2129 2577 14955
9189 4057 7374
4057 7374 9189
7374 4057 9189
2492 710 4090
4090 710 2492
710 2492 4090
13381 11296 13875
11296 13381 13875
13875 11296 13381
4922 1595 2342
2342 1595 4922
1595 2342 4922
5177 7478 12097
7478 5177 12097
12097 5177 7478
11004 3642 10818
3642 10818 11004
10818 3642 11004
12533 6376 6518
6518 6376 12533
6376 6518 12533
4831 3272 10844
10844 3272 4831
3272 4831 10844
1082 7614 9466
9466 1082 7614
7614 1082 9466
8852 3627 8701
3627 8701 8852
8701 3627 8852
8087 3119 5867
3119 5867 8087
5867 3119 8087
5974 741 12717
741 5974 12717
12717 741 5974
6905 4354 10313
4354 6905 10313
10313 4354 6905
13622 7803 9941
9941 7803 13622
7803 9941 13622
4698 283 12622
12622 283 4698
283 4698 12622
11584 14484 14804
14484 11584 14804
14804 11584 14484
8361 4317 7583
7583 4317 8361
4317 7583 8361
3665 12441 13870
13870 3665 12441
12441 3665 13870
2788 7734 8239
7734 2788 8239
8239 2788 7734
6926 6548 10969
10969 6548 6926
6548 6926 10969
216 4148 12665
12665 216 4148
4148 216 12665
5804 8471 9683
9683 5804 8471
8471 5804 9683
14395 907 2266
2266 907 14395
907 2266 14395
2918 3703 14720
3703 2918 14720
14720 2918 3703
9319 1804 5757
1804 5757 9319
5757 1804 9319
9338 2444 7622
7622 2444 9338
2444 7622 9338
420 3233 4105
4105 420 3233
3233 420 4105
686 2674 10258
10258 686 2674
2674 686 10258
10032 590 11235
11235 590 10032
590 10032 11235
1973 5473 8962
5473 1973 8962
8962 1973 5473
4510 2445 11778
2445 4510 11778
11778 2445 4510
2685 4666 10626
10626 2685 4666
4666 2685 10626
10528 7576 12142
7576 10528 12142
12142 7576 10528
3016 3243 9962
9962 3016 3243
3243 3016 9962
860 786 10448
786 860 10448
10448 786 860
1075 3722 13306
3722 1075 13306
13306 1075 3722
7505 8575 12161
12161 7505 8575
8575 7505 12161
839 5894 7958
5894 839 7958
7958 839 5894
2614 4443 4766
4766 2614 4443
4443 2614 4766
12179 1279 5877
1279 5877 12179
5877 1279 12179
14374 688 5244
688 5244 14374
5244 688 14374
6655 7278 13969
7278 6655 13969
13969 6655 7278
3624 5224 7017
7017 3624 5224
5224 3624 7017
4128 515 3655
3655 515 4128
515 3655 4128
13053 7315 12729
12729 7315 13053
7315 12729 13053
4781 849 11015
849 4781 11015
11015 849 4781
8394 7725 13838
7725 8394 13838
13838 7725 8394
11745 2950 8398
8398 2950 11745
2950 8398 11745
3314 8324 10124
10124 3314 8324
8324 3314 10124
909 1384 4898
1384 909 4898
4898 909 1384
13332 5542 6463
6463 5542 13332
5542 6463 13332
11917 8522 13327
8522 11917 13327
13327 8522 11917
3055 1706 5724
1706 3055 5724
5724 1706 3055
9019 4394 14482
14482 4394 9019
4394 9019 14482
8396 1565 9380
9380 1565 8396
1565 8396 9380
13442 11147 13019
11147 13019 13442
13019 11147 13442
9467 2794 6452
2794 6452 9467
6452 2794 9467
12453 3324 10866
10866 3324 12453
3324 10866 12453
12738 7984 8768
7984 8768 12738
8768 7984 12738
8364 1830 2286
1830 2286 8364
2286 1830 8364
12543 6854 9824
9824 6854 12543
6854 9824 12543
2302 4402 7379
4402 2302 7379
7379 2302 4402
6978 181 10773
181 6978 10773
10773 181 6978
11401 1037 11393
11393 1037 11401
1037 11393 11401
4168 3075 9966
3075 4168 9966
9966 3075 4168
14450 12043 14346
12043 14346 14450
14346 12043 14450
11410 1922 14670
14670 1922 11410
1922 11410 14670
14813 4520 10857
4520 10857 14813
10857 4520 14813
3590 1194 7186
1194 3590 7186
7186 1194 3590
13395 2063 9951
9951 2063 13395
2063 9951 13395
10840 7587 13424
7587 10840 13424
13424 7587 10840
9584 10636 12046
10636 9584 12046
12046 9584 10636
7615 366 9535
366 7615 9535
9535 366 7615
978 3060 13231
13231 978 3060
3060 978 13231
4144 4650 9403
9403 4144 4650
4650 4144 9403
12133 3278 14576
3278 12133 14576
14576 3278 12133
3909 3851 4074
3851 3909 4074
4074 3851 3909
8862 6499 14174
14174 6499 8862
6499 8862 14174
8044 8826 13745
8826 8044 13745
13745 8044 8826
13241 4453 8406
8406 4453 13241
4453 8406 13241
7983 10219 11375
10219 7983 11375
11375 7983 10219
2322 343 8959
343 2322 8959
8959 343 2322
12201 2014 6214
6214 2014 12201
2014 6214 12201
1104 6963 9798
6963 1104 9798
9798 1104 6963
1331 1118 9304
1118 1331 9304
9304 1118 1331
1231 745 2009
745 1231 2009
2009 745 1231
1059 1686 10682
10682 1059 1686
1686 1059 10682
13348 299 3787
299 3787 13348
3787 299 13348
1263 9253 10206
9253 1263 10206
10206 1263 9253
1882 11126 12470
12470 1882 11126
11126 1882 12470
13666 7729 11481
11481 7729 13666
7729 11481 13666
9947 10599 14927
14927 9947 10599
10599 9947 14927
3081 10330 12700
10330 3081 12700
12700 3081 10330
7525 4321 14250
4321 7525 14250
14250 4321 7525
627 7936 14282
7936 627 14282
14282 627 7936
9295 11704 11720
11704 9295 11720
11720 9295 11704
2934 5454 10392
5454 2934 10392
10392 2934 5454
13688 9047 11642
11642 9047 13688
9047 11642 13688
1266 5844 7000
5844 1266 7000
7000 1266 5844
14824 3256 10431
10431 3256 14824
3256 10431 14824
2438 616 4200
616 2438 4200
4200 616 2438
14159 127 2085
2085 127 14159
127 2085 14159
10690 11603 13558
11603 10690 13558
13558 10690 11603
10469 12517 13255
13255 10469 12517
12517 10469 13255
10211 2586 8584
8584 2586 10211
2586 8584 10211
5678 3964 9786
9786 3964 5678
3964 5678 9786
14525 4263 13351
4263 13351 14525
13351 4263 14525
2141 1536 7210
1536 2141 7210
7210 1536 2141
589 8824 9761
8824 589 9761
9761 589 8824
12252 3027 9232
3027 9232 12252
9232 3027 12252
6667 6619 9288
9288 6619 6667
6619 6667 9288
7873 6827 9095
6827 7873 9095
9095 6827 7873
14565 9986 10151
10151 9986 14565
9986 10151 14565
5550 7294 13923
7294 5550 13923
13923 5550 7294
2941 4122 10874
10874 2941 4122
4122 2941 10874
12482 7878 12396
12396 7878 12482
7878 12396 12482
10603 6013 6918
6918 6013 10603
6013 6918 10603
5749 4545 13986
4545 5749 13986
13986 4545 5749
1286 2352 13119
13119 1286 2352
2352 1286 13119
4603 4711 8380
8380 4603 4711
4711 4603 8380
11496 4860 8914
8914 4860 11496
4860 8914 11496
8504 2727 11180
2727 8504 11180
11180 2727 8504
7087 1594 4694
4694 1594 7087
1594 4694 7087
260 3104 8585
8585 260 3104
3104 260 8585
12272 13928 14401
13928 12272 14401
14401 12272 13928
13279 11166 11661
11661 11166 13279
11166 11661 13279
10693 1461 4044
1461 4044 10693
4044 1461 10693
4675 4412 7912
4412 4675 7912
7912 4412 4675
2426 6124 6756
6124 2426 6756
6756 2426 6124
11369 765 7216
765 7216 11369
7216 765 11369
7512 10413 10567
10567 7512 10413
10413 7512 10567
4769 2722 10427
2722 4769 10427
10427 2722 4769
14386 11784 12103
11784 12103 14386
12103 11784 14386
6949 76 5532
76 5532 6949
5532 76 6949
5062 3527 13161
13161 3527 5062
3527 5062 13161
6519 546 3912
3912 546 6519
546 3912 6519
9346 288 3214
288 3214 9346
3214 288 9346
5218 3993 12337
3993 5218 12337
12337 3993 5218
13280 2595 4365
2595 4365 13280
4365 2595 13280
1661 11938 14201
14201 1661 11938
11938 1661 14201
4427 36 8043
8043 36 4427
36 4427 8043
7285 8126 10532
10532 7285 8126
8126 7285 10532
5552 1375 7552
7552 1375 5552
1375 5552 7552
3113 1900 9789
9789 1900 3113
1900 3113 9789
9950 7396 12073
12073 7396 9950
7396 9950 12073
8455 4388 8178
4388 8178 8455
8178 4388 8455
10046 4199 4819
4199 4819 10046
4819 4199 10046
4558 13157 13263
13157 4558 13263
13263 4558 13157
5335 2994 4452
2994 4452 5335
4452 2994 5335
13034 8312 11909
11909 8312 13034
8312 11909 13034
14777 3403 8453
3403 8453 14777
8453 3403 14777
4921 340 2906
2906 340 4921
340 2906 4921
5096 828 6399
828 5096 6399
6399 828 5096
9561 4058 6025
4058 6025 9561
6025 4058 9561
11715 4635 4973
4973 4635 11715
4635 4973 11715
2213 9146 10627
9146 2213 10627
10627 2213 9146
2400 137 1605
1605 137 2400
137 1605 2400
8655 5773 7045
5773 7045 8655
7045 5773 8655
4185 4051 13221
4051 4185 13221
13221 4051 4185
3661 10283 13598
13598 3661 10283
10283 3661 13598
12955 2137 13411
2137 12955 13411
13411 2137 12955
4329 11477 12762
12762 4329 11477
11477 4329 12762
5192 6184 12296
6184 5192 12296
12296 5192 6184
10368 186 6794
186 6794 10368
6794 186 10368
2768 1028 7010
7010 1028 2768
1028 2768 7010
4569 10769 12430
10769 4569 12430
12430 4569 10769
14548 1079 11940
11940 1079 14548
1079 11940 14548
10395 1058 5893
5893 1058 10395
1058 5893 10395
933 3451 6779
3451 933 6779
6779 933 3451
13385 4590 13087
4590 13087 13385
13087 4590 13385
6420 4518 13560
13560 4518 6420
4518 6420 13560
313 11972 12308
11972 313 12308
12308 313 11972
6454 4222 12378
12378 4222 6454
4222 6454 12378
11042 2208 6357
6357 2208 11042
2208 6357 11042
4596 2334 10896
2334 4596 10896
10896 2334 4596
13082 4360 9724
4360 9724 13082
9724 4360 13082
7341 2707 6430
6430 2707 7341
2707 6430 7341
2078 3429 11041
11041 2078 3429
3429 2078 11041
2961 126 12829
126 2961 12829
12829 126 2961
8844 9 4628
9 4628 8844
4628 9 8844
11380 5608 10072
5608 10072 11380
10072 5608 11380
1168 7005 8527
8527 1168 7005
7005 1168 8527
5672 8423 14741
14741 5672 8423
8423 5672 14741
10871 955 9580
9580 955 10871
955 9580 10871
14987 4868 5352
4868 5352 14987
5352 4868 14987
10816 2252 2821
2821 2252 10816
2252 2821 10816
6319 9035 12234
9035 6319 12234
12234 6319 9035
3097 12586 12861
12861 3097 12586
12586 3097 12861
14370 4099 14105
14105 4099 14370
4099 14105 14370
10503 4524 8760
4524 8760 10503
8760 4524 10503
6269 5382 5503
5503 5382 6269
5382 5503 6269
2678 2335 3881
3881 2335 2678
2335 2678 3881
11176 8248 14345
8248 11176 14345
14345 8248 11176
4434 9771 11915
9771 4434 11915
11915 4434 9771
14011 193 12242
12242 193 14011
193 12242 14011
14285 6782 7155
6782 7155 14285
7155 6782 14285
4937 12961 14494
12961 4937 14494
14494 4937 12961
8098 5150 10292
10292 5150 8098
5150 8098 10292
3902 4555 5386
5386 3902 4555
4555 3902 5386
2560 8263 13738
8263 2560 13738
13738 2560 8263
8579 7791 12900
7791 8579 12900
12900 7791 8579
5047 1401 11858
1401 5047 11858
11858 1401 5047
3377 10855 14534
10855 3377 14534
14534 3377 10855
936 1048 9889
1048 936 9889
9889 936 1048
13803 220 2971
2971 220 13803
220 2971 13803
10218 6678 9712
6678 9712 10218
9712 6678 10218
880 6549 10477
6549 880 10477
10477 880 6549
10687 5535 14145
5535 10687 14145
14145 5535 10687
3983 9119 12848
9119 3983 12848
12848 3983 9119
5089 8374 8913
8374 5089 8913
8913 5089 8374
6462 7135 12094
7135 6462 12094
12094 6462 7135
9646 2159 13476
2159 9646 13476
13476 2159 9646
2450 2973 7104
7104 2450 2973
2973 2450 7104
938 11381 14455
14455 938 11381
11381 938 14455
10497 4760 5524
5524 4760 10497
4760 5524 10497
12131 1964 5274
1964 5274 12131
5274 1964 12131
5417 6325 14277
14277 5417 6325
6325 5417 14277
3115 1412 11097
1412 3115 11097
11097 1412 3115
12753 6617 8215
6617 8215 12753
8215 6617 12753
11859 9609 12770
9609 11859 12770
12770 9609 11859
6761 11985 14024
14024 6761 11985
11985 6761 14024
5513 9979 11027
11027 5513 9979
9979 5513 11027
10515 2431 5022
5022 2431 10515
2431 5022 10515
12387 2544 3758
3758 2544 12387
2544 3758 12387
11957 11215 12346
11215 11957 12346
12346 11215 11957
11806 2088 7594
7594 2088 11806
2088 7594 11806
5837 9907 11714
9907 5837 11714
11714 5837 9907
192 13493 13607
13607 192 13493
13493 192 13607
13382 3621 7144
3621 7144 13382
7144 3621 13382
7150 2066 5376
2066 5376 7150
5376 2066 7150
9647 2025 2058
2058 2025 9647
2025 2058 9647
12687 1467 7499
1467 7499 12687
7499 1467 12687
9034 5348 8110
5348 8110 9034
8110 5348 9034
13403 479 7656
479 7656 13403
7656 479 13403
9348 12772 12988
12988 9348 12772
12772 9348 12988
2706 2472 12033
2472 2706 12033
12033 2472 2706
8447 7948 11737
7948 8447 11737
11737 7948 8447
14142 1945 9109
9109 1945 14142
1945 9109 14142
9738 4793 13695
4793 9738 13695
13695 4793 9738
3378 1832 4417
1832 3378 4417
4417 1832 3378
13150 1066 9740
1066 9740 13150
9740 1066 13150
6944 3209 9057
9057 3209 6944
3209 6944 9057
8477 565 10157
10157 565 8477
565 8477 10157
446 3145 13552
3145 446 13552
13552 446 3145
11334 3698 9782
3698 9782 11334
9782 3698 11334
13836 4472 13879
13879 4472 13836
4472 13836 13879
6401 140 14244
140 6401 14244
14244 140 6401
9436 6075 7062
7062 6075 9436
6075 7062 9436
14061 3662 8009
3662 8009 14061
8009 3662 14061
9017 1876 6990
1876 6990 9017
6990 1876 9017
10367 10684 12086
12086 10367 10684
10684 10367 12086
13733 4113 11726
4113 11726 13733
11726 4113 13733
14904 4972 5557
4972 5557 14904
5557 4972 14904
507 2576 12582
12582 507 2576
2576 507 12582
7310 2069 14536
14536 2069 7310
2069 7310 14536
8533 7605 12564
12564 7605 8533
7605 8533 12564
6476 780 4026
780 4026 6476
4026 780 6476
11958 10215 13500
10215 11958 13500
13500 10215 11958
12588 4230 14681
4230 12588 14681
14681 4230 12588
8106 1783 12048
12048 1783 8106
1783 8106 12048
8642 6490 14442
14442 6490 8642
6490 8642 14442
248 4239 11239
11239 248 4239
4239 248 11239
8288 9276 13696
13696 8288 9276
9276 8288 13696
13933 5758 14859
5758 13933 14859
14859 5758 13933
8086 4550 8041
4550 8041 8086
8041 4550 8086
5924 3010 14971
3010 5924 14971
14971 3010 5924
13041 1507 9406
1507 9406 13041
9406 1507 13041
3105 7773 12037
12037 3105 7773
7773 3105 12037
6710 5319 12502
5319 6710 12502
12502 5319 6710
13779 8235 10154
10154 8235 13779
8235 10154 13779
6505 9120 10998
9120 6505 10998
10998 6505 9120
13767 8973 10785
10785 8973 13767
8973 10785 13767
8753 6443 11566
11566 6443 8753
6443 8753 11566
2420 3595 13397
13397 2420 3595
3595 2420 13397
705 749 9082
749 705 9082
9082 705 749
13072 8507 11107
11107 8507 13072
8507 11107 13072
5609 8773 14951
14951 5609 8773
8773 5609 14951
3982 7061 12845
12845 3982 7061
7061 3982 12845
1885 4092 6585
4092 1885 6585
6585 1885 4092
2817 6147 11911
11911 2817 6147
6147 2817 11911
8721 2861 14100
14100 2861 8721
2861 8721 14100
14240 2364 3854
3854 2364 14240
2364 3854 14240
3742 8334 13605
13605 3742 8334
8334 3742 13605
4803 6105 14866
6105 4803 14866
14866 4803 6105
7403 4820 7732
4820 7403 7732
7732 4820 7403
11781 680 12343
12343 680 11781
680 11781 12343
1086 5204 11339
11339 1086 5204
5204 1086 11339
5194 1356 14887
14887 1356 5194
1356 5194 14887
661 5507 10978
5507 661 10978
10978 661 5507
9449 2633 11585
2633 9449 11585
11585 2633 9449
9776 4856 7402
4856 7402 9776
7402 4856 9776
6830 962 6459
962 6459 6830
6459 962 6830
591 1651 12428
12428 591 1651
1651 591 12428
6867 1500 9323
1500 6867 9323
9323 1500 6867
13201 1302 1606
1606 1302 13201
1302 1606 13201
8060 12424 13355
13355 8060 12424
12424 8060 13355
2967 6384 11687
6384 2967 11687
11687 2967 6384
10127 3441 6632
6632 3441 10127
3441 6632 10127
3417 1272 6814
1272 3417 6814
6814 1272 3417
2076 9488 10692
10692 2076 9488
9488 2076 10692
2993 3326 6056
3326 2993 6056
6056 2993 3326
10941 4409 14711
14711 4409 10941
4409 10941 14711
5543 405 11153
405 5543 11153
11153 405 5543
8859 6094 8153
6094 8153 8859
8153 6094 8859
11916 9313 10125
9313 10125 11916
10125 9313 11916
10348 184 10116
10116 184 10348
184 10116 10348
5570 2623 10426
10426 2623 5570
2623 5570 10426
1026 339 4579
4579 339 1026
339 1026 4579
12686 9452 14528
9452 12686 14528
14528 9452 12686
67 8389 11137
8389 67 11137
11137 67 8389
12319 9931 12181
9931 12181 12319
12181 9931 12319
11943 2728 4659
2728 4659 11943
4659 2728 11943
13007 10797 14303
10797 13007 14303
14303 10797 13007
3305 7957 12598
12598 3305 7957
7957 3305 12598
8830 3997 8441
8441 3997 8830
3997 8441 8830
8778 6670 7636
7636 6670 8778
6670 7636 8778
8576 5850 13949
13949 5850 8576
5850 8576 13949
7837 9192 10835
10835 7837 9192
9192 7837 10835
2853 189 11653
11653 189 2853
189 2853 11653
13741 4839 7363
4839 7363 13741
7363 4839 13741
14072 11106 14552
11106 14072 14552
14552 11106 14072
952 12474 14181
12474 952 14181
14181 952 12474
8703 4381 13112
4381 8703 13112
13112 4381 8703
13025 3807 7500
3807 7500 13025
7500 3807 13025
3318 4134 5043
4134 3318 5043
5043 3318 4134
5691 3050 5763
5763 3050 5691
3050 5691 5763
14953 329 3931
3931 329 14953
329 3931 14953
1573 4312 9675
4312 1573 9675
9675 1573 4312
8283 8784 14667
14667 8283 8784
8784 8283 14667
5923 250 4310
4310 250 5923
250 4310 5923
1102 454 11565
454 1102 11565
11565 454 1102
13337 10508 14310
14310 10508 13337
10508 13337 14310
14763 959 9837
959 9837 14763
9837 959 14763
14988 8564 10612
8564 10612 14988
10612 8564 14988
3636 9062 12327
12327 3636 9062
9062 3636 12327
5180 1893 3777
1893 3777 5180
3777 1893 5180
5171 1247 4963
4963 1247 5171
1247 4963 5171
8497 1505 7633
7633 1505 8497
1505 7633 8497
10162 986 4481
986 4481 10162
4481 986 10162
1723 6980 7318
6980 1723 7318
7318 1723 6980
9559 2745 12041
2745 9559 12041
12041 2745 9559
2089 3609 6663
3609 2089 6663
6663 2089 3609
3938 3208 9413
3208 3938 9413
9413 3208 3938
14595 595 10588
10588 595 14595
595 10588 14595
8491 4070 7889
4070 7889 8491
7889 4070 8491
3369 808 3872
3872 808 3369
808 3369 3872
297 9145 10024
9145 297 10024
10024 297 9145
14626 65 77
65 77 14626
77 65 14626
9898 5506 11746
11746 5506 9898
5506 9898 11746
1552 772 7041
772 1552 7041
7041 772 1552
12563 5607 8470
8470 5607 12563
5607 8470 12563
12566 10252 10783
10783 10252 12566
10252 10783 12566
11961 2015 7784
2015 7784 11961
7784 2015 11961
1657 3669 12056
12056 1657 3669
3669 1657 12056
12835 11889 14792
11889 12835 14792
14792 11889 12835
2888 837 12090
837 2888 12090
12090 837 2888
1937 4289 7731
4289 1937 7731
7731 1937 4289
14076 4751 9053
4751 9053 14076
9053 4751 14076
7854 5267 6607
5267 6607 7854
6607 5267 7854
6106 942 9744
9744 942 6106
942 6106 9744
946 8339 10803
8339 946 10803
10803 946 8339
7730 11149 13759
13759 7730 11149
11149 7730 13759
14703 1604 12260
12260 1604 14703
1604 12260 14703
30 7103 8421
7103 30 8421
8421 30 7103
11649 5159 9275
5159 9275 11649
9275 5159 11649
10196 9131 11770
11770 9131 10196
9131 10196 11770
8787 2161 4773
4773 2161 8787
2161 4773 8787
13043 1870 6592
6592 1870 13043
1870 6592 13043
14906 1100 2759
1100 2759 14906
2759 1100 14906
1974 8755 13320
8755 1974 13320
13320 1974 8755
14222 4946 13251
13251 4946 14222
4946 13251 14222
14427 7935 13447
13447 7935 14427
7935 13447 14427
4945 3653 11619
3653 4945 11619
11619 3653 4945
7120 2329 9050
9050 2329 7120
2329 7120 9050
13245 3613 14660
14660 3613 13245
3613 13245 14660
4166 4687 8977
4687 4166 8977
8977 4166 4687
4054 9214 9397
9214 4054 9397
9397 4054 9214
7434 10403 14218
10403 7434 14218
14218 7434 10403
3190 2618 3738
2618 3190 3738
3738 2618 3190
2679 8502 11047
8502 2679 11047
11047 2679 8502
4457 690 14467
690 4457 14467
14467 690 4457
7988 1453 12293
12293 1453 7988
1453 7988 12293
1554 902 10236
10236 902 1554
902 1554 10236
3652 6708 6871
6708 3652 6871
6871 3652 6708
1762 1921 4844
1921 1762 4844
4844 1762 1921
8534 3362 12122
3362 8534 12122
12122 3362 8534
948 3970 8979
8979 948 3970
3970 948 8979
14351 2687 11070
11070 2687 14351
2687 11070 14351
12721 3049 12924
3049 12721 12924
12924 3049 12721
1878 7976 9525
7976 1878 9525
9525 1878 7976
5720 7569 14152
7569 5720 14152
14152 5720 7569
3354 2210 14290
2210 3354 14290
14290 2210 3354
14048 647 2219
647 2219 14048
2219 647 14048
13108 8521 12118
8521 12118 13108
12118 8521 13108
8644 7059 8631
7059 8631 8644
8631 7059 8644
6877 949 7600
949 6877 7600
7600 949 6877
3883 7761 11920
11920 3883 7761
7761 3883 11920
2547 6005 13739
13739 2547 6005
6005 2547 13739
555 4861 6634
4861 555 6634
6634 555 4861
9784 9500 13791
13791 9500 9784
9500 9784 13791
8390 6209 14522
6209 8390 14522
14522 6209 8390
5136 5264 5493
5493 5136 5264
5264 5136 5493
11366 1259 12852
12852 1259 11366
1259 11366 12852
10485 1319 8878
8878 1319 10485
1319 8878 10485
6594 12982 13485
12982 6594 13485
13485 6594 12982
10296 2049 5996
5996 2049 10296
2049 5996 10296
9384 6888 10761
10761 6888 9384
6888 9384 10761
7409 1354 1817
1354 1817 7409
1817 1354 7409
