123215 83783 109491
109491 83783 123215
83783 109491 123215
73884 5812 122881
5812 73884 122881
122881 5812 73884
144784 118634 119779
119779 118634 144784
118634 119779 144784
7950 48481 65952
65952 7950 48481
48481 7950 65952
74015 56376 77609
77609 56376 74015
56376 74015 77609
117526 5781 106938
106938 5781 117526
5781 106938 117526
7774 2354 42592
2354 7774 42592
42592 2354 7774
49497 76311 133405
76311 49497 133405
133405 49497 76311
33531 9916 110517
110517 9916 33531
9916 33531 110517
134124 121505 137932
137932 121505 134124
121505 134124 137932
5677 3390 102453
3390 5677 102453
102453 3390 5677
106321 123692 130103
130103 106321 123692
123692 106321 130103
64178 12065 76936
76936 12065 64178
12065 64178 76936
41107 11688 14328
11688 14328 41107
14328 11688 41107
91874 46594 108486
46594 91874 108486
108486 46594 91874
137631 89356 114859
114859 89356 137631
89356 114859 137631
124051 124808 146164
124808 124051 146164
146164 124051 124808
111796 38450 129507
38450 111796 129507
129507 38450 111796
145767 48061 84410
84410 48061 145767
48061 84410 145767
58788 60026 120852
60026 58788 120852
120852 58788 60026
81225 124310 145856
124310 81225 145856
145856 81225 124310
25497 111540 121462
121462 25497 111540
111540 25497 121462
138017 1060 14706
14706 1060 138017
1060 14706 138017
128022 19779 105027
19779 105027 128022
105027 19779 128022
133499 92238 148233
148233 92238 133499
92238 133499 148233
101897 25791 34848
25791 34848 101897
34848 25791 101897
112793 72521 73777
72521 73777 112793
73777 72521 112793
107021 88385 116373
116373 88385 107021
88385 107021 116373
87861 19338 126584
126584 19338 87861
19338 87861 126584
123069 114022 138822
138822 114022 123069
114022 123069 138822
94185 7993 22914
7993 22914 94185
22914 7993 94185
137044 11737 102794
11737 102794 137044
102794 11737 137044
95093 50489 126529
50489 95093 126529
126529 50489 95093
34261 101803 111598
111598 34261 101803
101803 34261 111598
126011 57954 102926
102926 57954 126011
57954 102926 126011
49402 21170 36392
36392 21170 49402
21170 36392 49402
149484 61549 126482
126482 61549 149484
61549 126482 149484
95547 27429 83251
27429 83251 95547
83251 27429 95547
137691 90188 145406
145406 90188 137691
90188 137691 145406
134367 24800 67866
24800 67866 134367
67866 24800 134367
77003 77305 135545
77305 77003 135545
135545 77003 77305
64316 76166 139031
139031 64316 76166
76166 64316 139031
115776 33353 71588
33353 71588 115776
71588 33353 115776
124406 58674 71186
71186 58674 124406
58674 71186 124406
92866 27810 54491
54491 27810 92866
27810 54491 92866
136576 31292 69672
31292 69672 136576
69672 31292 136576
77440 18094 41348
41348 18094 77440
18094 41348 77440
2185 118450 148659
118450 2185 148659
148659 2185 118450
123935 47500 97198
47500 97198 123935
97198 47500 123935
104541 73084 102871
102871 73084 104541
73084 102871 104541
90272 20877 91372
20877 90272 91372
91372 20877 90272
84926 2033 139243
2033 84926 139243
139243 2033 84926
18992 99051 146945
146945 18992 99051
99051 18992 146945
65682 47747 91193
91193 47747 65682
47747 65682 91193
100158 43636 75434
75434 43636 100158
43636 75434 100158
126277 10794 115479
10794 115479 126277
115479 10794 126277
86940 45741 112050
45741 86940 112050
112050 45741 86940
23465 42378 144508
42378 23465 144508
144508 23465 42378
56870 131624 133975
133975 56870 131624
131624 56870 133975
33245 24069 88978
88978 24069 33245
24069 33245 88978
108901 80403 121740
80403 108901 121740
121740 80403 108901
33562 110594 125668
110594 33562 125668
125668 33562 110594
41066 139 140792
139 41066 140792
140792 139 41066
141324 65415 139641
65415 139641 141324
139641 65415 141324
22705 18747 80801
18747 22705 80801
80801 18747 22705
110928 101929 129880
101929 110928 129880
129880 101929 110928
78231 94846 101318
101318 78231 94846
94846 78231 101318
112646 87070 136681
87070 112646 136681
136681 87070 112646
3014 107855 141278
141278 3014 107855
107855 3014 141278
72745 111490 131926
131926 72745 111490
111490 72745 131926
95136 57147 62523
62523 57147 95136
57147 62523 95136
16023 86422 129511
86422 16023 129511
129511 16023 86422
96894 29231 132987
29231 96894 132987
132987 29231 96894
106700 7205 26308
26308 7205 106700
7205 26308 106700
78056 39031 112431
39031 78056 112431
112431 39031 78056
134446 39575 100268
39575 100268 134446
100268 39575 134446
29968 22673 123760
123760 22673 29968
22673 29968 123760
76685 13240 30154
13240 30154 76685
30154 13240 76685
93236 142739 146916
142739 93236 146916
146916 93236 142739
30440 121982 146908
121982 30440 146908
146908 30440 121982
22538 75822 82536
75822 22538 82536
82536 22538 75822
86363 56007 107428
56007 86363 107428
107428 56007 86363
42978 385 67431
67431 385 42978
385 42978 67431
90016 16572 120637
120637 16572 90016
16572 90016 120637
117246 9091 102277
102277 9091 117246
9091 102277 117246
27245 64702 147895
147895 27245 64702
64702 27245 147895
133029 89385 105464
89385 105464 133029
105464 89385 133029
47284 11221 118932
118932 11221 47284
11221 47284 118932
49286 96740 117489
117489 49286 96740
96740 49286 117489
136683 71287 127510
71287 127510 136683
127510 71287 136683
124431 37089 148153
148153 37089 124431
37089 124431 148153
82928 109142 147418
109142 82928 147418
147418 82928 109142
139664 122295 128711
128711 122295 139664
122295 128711 139664
129147 4274 32964
32964 4274 129147
4274 32964 129147
112236 63109 72042
63109 72042 112236
72042 63109 112236
35900 1392 142270
1392 35900 142270
142270 1392 35900
5512 33679 110065
33679 5512 110065
110065 5512 33679
75156 30546 105108
105108 30546 75156
30546 75156 105108
23833 43731 101298
101298 23833 43731
43731 23833 101298
64206 53556 119177
53556 64206 119177
119177 53556 64206
2859 31540 94238
31540 2859 94238
94238 2859 31540
145470 75457 121959
121959 75457 145470
75457 121959 145470
143258 23115 72785
72785 23115 143258
23115 72785 143258
85641 68787 120293
120293 68787 85641
68787 85641 120293
32479 85965 145031
145031 32479 85965
85965 32479 145031
77944 52909 109684
52909 77944 109684
109684 52909 77944
54089 95429 111889
111889 54089 95429
95429 54089 111889
14332 46305 128222
128222 14332 46305
46305 14332 128222
108338 78380 132357
132357 78380 108338
78380 108338 132357
54046 135825 140434
135825 54046 140434
140434 54046 135825
45111 46707 109837
46707 45111 109837
109837 45111 46707
143262 58048 135476
58048 135476 143262
135476 58048 143262
6701 31524 124240
31524 6701 124240
124240 6701 31524
122566 6568 79912
79912 6568 122566
6568 79912 122566
149499 100291 135182
135182 100291 149499
100291 135182 149499
103752 8200 119501
119501 8200 103752
8200 103752 119501
148718 114035 117449
117449 114035 148718
114035 117449 148718
67411 107302 149033
149033 67411 107302
107302 67411 149033
117223 25813 51512
25813 51512 117223
51512 25813 117223
27972 186 38804
186 27972 38804
38804 186 27972
149910 93953 126991
126991 93953 149910
93953 126991 149910
18923 7888 29348
7888 18923 29348
29348 7888 18923
29484 6552 101661
6552 29484 101661
101661 6552 29484
98077 1011 67131
1011 67131 98077
67131 1011 98077
113887 124793 139624
124793 113887 139624
139624 113887 124793
69217 17398 69409
69409 17398 69217
17398 69217 69409
49207 7929 113101
113101 7929 49207
7929 49207 113101
15080 71055 98203
71055 15080 98203
98203 15080 71055
10591 36098 107928
36098 10591 107928
107928 10591 36098
116644 77425 141368
77425 116644 141368
141368 77425 116644
126443 38440 76010
76010 38440 126443
38440 76010 126443
17321 70383 124583
124583 17321 70383
70383 17321 124583
91041 49665 74167
74167 49665 91041
49665 74167 91041
79146 45047 121851
45047 79146 121851
121851 45047 79146
145655 72320 75745
72320 75745 145655
75745 72320 145655
95420 63321 102950
102950 63321 95420
63321 95420 102950
125199 14896 106621
106621 14896 125199
14896 106621 125199
25483 62379 112098
62379 25483 112098
112098 25483 62379
148650 77228 110698
110698 77228 148650
77228 110698 148650
149279 74620 132170
74620 132170 149279
132170 74620 149279
16782 67140 147565
147565 16782 67140
67140 16782 147565
115904 38799 144382
144382 38799 115904
38799 115904 144382
42255 16961 54772
54772 16961 42255
16961 42255 54772
50156 41135 130705
130705 41135 50156
41135 50156 130705
37348 50411 50743
50743 37348 50411
50411 37348 50743
108624 99038 137537
137537 99038 108624
99038 108624 137537
76387 3693 36526
36526 3693 76387
3693 36526 76387
36639 56250 73625
56250 36639 73625
73625 36639 56250
30201 83600 117322
117322 30201 83600
83600 30201 117322
90682 48504 124034
124034 48504 90682
48504 90682 124034
121009 1608 80316
1608 80316 121009
80316 1608 121009
22099 58554 67218
67218 22099 58554
58554 22099 67218
58814 43383 124069
43383 58814 124069
124069 43383 58814
94102 40334 104066
40334 94102 104066
104066 40334 94102
81552 9989 75036
75036 9989 81552
9989 75036 81552
6036 50876 143781
143781 6036 50876
50876 6036 143781
16382 36542 44541
44541 16382 36542
36542 16382 44541
14673 57256 60401
60401 14673 57256
57256 14673 60401
136996 67926 116149
67926 116149 136996
116149 67926 136996
6508 26232 101354
26232 6508 101354
101354 6508 26232
132934 121557 126440
121557 126440 132934
126440 121557 132934
12661 52090 96911
52090 12661 96911
96911 12661 52090
18322 8661 136320
8661 18322 136320
136320 8661 18322
36335 10954 39142
10954 36335 39142
39142 10954 36335
40564 93750 119745
119745 40564 93750
93750 40564 119745
108705 22019 136072
22019 108705 136072
136072 22019 108705
60988 35746 67418
67418 35746 60988
35746 60988 67418
94733 2591 38402
38402 2591 94733
2591 38402 94733
48414 24621 117598
117598 24621 48414
24621 48414 117598
129836 65492 79722
65492 79722 129836
79722 65492 129836
24626 61687 68694
68694 24626 61687
61687 24626 68694
64038 86895 109281
109281 64038 86895
86895 64038 109281
69662 131979 149581
149581 69662 131979
131979 69662 149581
54103 32209 85980
32209 54103 85980
85980 32209 54103
71066 11739 119723
11739 71066 119723
119723 11739 71066
86922 48146 56356
48146 56356 86922
56356 48146 86922
81050 65154 123868
123868 65154 81050
65154 81050 123868
7361 47548 106944
106944 7361 47548
47548 7361 106944
137810 33524 140286
33524 137810 140286
140286 33524 137810
104396 52649 56566
52649 56566 104396
56566 52649 104396
139421 11519 137194
11519 137194 139421
137194 11519 139421
94982 43568 79151
79151 43568 94982
43568 79151 94982
19089 109093 129263
109093 19089 129263
129263 19089 109093
30009 21550 136022
21550 30009 136022
136022 21550 30009
98023 56553 77490
56553 77490 98023
77490 56553 98023
51315 9105 144834
9105 51315 144834
144834 9105 51315
93464 78246 87727
87727 78246 93464
78246 87727 93464
87618 29467 87284
87284 29467 87618
29467 87284 87618
39947 27882 139165
27882 39947 139165
139165 27882 39947
114357 100453 146897
146897 100453 114357
100453 114357 146897
3456 89057 127891
89057 3456 127891
127891 3456 89057
141490 72448 115057
72448 115057 141490
115057 72448 141490
141942 27344 93427
93427 27344 141942
27344 93427 141942
96202 77030 101113
77030 96202 101113
101113 77030 96202
100130 104651 131164
104651 100130 131164
131164 100130 104651
140657 104874 108547
104874 108547 140657
108547 104874 140657
24218 11196 133013
11196 24218 133013
133013 11196 24218
69921 9599 27447
9599 27447 69921
27447 9599 69921
94515 20408 70779
70779 20408 94515
20408 70779 94515
108033 29773 113015
113015 29773 108033
29773 108033 113015
24068 14876 24555
14876 24068 24555
24555 14876 24068
77960 134331 145932
134331 77960 145932
145932 77960 134331
127305 60885 116170
60885 116170 127305
116170 60885 127305
73494 93776 97805
93776 73494 97805
97805 73494 93776
113641 11135 57838
11135 57838 113641
57838 11135 113641
93683 1832 68700
68700 1832 93683
1832 68700 93683
84339 53166 83671
83671 53166 84339
53166 83671 84339
114555 36755 61347
61347 36755 114555
36755 61347 114555
34872 28887 31282
31282 28887 34872
28887 31282 34872
95430 13509 92082
13509 92082 95430
92082 13509 95430
129827 13468 82698
13468 82698 129827
82698 13468 129827
70101 34059 45257
45257 34059 70101
34059 45257 70101
37112 55852 100536
55852 37112 100536
100536 37112 55852
103368 114861 144078
144078 103368 114861
114861 103368 144078
69726 3335 110552
3335 69726 110552
110552 3335 69726
108069 20218 138941
20218 108069 138941
138941 20218 108069
36388 102578 117853
117853 36388 102578
102578 36388 117853
32976 27298 92465
27298 32976 92465
92465 27298 32976
2853 17907 63879
63879 2853 17907
17907 2853 63879
68969 100194 107813
100194 68969 107813
107813 68969 100194
7343 54183 146270
54183 7343 146270
146270 7343 54183
72478 68340 132636
132636 68340 72478
68340 72478 132636
116967 32157 43370
32157 43370 116967
43370 32157 116967
143382 36043 48844
48844 36043 143382
36043 48844 143382
82955 57677 146744
57677 82955 146744
146744 57677 82955
124954 298 26475
26475 298 124954
298 26475 124954
111961 73848 101195
101195 73848 111961
73848 101195 111961
11814 12728 15636
15636 11814 12728
12728 11814 15636
40746 84645 112615
112615 40746 84645
84645 40746 112615
17418 2867 129017
2867 17418 129017
129017 2867 17418
47061 46784 62047
62047 46784 47061
46784 47061 62047
73739 53937 67402
53937 67402 73739
67402 53937 73739
84315 22207 103447
103447 22207 84315
22207 84315 103447
31789 52005 134467
52005 31789 134467
134467 31789 52005
64732 25148 80192
25148 64732 80192
80192 25148 64732
84245 113740 138393
138393 84245 113740
113740 84245 138393
45768 13934 117386
117386 13934 45768
13934 45768 117386
105468 5821 46211
5821 46211 105468
46211 5821 105468
146033 74318 92303
74318 92303 146033
92303 74318 146033
6302 18537 108264
108264 6302 18537
18537 6302 108264
41473 45320 131049
45320 41473 131049
131049 41473 45320
121403 15309 52940
52940 15309 121403
15309 52940 121403
41398 48822 118556
118556 41398 48822
48822 41398 118556
687 79294 137152
137152 687 79294
79294 687 137152
27452 78869 137141
78869 27452 137141
137141 27452 78869
6486 40778 107586
40778 6486 107586
107586 6486 40778
94571 122288 131494
122288 94571 131494
131494 94571 122288
52430 68241 127566
68241 52430 127566
127566 52430 68241
39193 60514 89410
60514 39193 89410
89410 39193 60514
4536 94761 108873
94761 4536 108873
108873 4536 94761
61039 36900 75892
36900 61039 75892
75892 36900 61039
10507 67608 72744
67608 10507 72744
72744 10507 67608
14156 35639 87081
35639 14156 87081
87081 14156 35639
84903 34345 78588
34345 78588 84903
78588 34345 84903
20739 53940 141678
141678 20739 53940
53940 20739 141678
69705 5966 52058
52058 5966 69705
5966 52058 69705
115404 33071 64747
33071 64747 115404
64747 33071 115404
148769 5293 63221
63221 5293 148769
5293 63221 148769
98855 60847 109164
60847 98855 109164
109164 60847 98855
133654 3820 18106
3820 18106 133654
18106 3820 133654
126147 99387 117541
117541 99387 126147
99387 117541 126147
128464 53788 87574
53788 87574 128464
87574 53788 128464
90361 90544 135447
90544 90361 135447
135447 90361 90544
107876 29490 75010
29490 75010 107876
75010 29490 107876
25486 83559 86750
83559 25486 86750
86750 25486 83559
18323 5750 25137
25137 5750 18323
5750 18323 25137
93531 48510 54758
48510 54758 93531
54758 48510 93531
18447 69514 87789
87789 18447 69514
69514 18447 87789
130324 65291 108066
108066 65291 130324
65291 108066 130324
118455 99317 111588
111588 99317 118455
99317 111588 118455
41653 3366 92869
92869 3366 41653
3366 41653 92869
101892 50616 111664
50616 101892 111664
111664 50616 101892
17790 123773 142608
123773 17790 142608
142608 17790 123773
63899 4907 109983
109983 4907 63899
4907 63899 109983
100161 71384 138503
71384 100161 138503
138503 71384 100161
123455 67667 146438
67667 123455 146438
146438 67667 123455
22532 79768 92653
79768 22532 92653
92653 22532 79768
45457 64529 99369
99369 45457 64529
64529 45457 99369
74686 39357 77155
77155 39357 74686
39357 74686 77155
66985 81135 89293
89293 66985 81135
81135 66985 89293
68178 28442 97896
97896 28442 68178
28442 68178 97896
36108 22007 41160
41160 22007 36108
22007 36108 41160
5816 54610 139753
54610 5816 139753
139753 5816 54610
119104 44957 137734
44957 119104 137734
137734 44957 119104
90878 17428 124963
124963 17428 90878
17428 90878 124963
52881 63112 122052
63112 52881 122052
122052 52881 63112
78629 38321 82369
38321 78629 82369
82369 38321 78629
52412 1091 112735
112735 1091 52412
1091 52412 112735
89059 3799 41996
3799 41996 89059
41996 3799 89059
63402 124477 127412
127412 63402 124477
124477 63402 127412
19339 42489 121118
42489 19339 121118
121118 19339 42489
133202 80200 101399
80200 101399 133202
101399 80200 133202
55504 128057 149522
128057 55504 149522
149522 55504 128057
50885 19943 149740
19943 50885 149740
149740 19943 50885
116417 37831 94740
37831 94740 116417
94740 37831 116417
128528 44991 117937
44991 117937 128528
117937 44991 128528
27977 53405 137282
137282 27977 53405
53405 27977 137282
142520 74094 75914
74094 75914 142520
75914 74094 142520
81059 9753 55479
55479 9753 81059
9753 55479 81059
2948 20580 77430
20580 2948 77430
77430 2948 20580
113678 5107 47084
47084 5107 113678
5107 47084 113678
100641 136126 140149
140149 100641 136126
136126 100641 140149
135668 1503 13167
13167 1503 135668
1503 13167 135668
95719 43803 70422
43803 70422 95719
70422 43803 95719
72182 85010 127558
127558 72182 85010
85010 72182 127558
112533 99288 115158
99288 112533 115158
115158 99288 112533
142007 12792 138189
138189 12792 142007
12792 138189 142007
97335 16909 107446
107446 16909 97335
16909 97335 107446
71163 45138 101772
45138 71163 101772
101772 45138 71163
63223 15667 73982
73982 15667 63223
15667 63223 73982
39001 64488 103554
64488 39001 103554
103554 39001 64488
66521 9198 60844
9198 60844 66521
60844 9198 66521
92016 102412 123875
102412 92016 123875
123875 92016 102412
135940 118617 126785
118617 126785 135940
126785 118617 135940
13972 46932 104667
46932 13972 104667
104667 13972 46932
79932 5542 135088
135088 5542 79932
5542 79932 135088
17491 32949 130041
32949 17491 130041
130041 17491 32949
48282 112421 145635
112421 48282 145635
145635 48282 112421
15555 75729 132390
75729 15555 132390
132390 15555 75729
28358 22548 23382
22548 23382 28358
23382 22548 28358
44483 113041 116196
113041 44483 116196
116196 44483 113041
127435 17630 73769
73769 17630 127435
17630 73769 127435
36026 77499 78402
78402 36026 77499
77499 36026 78402
99246 24641 109062
24641 99246 109062
109062 24641 99246
128397 1644 111644
1644 111644 128397
111644 1644 128397
75235 57119 61618
61618 57119 75235
57119 61618 75235
15187 84851 144131
144131 15187 84851
84851 15187 144131
34508 5165 55983
55983 5165 34508
5165 34508 55983
9346 84653 99183
99183 9346 84653
84653 9346 99183
31870 22171 115115
22171 31870 115115
115115 22171 31870
120109 52110 88092
88092 52110 120109
52110 88092 120109
67117 75283 134294
134294 67117 75283
75283 67117 134294
29634 130243 132441
132441 29634 130243
130243 29634 132441
63743 35360 144810
35360 63743 144810
144810 35360 63743
69793 38129 81325
38129 69793 81325
81325 38129 69793
2573 114858 144796
114858 2573 144796
144796 2573 114858
111914 68117 102634
102634 68117 111914
68117 102634 111914
4025 32561 48149
32561 4025 48149
48149 4025 32561
54950 3510 62766
62766 3510 54950
3510 54950 62766
32028 98451 108016
98451 32028 108016
108016 32028 98451
136549 67596 95177
67596 95177 136549
95177 67596 136549
143405 98554 147552
147552 98554 143405
98554 143405 147552
2702 11753 123996
11753 2702 123996
123996 2702 11753
146866 91951 112992
112992 91951 146866
91951 112992 146866
53330 124283 132271
132271 53330 124283
124283 53330 132271
109117 13264 39211
39211 13264 109117
13264 39211 109117
16234 10418 113564
113564 10418 16234
10418 16234 113564
105397 1595 93957
1595 93957 105397
93957 1595 105397
114390 18621 23553
18621 23553 114390
23553 18621 114390
7398 63121 71493
63121 7398 71493
71493 7398 63121
53653 4085 113712
4085 53653 113712
113712 4085 53653
149439 21220 31414
21220 31414 149439
31414 21220 149439
69140 86851 92634
92634 69140 86851
86851 69140 92634
95485 56211 130758
130758 56211 95485
56211 95485 130758
135185 114030 147580
114030 135185 147580
147580 114030 135185
114147 18158 28471
18158 28471 114147
28471 18158 114147
10817 19404 65267
19404 10817 65267
65267 10817 19404
88221 23785 147714
147714 23785 88221
23785 88221 147714
109956 116369 142402
142402 109956 116369
116369 109956 142402
134425 29896 142828
142828 29896 134425
29896 134425 142828
52895 80057 118573
118573 52895 80057
80057 52895 118573
10209 13445 136978
13445 10209 136978
136978 10209 13445
128418 31167 33745
33745 31167 128418
31167 33745 128418
70927 7216 56655
7216 56655 70927
56655 7216 70927
133823 85811 103060
85811 103060 133823
103060 85811 133823
133379 38895 74073
74073 38895 133379
38895 74073 133379
68048 30117 94080
30117 68048 94080
94080 30117 68048
66198 23186 100864
23186 66198 100864
100864 23186 66198
133082 42800 100704
42800 100704 133082
100704 42800 133082
10905 902 85312
902 10905 85312
85312 902 10905
90844 189 140976
140976 189 90844
189 90844 140976
63048 63777 139219
139219 63048 63777
63777 63048 139219
127326 20265 92278
92278 20265 127326
20265 92278 127326
99244 145588 148575
145588 99244 148575
148575 99244 145588
118252 15006 75493
75493 15006 118252
15006 75493 118252
66487 27805 117668
27805 66487 117668
117668 27805 66487
134608 74480 83321
74480 83321 134608
83321 74480 134608
17989 12343 32980
32980 12343 17989
12343 17989 32980
136541 104647 121666
121666 104647 136541
104647 121666 136541
50815 46400 68698
68698 46400 50815
46400 50815 68698
124082 28350 62085
28350 62085 124082
62085 28350 124082
108043 82693 90266
90266 82693 108043
82693 90266 108043
62426 34152 58530
58530 34152 62426
34152 58530 62426
46491 14003 137997
137997 14003 46491
14003 46491 137997
90422 3776 6512
6512 3776 90422
3776 6512 90422
92966 129121 131259
129121 92966 131259
131259 92966 129121
108317 72084 120578
72084 108317 120578
120578 72084 108317
1067 64285 64650
64285 1067 64650
64650 1067 64285
91191 63516 142929
142929 63516 91191
63516 91191 142929
141002 26748 70901
70901 26748 141002
26748 70901 141002
45728 108935 135978
108935 45728 135978
135978 45728 108935
136259 1037 19802
19802 1037 136259
1037 19802 136259
89674 64761 74081
74081 64761 89674
64761 74081 89674
6494 66204 149084
149084 6494 66204
66204 6494 149084
54842 61494 98696
61494 54842 98696
98696 54842 61494
13298 3905 66368
66368 3905 13298
3905 13298 66368
58545 26680 148279
148279 26680 58545
26680 58545 148279
100900 107366 140940
140940 100900 107366
107366 100900 140940
10694 80185 131903
80185 10694 131903
131903 10694 80185
59842 84719 143185
84719 59842 143185
143185 59842 84719
126635 84554 139080
84554 126635 139080
139080 84554 126635
21597 70571 113830
70571 21597 113830
113830 21597 70571
16833 34349 125515
125515 16833 34349
34349 16833 125515
5155 31408 63062
31408 5155 63062
63062 5155 31408
14183 2897 58969
58969 2897 14183
2897 14183 58969
109213 16997 111347
111347 16997 109213
16997 109213 111347
36707 70652 110346
70652 36707 110346
110346 36707 70652
43970 4973 97215
97215 4973 43970
4973 43970 97215
125172 2395 11410
2395 11410 125172
11410 2395 125172
98883 71094 111193
111193 71094 98883
71094 98883 111193
69015 81853 122552
122552 69015 81853
81853 69015 122552
64498 40929 44825
44825 40929 64498
40929 44825 64498
42033 28383 124723
124723 28383 42033
28383 42033 124723
39603 49371 86725
49371 39603 86725
86725 39603 49371
13986 54020 101688
54020 13986 101688
101688 13986 54020
81937 91949 109187
109187 81937 91949
91949 81937 109187
41975 114015 148527
114015 41975 148527
148527 41975 114015
748 40492 60329
60329 748 40492
40492 748 60329
56764 43997 82893
82893 43997 56764
43997 56764 82893
63985 51147 115646
115646 51147 63985
51147 63985 115646
938 41416 61767
41416 938 61767
61767 938 41416
59051 47254 51123
51123 47254 59051
47254 51123 59051
30710 4017 47843
47843 4017 30710
4017 30710 47843
137361 4282 63474
4282 63474 137361
63474 4282 137361
109430 46610 143677
46610 109430 143677
143677 46610 109430
42898 19624 139524
139524 19624 42898
19624 42898 139524
31024 120291 131842
131842 31024 120291
120291 31024 131842
88085 6059 17977
17977 6059 88085
6059 17977 88085
111891 90399 95868
95868 90399 111891
90399 95868 111891
125626 53689 103700
53689 103700 125626
103700 53689 125626
21818 75721 87178
75721 21818 87178
87178 21818 75721
147962 99798 122798
99798 122798 147962
122798 99798 147962
84232 42400 115712
42400 84232 115712
115712 42400 84232
96935 45167 54278
45167 54278 96935
54278 45167 96935
76655 6314 59876
59876 6314 76655
6314 59876 76655
4459 26476 26666
26666 4459 26476
26476 4459 26666
24227 82506 90173
90173 24227 82506
82506 24227 90173
44207 39600 88336
39600 44207 88336
88336 39600 44207
83839 85080 92310
85080 83839 92310
92310 83839 85080
85979 29305 39406
29305 39406 85979
39406 29305 85979
87841 827 142173
827 87841 142173
142173 827 87841
7991 33346 57329
33346 7991 57329
57329 7991 33346
63936 40445 56632
40445 56632 63936
56632 40445 63936
36120 18004 40207
40207 18004 36120
18004 36120 40207
72820 94760 142578
94760 72820 142578
142578 72820 94760
109841 4802 11378
11378 4802 109841
4802 11378 109841
136644 82199 140931
82199 136644 140931
140931 82199 136644
88510 7519 124501
7519 88510 124501
124501 7519 88510
22079 23918 24741
23918 22079 24741
24741 22079 23918
26182 9772 62955
9772 26182 62955
62955 9772 26182
38909 18937 96788
96788 18937 38909
18937 38909 96788
18102 52014 114407
114407 18102 52014
52014 18102 114407
89946 74453 93353
93353 74453 89946
74453 89946 93353
71428 47300 121935
47300 71428 121935
121935 47300 71428
28063 111846 125296
111846 28063 125296
125296 28063 111846
85123 33076 35749
33076 35749 85123
35749 33076 85123
40981 47770 98436
98436 40981 47770
47770 40981 98436
66611 48961 103936
48961 66611 103936
103936 48961 66611
2162 10664 67962
67962 2162 10664
10664 2162 67962
132349 14704 131681
14704 131681 132349
131681 14704 132349
95384 105228 133628
133628 95384 105228
105228 95384 133628
144194 19646 81970
81970 19646 144194
19646 81970 144194
82009 28716 80120
28716 80120 82009
80120 28716 82009
17938 9159 11792
9159 11792 17938
11792 9159 17938
147461 11268 43936
43936 11268 147461
11268 43936 147461
42430 148429 148796
148429 42430 148796
148796 42430 148429
95068 34754 142923
34754 95068 142923
142923 34754 95068
24554 140295 144527
140295 24554 144527
144527 24554 140295
100773 18738 52749
18738 52749 100773
52749 18738 100773
79355 12487 56441
56441 12487 79355
12487 56441 79355
80714 17873 69022
17873 69022 80714
69022 17873 80714
138741 2497 25445
25445 2497 138741
2497 25445 138741
82389 64632 70998
70998 64632 82389
64632 70998 82389
30915 124064 137350
124064 30915 137350
137350 30915 124064
73067 5725 138307
5725 73067 138307
138307 5725 73067
88290 62655 136658
62655 88290 136658
136658 62655 88290
22796 20171 60535
60535 20171 22796
20171 22796 60535
5313 4520 23767
4520 5313 23767
23767 4520 5313
81095 31492 125534
31492 81095 125534
125534 31492 81095
141807 72032 90502
72032 90502 141807
90502 72032 141807
12765 79913 144554
79913 12765 144554
144554 12765 79913
39348 13991 57883
13991 39348 57883
57883 13991 39348
129308 83777 139244
139244 83777 129308
83777 129308 139244
105504 18223 40266
18223 40266 105504
40266 18223 105504
127090 2315 142497
2315 127090 142497
142497 2315 127090
85977 2329 149701
149701 2329 85977
2329 85977 149701
126079 12031 19940
12031 19940 126079
19940 12031 126079
5443 30112 37572
37572 5443 30112
30112 5443 37572
31771 16298 149642
149642 16298 31771
16298 31771 149642
117796 31228 112215
31228 112215 117796
112215 31228 117796
140784 15240 19371
15240 19371 140784
19371 15240 140784
98204 84184 88356
84184 88356 98204
88356 84184 98204
67374 29135 106141
29135 67374 106141
106141 29135 67374
140413 5295 115063
5295 115063 140413
115063 5295 140413
14642 28373 144535
28373 14642 144535
144535 14642 28373
116535 43985 57645
57645 43985 116535
43985 57645 116535
82323 18827 51604
51604 18827 82323
18827 51604 82323
11244 106377 108288
108288 11244 106377
106377 11244 108288
124802 102298 139391
139391 102298 124802
102298 124802 139391
95393 107590 139100
107590 95393 139100
139100 95393 107590
131513 13319 102640
13319 102640 131513
102640 13319 131513
14478 97932 115144
115144 14478 97932
97932 14478 115144
55141 37361 136193
136193 37361 55141
37361 55141 136193
106152 10249 15251
15251 10249 106152
10249 15251 106152
8462 34969 105938
34969 8462 105938
105938 8462 34969
22163 40812 107011
107011 22163 40812
40812 22163 107011
75891 62061 104634
62061 75891 104634
104634 62061 75891
68272 3778 132953
132953 3778 68272
3778 68272 132953
25173 91693 124236
124236 25173 91693
91693 25173 124236
48160 14032 121573
121573 14032 48160
14032 48160 121573
118446 16960 95538
16960 95538 118446
95538 16960 118446
31724 16017 89397
16017 31724 89397
89397 16017 31724
39051 33464 102353
102353 33464 39051
33464 39051 102353
97374 99596 111156
99596 97374 111156
111156 97374 99596
79692 81154 86281
86281 79692 81154
81154 79692 86281
19796 43527 135873
135873 19796 43527
43527 19796 135873
6333 15853 94018
15853 6333 94018
94018 6333 15853
28261 27392 124058
27392 28261 124058
124058 27392 28261
13451 83237 128553
128553 13451 83237
83237 13451 128553
67610 97423 108519
97423 67610 108519
108519 67610 97423
64479 17320 131802
17320 64479 131802
131802 17320 64479
110751 28535 33379
28535 33379 110751
33379 28535 110751
94077 49557 92944
92944 49557 94077
49557 92944 94077
55566 16467 114009
16467 55566 114009
114009 16467 55566
4432 20541 84656
20541 4432 84656
84656 4432 20541
52109 38045 67982
38045 52109 67982
67982 38045 52109
28053 2921 62587
2921 28053 62587
62587 2921 28053
28748 108218 113659
113659 28748 108218
108218 28748 113659
122212 63656 80374
63656 80374 122212
80374 63656 122212
143208 11581 104939
104939 11581 143208
11581 104939 143208
131834 22684 116151
116151 22684 131834
22684 116151 131834
125952 13755 100937
13755 100937 125952
100937 13755 125952
130591 60192 73972
60192 73972 130591
73972 60192 130591
110212 46267 125565
46267 110212 125565
125565 46267 110212
72747 116748 147630
147630 72747 116748
116748 72747 147630
83552 73132 73403
73132 73403 83552
73403 73132 83552
138544 7957 18086
7957 18086 138544
18086 7957 138544
97867 79 124836
124836 79 97867
79 97867 124836
21857 51588 69039
51588 21857 69039
69039 21857 51588
121234 60268 135462
60268 121234 135462
135462 60268 121234
24332 60753 149879
60753 24332 149879
149879 24332 60753
122612 18647 129125
18647 122612 129125
129125 18647 122612
32249 37049 84871
37049 32249 84871
84871 32249 37049
48839 63892 80103
80103 48839 63892
63892 48839 80103
82395 15597 88381
15597 82395 88381
88381 15597 82395
45226 8907 87961
8907 45226 87961
87961 8907 45226
138647 102392 140547
140547 102392 138647
102392 138647 140547
37155 106410 127704
127704 37155 106410
106410 37155 127704
142207 78162 130707
130707 78162 142207
78162 130707 142207
132737 2376 77940
77940 2376 132737
2376 77940 132737
55799 42074 129131
129131 42074 55799
42074 55799 129131
127490 9125 129663
9125 127490 129663
129663 9125 127490
34557 78091 90497
78091 34557 90497
90497 34557 78091
85094 45984 62867
45984 62867 85094
62867 45984 85094
52618 3963 117545
3963 52618 117545
117545 3963 52618
141034 7850 106836
7850 106836 141034
106836 7850 141034
71549 135256 140802
135256 71549 140802
140802 71549 135256
4392 19454 104157
104157 4392 19454
19454 4392 104157
75297 51216 137738
137738 51216 75297
51216 75297 137738
107522 120994 142365
120994 107522 142365
142365 107522 120994
87299 41155 140702
41155 87299 140702
140702 41155 87299
15437 47483 47882
47483 15437 47882
47882 15437 47483
139071 38484 57809
57809 38484 139071
38484 57809 139071
101478 65596 70653
70653 65596 101478
65596 70653 101478
6005 3781 28647
3781 6005 28647
28647 3781 6005
67755 78756 146273
78756 67755 146273
146273 67755 78756
41564 32067 92059
92059 32067 41564
32067 41564 92059
113869 29019 139797
139797 29019 113869
29019 113869 139797
30822 21459 56419
21459 30822 56419
56419 21459 30822
119795 125567 141323
141323 119795 125567
125567 119795 141323
19260 64773 147989
147989 19260 64773
64773 19260 147989
87556 55221 144775
144775 55221 87556
55221 87556 144775
122828 26344 42777
26344 42777 122828
42777 26344 122828
126380 92548 140435
92548 126380 140435
140435 92548 126380
19773 7402 106397
7402 19773 106397
106397 7402 19773
99009 3306 83493
3306 83493 99009
83493 3306 99009
110247 38159 112983
112983 38159 110247
38159 110247 112983
31265 77454 101497
101497 31265 77454
77454 31265 101497
54156 58072 129725
129725 54156 58072
58072 54156 129725
135170 105361 131997
131997 105361 135170
105361 131997 135170
94420 79968 102433
102433 79968 94420
79968 94420 102433
112561 11932 17197
17197 11932 112561
11932 17197 112561
69262 12511 128771
12511 69262 128771
128771 12511 69262
90765 114787 133055
133055 90765 114787
114787 90765 133055
26187 87372 112210
112210 26187 87372
87372 26187 112210
65833 43036 45054
45054 43036 65833
43036 45054 65833
4339 49281 65266
49281 4339 65266
65266 4339 49281
46268 36839 57079
57079 36839 46268
36839 46268 57079
112283 7666 49491
7666 49491 112283
49491 7666 112283
121608 78279 127597
78279 121608 127597
127597 78279 121608
112618 21432 145712
21432 112618 145712
145712 21432 112618
50920 73266 85083
73266 50920 85083
85083 50920 73266
146161 15553 127473
15553 127473 146161
127473 15553 146161
51683 76043 84536
84536 51683 76043
76043 51683 84536
101940 71826 125561
125561 71826 101940
71826 101940 125561
125044 20576 41031
20576 41031 125044
41031 20576 125044
125286 53194 115245
115245 53194 125286
53194 115245 125286
112367 12313 26100
12313 26100 112367
26100 12313 112367
35333 67469 126315
126315 35333 67469
67469 35333 126315
65156 98638 127249
98638 65156 127249
127249 65156 98638
97272 65703 122378
65703 97272 122378
122378 65703 97272
37363 2517 62782
2517 37363 62782
62782 2517 37363
35066 35335 90870
35335 35066 90870
90870 35066 35335
57577 20769 64664
64664 20769 57577
20769 57577 64664
120425 31715 38482
38482 31715 120425
31715 38482 120425
148314 44217 97809
44217 97809 148314
97809 44217 148314
123704 15635 142781
15635 123704 142781
142781 15635 123704
48936 49814 86010
49814 48936 86010
86010 48936 49814
87122 47216 117268
47216 87122 117268
117268 47216 87122
66247 46827 138356
138356 46827 66247
46827 66247 138356
25448 127810 135474
127810 25448 135474
135474 25448 127810
128192 81296 105284
81296 105284 128192
105284 81296 128192
78219 58084 110785
58084 78219 110785
110785 58084 78219
106930 39241 106171
106171 39241 106930
39241 106171 106930
138096 39430 145987
145987 39430 138096
39430 138096 145987
144023 16642 97395
97395 16642 144023
16642 97395 144023
3674 54868 129861
129861 3674 54868
54868 3674 129861
10714 37285 80640
37285 10714 80640
80640 10714 37285
60511 43164 137464
43164 60511 137464
137464 43164 60511
33231 6283 38930
38930 6283 33231
6283 33231 38930
73754 38841 96310
96310 38841 73754
38841 73754 96310
50878 11504 101175
11504 50878 101175
101175 11504 50878
61049 31112 100499
100499 31112 61049
31112 61049 100499
141656 38806 84380
38806 84380 141656
84380 38806 141656
10256 7156 122628
122628 7156 10256
7156 10256 122628
2578 4276 26901
26901 2578 4276
4276 2578 26901
66971 87279 100119
100119 66971 87279
87279 66971 100119
45842 81488 122837
81488 45842 122837
122837 45842 81488
138854 84520 117703
117703 84520 138854
84520 117703 138854
93894 24391 86340
86340 24391 93894
24391 86340 93894
104415 7890 43590
43590 7890 104415
7890 43590 104415
54704 37897 67978
67978 37897 54704
37897 54704 67978
145103 72909 145787
145787 72909 145103
72909 145103 145787
37437 129977 138360
129977 37437 138360
138360 37437 129977
89913 47141 92067
92067 47141 89913
47141 89913 92067
19142 87266 112545
87266 19142 112545
112545 19142 87266
119691 27544 40248
27544 40248 119691
40248 27544 119691
2530 19543 24565
24565 2530 19543
19543 2530 24565
93262 83190 127492
127492 83190 93262
83190 93262 127492
22600 138953 144964
144964 22600 138953
138953 22600 144964
8215 65066 125924
65066 8215 125924
125924 8215 65066
46631 4062 34645
34645 4062 46631
4062 34645 46631
79422 42567 72533
72533 42567 79422
42567 72533 79422
50781 67852 115373
115373 50781 67852
67852 50781 115373
106839 32744 147707
147707 32744 106839
32744 106839 147707
96975 33622 36002
36002 33622 96975
33622 36002 96975
129164 10414 64738
64738 10414 129164
10414 64738 129164
53601 138957 142091
142091 53601 138957
138957 53601 142091
55099 34936 131878
34936 55099 131878
131878 34936 55099
47382 31106 132918
31106 47382 132918
132918 31106 47382
16302 23093 41271
23093 16302 41271
41271 16302 23093
62224 32649 72238
32649 62224 72238
72238 32649 62224
93779 8045 73797
73797 8045 93779
8045 73797 93779
17578 16078 123410
16078 17578 123410
123410 16078 17578
18589 52774 59668
52774 18589 59668
59668 18589 52774
135035 20549 100256
20549 100256 135035
100256 20549 135035
53978 58762 59687
59687 53978 58762
58762 53978 59687
363 38315 133552
38315 363 133552
133552 363 38315
50982 21479 55381
21479 50982 55381
55381 21479 50982
54151 21716 144884
21716 54151 144884
144884 21716 54151
41246 51758 83622
83622 41246 51758
51758 41246 83622
76195 83539 89440
83539 76195 89440
89440 76195 83539
147276 125795 135899
135899 125795 147276
125795 135899 147276
149681 10126 144031
10126 144031 149681
144031 10126 149681
2659 39493 137727
39493 2659 137727
137727 2659 39493
79310 45807 87291
45807 79310 87291
87291 45807 79310
62133 12351 51514
51514 12351 62133
12351 51514 62133
122271 97420 112699
112699 97420 122271
97420 112699 122271
61607 44551 139678
44551 61607 139678
139678 44551 61607
15021 75743 93866
93866 15021 75743
75743 15021 93866
95166 892 98165
98165 892 95166
892 95166 98165
3518 16592 144497
144497 3518 16592
16592 3518 144497
42814 20143 20994
20143 20994 42814
20994 20143 42814
18849 47562 63668
47562 18849 63668
63668 18849 47562
86151 30812 133784
30812 86151 133784
133784 30812 86151
122404 58681 83620
83620 58681 122404
58681 83620 122404
50023 110423 143149
110423 50023 143149
143149 50023 110423
112108 45924 81762
45924 81762 112108
81762 45924 112108
102859 61085 148834
148834 61085 102859
61085 102859 148834
92655 55969 108516
108516 55969 92655
55969 92655 108516
38901 74096 131418
74096 38901 131418
131418 38901 74096
6633 21689 49375
21689 6633 49375
49375 6633 21689
139710 135424 142583
135424 139710 142583
142583 135424 139710
63439 7061 7141
7061 7141 63439
7141 7061 63439
17807 48416 107984
48416 17807 107984
107984 17807 48416
130397 17805 36896
17805 36896 130397
36896 17805 130397
135275 8921 121836
121836 8921 135275
8921 121836 135275
132621 41175 121569
121569 41175 132621
41175 121569 132621
102348 15247 84515
15247 84515 102348
84515 15247 102348
105088 37227 116736
116736 37227 105088
37227 105088 116736
123747 29563 52842
52842 29563 123747
29563 52842 123747
40153 34608 111436
111436 34608 40153
34608 40153 111436
51201 9648 68392
68392 9648 51201
9648 51201 68392
43531 35980 87570
87570 35980 43531
35980 43531 87570
86695 7508 56121
56121 7508 86695
7508 56121 86695
119995 19845 143265
143265 19845 119995
19845 119995 143265
139761 67503 139452
139452 67503 139761
67503 139452 139761
88078 1869 87853
1869 87853 88078
87853 1869 88078
104681 44678 97284
44678 97284 104681
97284 44678 104681
121223 85327 145476
85327 121223 145476
145476 85327 121223
6305 1734 134356
1734 6305 134356
134356 1734 6305
74092 1299 99455
99455 1299 74092
1299 74092 99455
92873 27857 140292
27857 92873 140292
140292 27857 92873
125628 29059 91819
91819 29059 125628
29059 91819 125628
43687 16484 32556
16484 32556 43687
32556 16484 43687
38374 44129 56169
44129 38374 56169
56169 38374 44129
6579 41001 52746
52746 6579 41001
41001 6579 52746
65136 34922 117486
34922 65136 117486
117486 34922 65136
90976 79699 89072
79699 89072 90976
89072 79699 90976
107369 137261 146172
146172 107369 137261
137261 107369 146172
793 13562 136210
