889 7178 9824
9824 889 7178
7178 889 9824
7232 551 4188
4188 551 7232
551 4188 7232
8547 7032 14534
7032 8547 14534
14534 7032 8547
12344 5824 7550
7550 5824 12344
5824 7550 12344
7377 6564 12316
12316 6564 7377
6564 7377 12316
12186 6203 14434
6203 12186 14434
14434 6203 12186
8898 4017 14210
14210 4017 8898
4017 8898 14210
12891 191 5080
5080 191 12891
191 5080 12891
9897 7579 10051
7579 9897 10051
10051 7579 9897
14703 2496 8977
8977 2496 14703
2496 8977 14703
11402 9596 11265
11265 9596 11402
9596 11265 11402
11650 5888 7906
5888 7906 11650
7906 5888 11650
537 7279 11367
7279 537 11367
11367 537 7279
1840 4353 12177
12177 1840 4353
4353 1840 12177
7623 6348 13306
6348 7623 13306
13306 6348 7623
5358 3820 10576
3820 5358 10576
10576 3820 5358
1722 5131 6442
5131 1722 6442
6442 1722 5131
11110 10459 11606
10459 11110 11606
11606 10459 11110
12917 3770 8195
8195 3770 12917
3770 8195 12917
10362 4382 9407
4382 9407 10362
9407 4382 10362
14410 4016 6643
4016 6643 14410
6643 4016 14410
10267 9378 12540
12540 9378 10267
9378 10267 12540
11523 1558 9076
9076 1558 11523
1558 9076 11523
185 2274 9883
2274 185 9883
9883 185 2274
1734 8045 14354
14354 1734 8045
8045 1734 14354
3585 9427 12776
9427 3585 12776
12776 3585 9427
8784 3100 8931
8931 3100 8784
3100 8784 8931
4796 7184 8228
8228 4796 7184
7184 4796 8228
4684 3518 14807
3518 4684 14807
14807 3518 4684
8259 2111 9838
2111 8259 9838
9838 2111 8259
9314 7710 14656
7710 9314 14656
14656 7710 9314
13369 6869 10029
6869 10029 13369
10029 6869 13369
5134 2412 8170
8170 2412 5134
2412 5134 8170
9118 5842 9988
9988 5842 9118
5842 9118 9988
8377 2497 4910
2497 4910 8377
4910 2497 8377
3300 1841 10331
10331 1841 3300
1841 3300 10331
8953 4834 10568
4834 8953 10568
10568 4834 8953
8852 579 9004
579 8852 9004
9004 579 8852
11013 3066 4607
3066 4607 11013
4607 3066 11013
12842 3018 3474
3018 3474 12842
3474 3018 12842
3007 7074 11353
7074 3007 11353
11353 3007 7074
3566 2096 5511
2096 3566 5511
5511 2096 3566
11166 6708 8085
6708 8085 11166
8085 6708 11166
6969 282 5828
282 5828 6969
5828 282 6969
425 2917 4465
4465 425 2917
2917 425 4465
4780 308 10617
308 4780 10617
10617 308 4780
6572 6127 11372
11372 6127 6572
6127 6572 11372
603 1158 6783
1158 603 6783
6783 603 1158
12774 2940 12546
2940 12546 12774
12546 2940 12774
12473 2592 7404
2592 7404 12473
7404 2592 12473
7555 4487 5407
4487 5407 7555
5407 4487 7555
10225 9795 12289
9795 10225 12289
12289 9795 10225
3182 6371 11240
11240 3182 6371
6371 3182 11240
10525 3883 7318
7318 3883 10525
3883 7318 10525
7161 5354 10639
10639 5354 7161
5354 7161 10639
12611 824 13254
824 12611 13254
13254 824 12611
13282 8407 8449
8407 8449 13282
8449 8407 13282
11482 5243 5260
5243 5260 11482
5260 5243 11482
14755 8917 13801
8917 13801 14755
13801 8917 14755
1096 978 13020
13020 978 1096
978 1096 13020
5715 1916 5292
5292 1916 5715
1916 5292 5715
2758 1117 6270
1117 2758 6270
6270 1117 2758
11866 4605 12747
12747 4605 11866
4605 11866 12747
3015 4977 9352
9352 3015 4977
4977 3015 9352
2290 4314 8466
4314 2290 8466
8466 2290 4314
5823 4235 10493
4235 5823 10493
10493 4235 5823
14630 2581 12201
2581 12201 14630
12201 2581 14630
9953 5520 12645
5520 9953 12645
12645 5520 9953
14387 5204 9127
5204 9127 14387
9127 5204 14387
12781 2301 6368
6368 2301 12781
2301 6368 12781
12577 2226 8117
2226 8117 12577
8117 2226 12577
7037 6001 11799
6001 7037 11799
11799 6001 7037
4026 5491 9001
9001 4026 5491
5491 4026 9001
608 2550 7259
2550 608 7259
7259 608 2550
2985 8963 10996
8963 2985 10996
10996 2985 8963
8883 10046 12477
10046 8883 12477
12477 8883 10046
12829 7792 14188
7792 12829 14188
14188 7792 12829
3551 7119 12585
7119 3551 12585
12585 3551 7119
2087 9269 14974
9269 2087 14974
14974 2087 9269
4935 7370 9867
7370 4935 9867
9867 4935 7370
14020 9772 10816
10816 9772 14020
9772 10816 14020
5650 2527 7826
2527 5650 7826
7826 2527 5650
3982 1837 11066
11066 1837 3982
1837 3982 11066
13393 9530 12385
12385 9530 13393
9530 12385 13393
2351 5663 8095
8095 2351 5663
5663 2351 8095
11620 709 13720
13720 709 11620
709 11620 13720
2974 692 3489
3489 692 2974
692 2974 3489
7916 3153 11817
3153 7916 11817
11817 3153 7916
13295 4022 6277
4022 6277 13295
6277 4022 13295
1135 4201 9173
9173 1135 4201
4201 1135 9173
6430 1114 6716
6716 1114 6430
1114 6430 6716
13176 9169 11662
11662 9169 13176
9169 11662 13176
9568 7937 12417
12417 7937 9568
7937 9568 12417
12584 11665 12401
11665 12401 12584
12401 11665 12584
10436 9011 14063
9011 10436 14063
14063 9011 10436
11411 6301 10619
6301 10619 11411
10619 6301 11411
1857 1164 1632
1632 1164 1857
1164 1632 1857
14887 9983 12349
9983 12349 14887
12349 9983 14887
12087 11188 13141
11188 12087 13141
13141 11188 12087
4485 2777 10798
2777 4485 10798
10798 2777 4485
297 8260 12653
8260 297 12653
12653 297 8260
4158 7355 10977
10977 4158 7355
7355 4158 10977
1265 3552 10217
3552 1265 10217
10217 1265 3552
4042 1795 13076
1795 4042 13076
13076 1795 4042
9274 5645 14137
14137 5645 9274
5645 9274 14137
8535 1223 6443
6443 1223 8535
1223 6443 8535
7492 2954 6210
2954 6210 7492
6210 2954 7492
14198 4030 5419
5419 4030 14198
4030 5419 14198
7533 10321 12534
10321 7533 12534
12534 7533 10321
5268 6574 6590
6574 5268 6590
6590 5268 6574
3428 10159 12982
10159 3428 12982
12982 3428 10159
13175 2827 6578
6578 2827 13175
2827 6578 13175
12944 3898 5481
5481 3898 12944
3898 5481 12944
4832 2362 5078
5078 2362 4832
2362 4832 5078
7759 2012 2220
2012 2220 7759
2220 2012 7759
11731 5862 6036
5862 6036 11731
6036 5862 11731
10768 4136 4338
4136 4338 10768
4338 4136 10768
6691 6125 10967
10967 6125 6691
6125 6691 10967
9862 1918 8090
1918 8090 9862
8090 1918 9862
7114 5056 14392
14392 5056 7114
5056 7114 14392
13499 88 13193
13193 88 13499
88 13193 13499
2529 2992 4389
2992 2529 4389
4389 2529 2992
2169 5122 13054
5122 2169 13054
13054 2169 5122
9422 8455 8481
8481 8455 9422
8455 8481 9422
1212 2973 6538
2973 1212 6538
6538 1212 2973
5625 9369 13913
13913 5625 9369
9369 5625 13913
14632 13151 13537
13537 13151 14632
13151 13537 14632
14480 6566 9298
9298 6566 14480
6566 9298 14480
11134 7565 14853
14853 7565 11134
7565 11134 14853
14276 1017 12626
1017 12626 14276
12626 1017 14276
1047 12474 12655
12474 1047 12655
12655 1047 12474
4000 745 13177
13177 745 4000
745 4000 13177
13634 4427 11098
11098 4427 13634
4427 11098 13634
13671 9767 12079
12079 9767 13671
9767 12079 13671
14538 7291 10684
10684 7291 14538
7291 10684 14538
5962 3206 4790
3206 4790 5962
4790 3206 5962
10908 2207 7603
2207 7603 10908
7603 2207 10908
4251 2624 10679
2624 4251 10679
10679 2624 4251
9679 3811 9292
9292 3811 9679
3811 9292 9679
10370 6147 6715
6147 6715 10370
6715 6147 10370
5305 2371 4965
4965 2371 5305
2371 4965 5305
4361 6799 13243
13243 4361 6799
6799 4361 13243
14704 427 9894
427 9894 14704
9894 427 14704
6682 11383 11524
11524 6682 11383
11383 6682 11524
13942 7459 13187
7459 13187 13942
13187 7459 13942
7310 2410 14496
14496 2410 7310
2410 7310 14496
2205 3924 14545
14545 2205 3924
3924 2205 14545
10837 10015 12332
12332 10015 10837
10015 10837 12332
6501 328 10584
10584 328 6501
328 6501 10584
7644 473 1858
473 1858 7644
1858 473 7644
1244 11454 12605
12605 1244 11454
11454 1244 12605
12953 9547 12785
9547 12785 12953
12785 9547 12953
14193 8641 12519
8641 12519 14193
12519 8641 14193
9194 5130 6438
6438 5130 9194
5130 6438 9194
5188 5279 12061
12061 5188 5279
5279 5188 12061
8386 6248 10309
10309 6248 8386
6248 8386 10309
6239 4448 4888
4448 4888 6239
4888 4448 6239
699 5342 14507
14507 699 5342
5342 699 14507
2608 8372 13468
13468 2608 8372
8372 2608 13468
14421 1693 11604
11604 1693 14421
1693 11604 14421
11260 5875 8042
5875 8042 11260
8042 5875 11260
3580 6841 9227
6841 3580 9227
9227 3580 6841
10462 2485 13996
13996 2485 10462
2485 10462 13996
4615 595 5683
5683 595 4615
595 4615 5683
5278 1249 6427
1249 5278 6427
6427 1249 5278
14723 8816 12716
8816 12716 14723
12716 8816 14723
5971 8656 12668
12668 5971 8656
8656 5971 12668
12252 4345 11752
11752 4345 12252
4345 11752 12252
1317 2948 10408
2948 1317 10408
10408 1317 2948
5115 3539 4469
4469 3539 5115
3539 4469 5115
4391 8370 8826
8370 4391 8826
8826 4391 8370
13292 542 13751
542 13292 13751
13751 542 13292
11980 879 14733
14733 879 11980
879 11980 14733
14943 5930 7929
5930 7929 14943
7929 5930 14943
1599 3923 10218
10218 1599 3923
3923 1599 10218
9619 4814 5804
4814 5804 9619
5804 4814 9619
14150 10162 12181
12181 10162 14150
10162 12181 14150
11447 3726 5442
5442 3726 11447
3726 5442 11447
2049 6544 8672
8672 2049 6544
6544 2049 8672
8475 9024 11318
11318 8475 9024
9024 8475 11318
2565 934 11941
934 2565 11941
11941 934 2565
12294 3486 10227
10227 3486 12294
3486 10227 12294
4377 9228 12463
12463 4377 9228
9228 4377 12463
6850 5728 6266
6266 5728 6850
5728 6266 6850
14736 13386 13565
13565 13386 14736
13386 13565 14736
3611 8714 14318
14318 3611 8714
8714 3611 14318
14493 10895 14556
14556 10895 14493
10895 14493 14556
12674 4117 14639
4117 12674 14639
14639 4117 12674
11082 13525 13997
13997 11082 13525
13525 11082 13997
75 3201 10212
3201 75 10212
10212 75 3201
13062 5813 14249
14249 5813 13062
5813 13062 14249
2659 156 1502
1502 156 2659
156 1502 2659
359 486 11410
11410 359 486
486 359 11410
10088 10559 11168
10559 10088 11168
11168 10088 10559
13850 4284 9273
9273 4284 13850
4284 9273 13850
7296 4573 10361
4573 7296 10361
10361 4573 7296
6735 4783 14380
4783 6735 14380
14380 4783 6735
11952 1471 7674
7674 1471 11952
1471 7674 11952
8623 1257 4111
1257 4111 8623
4111 1257 8623
6199 146 7479
7479 146 6199
146 6199 7479
7634 1565 2674
1565 2674 7634
2674 1565 7634
12351 4928 14502
14502 4928 12351
4928 12351 14502
2532 1498 9040
9040 1498 2532
1498 2532 9040
8152 7962 9826
9826 7962 8152
7962 8152 9826
4984 6803 8398
8398 4984 6803
6803 4984 8398
7864 5436 11429
11429 5436 7864
5436 7864 11429
10269 3738 4947
3738 4947 10269
4947 3738 10269
11505 583 5459
583 5459 11505
5459 583 11505
9397 3927 8756
8756 3927 9397
3927 8756 9397
13669 3710 8949
8949 3710 13669
3710 8949 13669
9674 2839 12695
12695 2839 9674
2839 9674 12695
5801 115 4425
4425 115 5801
115 4425 5801
8272 13725 14021
14021 8272 13725
13725 8272 14021
14140 7068 8371
8371 7068 14140
7068 8371 14140
10366 10255 11397
10255 10366 11397
11397 10255 10366
10758 2658 5156
2658 5156 10758
5156 2658 10758
5348 4272 12322
12322 4272 5348
4272 5348 12322
13926 335 9536
9536 335 13926
335 9536 13926
9595 723 9340
723 9340 9595
9340 723 9595
10448 1571 2490
1571 2490 10448
2490 1571 10448
4613 5917 12306
12306 4613 5917
5917 4613 12306
11875 2083 10724
2083 10724 11875
10724 2083 11875
3132 1081 11391
11391 1081 3132
1081 3132 11391
13955 6875 13594
13594 6875 13955
6875 13594 13955
7997 12876 14786
12876 7997 14786
14786 7997 12876
1537 3257 4180
3257 1537 4180
4180 1537 3257
14867 4598 9347
9347 4598 14867
4598 9347 14867
4041 1178 4646
1178 4041 4646
4646 1178 4041
7654 13060 14373
13060 7654 14373
14373 7654 13060
732 625 11564
11564 625 732
625 732 11564
13728 109 5850
5850 109 13728
109 5850 13728
13857 10240 12403
12403 10240 13857
10240 12403 13857
13777 9411 12966
12966 9411 13777
9411 12966 13777
1578 2512 13842
13842 1578 2512
2512 1578 13842
12431 2713 5075
2713 5075 12431
5075 2713 12431
11018 2626 5079
5079 2626 11018
2626 5079 11018
8251 7264 9045
7264 8251 9045
9045 7264 8251
8188 2684 2789
2684 2789 8188
2789 2684 8188
3626 10989 12139
12139 3626 10989
10989 3626 12139
3856 789 7440
7440 789 3856
789 3856 7440
14028 2756 7965
7965 2756 14028
2756 7965 14028
8446 1917 14930
1917 8446 14930
14930 1917 8446
8856 8464 9008
9008 8464 8856
8464 8856 9008
11884 6577 14379
14379 6577 11884
6577 11884 14379
13794 4395 11859
4395 11859 13794
11859 4395 13794
1978 6723 7449
6723 1978 7449
7449 1978 6723
13536 3159 14936
14936 3159 13536
3159 13536 14936
1973 7591 10914
10914 1973 7591
7591 1973 10914
4978 5628 6038
6038 4978 5628
5628 4978 6038
6813 10625 11610
11610 6813 10625
10625 6813 11610
13101 2350 14585
14585 2350 13101
2350 13101 14585
6346 10353 14782
10353 6346 14782
14782 6346 10353
12174 6021 8299
6021 8299 12174
8299 6021 12174
1448 3815 8145
3815 1448 8145
8145 1448 3815
5180 1963 4159
4159 1963 5180
1963 4159 5180
12453 13640 13822
13640 12453 13822
13822 12453 13640
1642 6242 12872
6242 1642 12872
12872 1642 6242
7012 10134 10551
10551 7012 10134
10134 7012 10551
3819 3076 9308
3076 3819 9308
9308 3076 3819
13885 3032 7282
3032 7282 13885
7282 3032 13885
5121 6347 14225
6347 5121 14225
14225 5121 6347
2059 10940 12647
12647 2059 10940
10940 2059 12647
12302 11248 14158
11248 12302 14158
14158 11248 12302
2481 2051 7910
2051 2481 7910
7910 2051 2481
2988 2092 7742
7742 2092 2988
2092 2988 7742
10113 7191 10022
7191 10022 10113
10022 7191 10113
12536 153 14592
14592 153 12536
153 12536 14592
12476 6880 10830
6880 10830 12476
10830 6880 12476
8676 2250 7827
7827 2250 8676
2250 7827 8676
12921 94 6858
94 6858 12921
6858 94 12921
6226 204 2969
204 2969 6226
2969 204 6226
7793 310 8545
8545 310 7793
310 7793 8545
4499 6020 8053
8053 4499 6020
6020 4499 8053
10455 1166 8707
1166 8707 10455
8707 1166 10455
1145 2260 6838
2260 1145 6838
6838 1145 2260
11465 1761 4901
4901 1761 11465
1761 4901 11465
6354 8438 11308
8438 6354 11308
11308 6354 8438
8723 309 13136
13136 309 8723
309 8723 13136
3583 1288 11483
11483 1288 3583
1288 3583 11483
7853 11586 12107
11586 7853 12107
12107 7853 11586
7668 8745 9926
8745 7668 9926
9926 7668 8745
14394 10870 12869
12869 10870 14394
10870 12869 14394
11684 1670 13737
13737 1670 11684
1670 11684 13737
1965 7416 13945
13945 1965 7416
7416 1965 13945
1189 10249 13131
10249 1189 13131
13131 1189 10249
10532 941 5620
941 5620 10532
5620 941 10532
13094 5113 13079
13079 5113 13094
5113 13079 13094
12748 357 14337
14337 357 12748
357 12748 14337
2701 2138 7200
7200 2138 2701
2138 2701 7200
10859 6218 6548
6548 6218 10859
6218 6548 10859
834 905 11616
11616 834 905
905 834 11616
5416 11623 11968
11968 5416 11623
11623 5416 11968
788 9257 13643
9257 788 13643
13643 788 9257
6998 13711 14273
13711 6998 14273
14273 6998 13711
12466 1067 2230
2230 1067 12466
1067 2230 12466
152 1024 7584
1024 152 7584
7584 152 1024
7777 2926 5118
2926 5118 7777
5118 2926 7777
11988 5325 8419
8419 5325 11988
5325 8419 11988
7917 7152 11852
7152 7917 11852
11852 7152 7917
3074 1785 14271
14271 1785 3074
1785 3074 14271
235 1388 4071
4071 235 1388
1388 235 4071
1184 4861 7596
4861 1184 7596
7596 1184 4861
12026 10995 11251
10995 11251 12026
11251 10995 12026
7667 1193 1380
1380 1193 7667
1193 1380 7667
4559 9725 14839
14839 4559 9725
9725 4559 14839
11285 5985 11810
5985 11285 11810
11810 5985 11285
1466 6714 12846
6714 1466 12846
12846 1466 6714
3937 4360 5730
4360 3937 5730
5730 3937 4360
13211 390 14506
14506 390 13211
390 13211 14506
13017 3766 9846
9846 3766 13017
3766 9846 13017
2476 365 3623
365 2476 3623
3623 365 2476
5193 5285 10685
5285 5193 10685
10685 5193 5285
14361 7728 14343
14343 7728 14361
7728 14343 14361
5688 4184 12077
4184 5688 12077
12077 4184 5688
6801 7024 11321
11321 6801 7024
7024 6801 11321
12694 1690 1692
1690 1692 12694
1692 1690 12694
13484 8058 11020
8058 11020 13484
11020 8058 13484
2320 3329 10278
10278 2320 3329
3329 2320 10278
1204 7351 14569
14569 1204 7351
7351 1204 14569
10533 3942 14892
3942 10533 14892
14892 3942 10533
5768 6502 13049
6502 5768 13049
13049 5768 6502
1364 13066 14207
14207 1364 13066
13066 1364 14207
11909 7065 9964
9964 7065 11909
7065 9964 11909
12445 808 9580
808 9580 12445
9580 808 12445
1276 180 9925
180 1276 9925
9925 180 1276
3818 6191 13660
6191 3818 13660
13660 3818 6191
4797 6141 12000
6141 4797 12000
12000 4797 6141
8911 5754 13606
5754 8911 13606
13606 5754 8911
3042 6440 14848
6440 3042 14848
14848 3042 6440
13862 11028 11095
11028 11095 13862
11095 11028 13862
1932 8472 14060
14060 1932 8472
8472 1932 14060
3779 655 1421
1421 655 3779
655 1421 3779
3356 7800 12167
7800 3356 12167
12167 3356 7800
2754 6525 7690
7690 2754 6525
6525 2754 7690
8839 4791 5400
4791 5400 8839
5400 4791 8839
10981 10620 11786
10620 10981 11786
11786 10620 10981
9496 6862 7446
6862 7446 9496
7446 6862 9496
14499 9574 14161
14161 9574 14499
9574 14161 14499
9797 8213 10059
10059 8213 9797
8213 9797 10059
9409 871 2880
2880 871 9409
871 2880 9409
2356 4674 14912
4674 2356 14912
14912 2356 4674
12705 3751 14798
14798 3751 12705
3751 12705 14798
13313 1726 7256
7256 1726 13313
1726 7256 13313
4330 2336 7721
7721 2336 4330
2336 4330 7721
1200 1511 8891
1511 1200 8891
8891 1200 1511
2511 98 11083
11083 98 2511
98 2511 11083
7497 1617 10583
10583 1617 7497
1617 7497 10583
3316 2875 5878
5878 2875 3316
2875 3316 5878
5819 1714 14715
14715 1714 5819
1714 5819 14715
2259 12792 13861
13861 2259 12792
12792 2259 13861
6458 1335 9809
1335 6458 9809
9809 1335 6458
13674 9508 12399
9508 12399 13674
12399 9508 13674
10956 447 12710
447 10956 12710
12710 447 10956
8162 10313 12111
12111 8162 10313
10313 8162 12111
14619 880 9615
9615 880 14619
880 9615 14619
14366 5186 11312
5186 11312 14366
11312 5186 14366
10265 1332 14537
1332 10265 14537
14537 1332 10265
14049 10443 14282
14282 10443 14049
10443 14049 14282
370 8425 14126
8425 370 14126
14126 370 8425
14596 3513 9213
9213 3513 14596
3513 9213 14596
2633 1103 1638
1103 1638 2633
1638 1103 2633
6373 11869 14879
11869 6373 14879
14879 6373 11869
6453 6884 12337
12337 6453 6884
6884 6453 12337
8738 1695 9240
1695 8738 9240
9240 1695 8738
9647 2775 14642
2775 9647 14642
14642 2775 9647
2348 6645 10464
6645 2348 10464
10464 2348 6645
5607 5909 11926
11926 5607 5909
5909 5607 11926
6704 8277 13556
13556 6704 8277
8277 6704 13556
11863 8678 14711
14711 8678 11863
8678 11863 14711
9891 14548 14928
14548 9891 14928
14928 9891 14548
11516 158 5722
158 5722 11516
5722 158 11516
7132 9439 11331
11331 7132 9439
9439 7132 11331
7924 9064 10951
10951 7924 9064
9064 7924 10951
9281 8019 10516
10516 8019 9281
8019 9281 10516
14352 3678 9799
9799 3678 14352
3678 9799 14352
1402 7122 13403
7122 1402 13403
13403 1402 7122
14165 1711 5297
5297 1711 14165
1711 5297 14165
4849 13133 14078
14078 4849 13133
13133 4849 14078
199 274 4223
274 199 4223
4223 199 274
250 4931 9386
9386 250 4931
4931 250 9386
11975 12387 12755
12755 11975 12387
12387 11975 12755
14600 2849 9365
9365 2849 14600
2849 9365 14600
3147 12835 14655
12835 3147 14655
14655 3147 12835
14529 7442 11229
7442 11229 14529
11229 7442 14529
14773 8579 10949
10949 8579 14773
8579 10949 14773
1152 7545 8674
7545 1152 8674
8674 1152 7545
7697 5061 10715
5061 7697 10715
10715 5061 7697
8588 7745 14425
14425 7745 8588
7745 8588 14425
6314 7484 8339
7484 6314 8339
8339 6314 7484
9656 4400 11771
11771 4400 9656
4400 9656 11771
8334 11647 13134
13134 8334 11647
11647 8334 13134
8997 923 14071
14071 923 8997
923 8997 14071
7194 5019 6932
5019 6932 7194
6932 5019 7194
6319 7336 7481
7481 6319 7336
7336 6319 7481
6712 393 12532
12532 393 6712
393 6712 12532
2424 10364 11280
10364 2424 11280
11280 2424 10364
11599 6173 13338
13338 6173 11599
6173 11599 13338
13969 5666 9984
9984 5666 13969
5666 9984 13969
10663 7107 14076
14076 7107 10663
7107 10663 14076
6011 1269 2325
2325 1269 6011
1269 2325 6011
2944 10175 10713
10713 2944 10175
10175 2944 10713
2641 6052 11210
6052 2641 11210
11210 2641 6052
4340 4227 12660
12660 4227 4340
4227 4340 12660
6565 1600 9346
1600 6565 9346
9346 1600 6565
13344 8325 13262
13262 8325 13344
8325 13262 13344
438 4906 6794
6794 438 4906
4906 438 6794
7382 9358 10452
9358 7382 10452
10452 7382 9358
7257 3454 11794
3454 7257 11794
11794 3454 7257
696 7029 7532
7029 696 7532
7532 696 7029
11385 6031 8646
6031 8646 11385
8646 6031 11385
3126 5283 8915
8915 3126 5283
5283 3126 8915
14747 3349 13563
3349 13563 14747
13563 3349 14747
2786 1951 5422
1951 2786 5422
5422 1951 2786
1349 5812 6446
5812 1349 6446
6446 1349 5812
13399 3439 10185
10185 3439 13399
3439 10185 13399
3339 1433 6068
6068 1433 3339
1433 3339 6068
2855 2219 11389
2219 2855 11389
11389 2219 2855
1329 5293 5455
5455 1329 5293
5293 1329 5455
11421 7643 10423
10423 7643 11421
7643 10423 11421
14751 8541 14304
14304 8541 14751
8541 14304 14751
7057 3948 10697
3948 7057 10697
10697 3948 7057
13132 11805 13611
13611 11805 13132
11805 13132 13611
8502 3484 5369
5369 3484 8502
3484 5369 8502
1767 9399 13240
9399 1767 13240
13240 1767 9399
5953 2687 3689
2687 3689 5953
3689 2687 5953
2131 7425 14840
7425 2131 14840
14840 2131 7425
9525 10149 13574
10149 9525 13574
13574 9525 10149
465 6959 12363
6959 465 12363
12363 465 6959
13826 1637 10848
1637 10848 13826
10848 1637 13826
7410 622 818
622 818 7410
818 622 7410
9518 12209 14880
12209 9518 14880
14880 9518 12209
2836 640 14390
640 2836 14390
14390 640 2836
2660 2667 5984
5984 2660 2667
2667 2660 5984
8589 13541 13972
13972 8589 13541
13541 8589 13972
189 1905 10904
1905 189 10904
10904 189 1905
10373 7556 14110
7556 10373 14110
14110 7556 10373
10597 3241 7912
7912 3241 10597
3241 7912 10597
4456 10472 12818
12818 4456 10472
10472 4456 12818
5208 6808 8261
6808 5208 8261
8261 5208 6808
461 720 8564
8564 461 720
720 461 8564
4504 2725 11054
11054 2725 4504
2725 4504 11054
11782 11233 13562
13562 11233 11782
11233 11782 13562
6007 10482 13733
13733 6007 10482
10482 6007 13733
936 7433 12852
7433 936 12852
12852 936 7433
13000 2759 6769
6769 2759 13000
2759 6769 13000
2564 1476 12587
1476 2564 12587
12587 1476 2564
4551 1075 11908
11908 1075 4551
1075 4551 11908
12844 7139 13309
7139 12844 13309
13309 7139 12844
9092 5569 11582
11582 5569 9092
5569 9092 11582
12578 3296 5467
3296 5467 12578
5467 3296 12578
9428 13682 14535
14535 9428 13682
13682 9428 14535
2262 3343 12074
12074 2262 3343
3343 2262 12074
261 4585 10484
4585 261 10484
10484 261 4585
5389 6000 11512
6000 5389 11512
11512 5389 6000
11445 7724 10991
7724 10991 11445
10991 7724 11445
10699 3866 6293
6293 3866 10699
3866 6293 10699
4392 4999 5786
5786 4392 4999
4999 4392 5786
12637 7719 9956
7719 9956 12637
9956 7719 12637
10179 8562 14615
14615 8562 10179
8562 10179 14615
14472 4012 12977
4012 12977 14472
12977 4012 14472
8560 3659 12430
12430 3659 8560
3659 8560 12430
2296 3460 8410
3460 2296 8410
8410 2296 3460
11728 8232 14783
14783 8232 11728
8232 11728 14783
7778 7288 11192
11192 7288 7778
7288 7778 11192
9830 1034 1245
1245 1034 9830
1034 1245 9830
12892 9555 9703
9703 9555 12892
9555 9703 12892
8358 10796 12078
10796 8358 12078
12078 8358 10796
7488 2342 12404
12404 2342 7488
2342 7488 12404
13872 6222 14027
14027 6222 13872
6222 13872 14027
8662 6656 11515
11515 6656 8662
6656 8662 11515
7934 3625 13503
3625 7934 13503
13503 3625 7934
12964 945 5519
5519 945 12964
945 5519 12964
1633 6381 10691
6381 1633 10691
10691 1633 6381
13902 2195 8524
2195 8524 13902
8524 2195 13902
1073 5021 7753
7753 1073 5021
5021 1073 7753
3692 524 567
524 567 3692
567 524 3692
8072 349 8994
349 8072 8994
8994 349 8072
10797 942 7919
7919 942 10797
942 7919 10797
7190 10968 11279
10968 7190 11279
11279 7190 10968
8941 10440 11276
11276 8941 10440
10440 8941 11276
7491 12414 12779
12779 7491 12414
12414 7491 12779
1348 2524 14754
14754 1348 2524
2524 1348 14754
5816 3733 4960
3733 4960 5816
4960 3733 5816
8069 4835 11238
11238 4835 8069
4835 8069 11238
4376 13698 14745
14745 4376 13698
13698 4376 14745
8661 9932 12418
9932 8661 12418
12418 8661 9932
7720 3977 4458
3977 4458 7720
4458 3977 7720
11281 908 2930
908 2930 11281
2930 908 11281
5665 1931 8918
8918 1931 5665
1931 5665 8918
5288 1094 5032
5032 1094 5288
1094 5032 5288
2654 388 5761
388 2654 5761
5761 388 2654
2009 1378 14832
14832 1378 2009
1378 2009 14832
7873 227 9286
9286 227 7873
227 7873 9286
13616 4933 10148
4933 10148 13616
10148 4933 13616
6853 3399 6431
3399 6431 6853
6431 3399 6853
4774 1239 12108
12108 1239 4774
1239 4774 12108
11024 4685 5050
5050 4685 11024
4685 5050 11024
11729 4160 13208
4160 11729 13208
13208 4160 11729
11432 6549 13302
6549 11432 13302
13302 6549 11432
14791 6537 11998
11998 6537 14791
6537 11998 14791
9363 6991 10774
10774 6991 9363
6991 9363 10774
8914 1211 12791
1211 8914 12791
12791 1211 8914
9388 901 6467
6467 901 9388
901 6467 9388
4565 4655 10501
4655 4565 10501
10501 4565 4655
1865 626 11802
11802 626 1865
626 1865 11802
6916 3160 6999
3160 6916 6999
6999 3160 6916
7664 10307 14062
14062 7664 10307
10307 7664 14062
12112 11072 14147
14147 11072 12112
11072 12112 14147
9971 2559 8523
8523 2559 9971
2559 8523 9971
8061 4549 5659
4549 5659 8061
5659 4549 8061
1465 609 2142
2142 609 1465
609 1465 2142
3265 5579 9426
5579 3265 9426
9426 3265 5579
7507 2284 6805
6805 2284 7507
2284 6805 7507
7292 361 2255
2255 361 7292
361 2255 7292
3466 4052 6621
4052 3466 6621
6621 3466 4052
7060 6842 13924
13924 6842 7060
6842 7060 13924
5833 13223 14553
14553 5833 13223
13223 5833 14553
4304 9087 13620
13620 4304 9087
9087 4304 13620
91 1037 7335
7335 91 1037
1037 91 7335
11450 2503 8113
2503 8113 11450
8113 2503 11450
2369 5991 11341
11341 2369 5991
5991 2369 11341
14582 4647 5626
4647 5626 14582
5626 4647 14582
7444 8880 14835
8880 7444 14835
14835 7444 8880
1260 9586 14290
14290 1260 9586
9586 1260 14290
1003 1192 11504
11504 1003 1192
1192 1003 11504
2852 2421 10036
2421 2852 10036
10036 2421 2852
14092 3567 11963
11963 3567 14092
3567 11963 14092
2082 1799 3612
3612 1799 2082
1799 2082 3612
12120 5047 6142
5047 6142 12120
6142 5047 12120
6488 5119 6628
5119 6488 6628
6628 5119 6488
8510 27 8749
27 8510 8749
8749 27 8510
3127 8275 13581
8275 3127 13581
13581 3127 8275
9061 10958 13804
13804 9061 10958
10958 9061 13804
12979 1133 8231
8231 1133 12979
1133 8231 12979
8684 12717 13636
13636 8684 12717
12717 8684 13636
8467 3529 10712
10712 3529 8467
3529 8467 10712
14805 8415 11204
8415 11204 14805
11204 8415 14805
1732 2145 7295
2145 1732 7295
7295 1732 2145
5609 3588 9107
3588 5609 9107
9107 3588 5609
9122 3361 7170
7170 3361 9122
3361 7170 9122
11443 1281 14997
14997 1281 11443
1281 11443 14997
6960 5613 6753
6753 5613 6960
5613 6753 6960
12650 8499 9896
9896 8499 12650
8499 9896 12650
1962 12151 12183
12183 1962 12151
12151 1962 12183
4721 1267 10172
1267 4721 10172
10172 1267 4721
2982 1460 5684
1460 2982 5684
5684 1460 2982
10252 4742 5110
5110 4742 10252
4742 5110 10252
11408 1319 11834
1319 11408 11834
11834 1319 11408
13863 5433 5510
5433 5510 13863
5510 5433 13863
13377 883 9005
883 9005 13377
9005 883 13377
4108 3279 12697
12697 3279 4108
3279 4108 12697
7764 4939 12494
4939 7764 12494
12494 4939 7764
14138 7945 14086
14086 7945 14138
7945 14086 14138
5225 2764 10469
2764 5225 10469
10469 2764 5225
9321 5473 13522
5473 9321 13522
13522 5473 9321
126 2630 9475
2630 126 9475
9475 126 2630
5886 2211 10720
2211 5886 10720
10720 2211 5886
11116 5129 9437
9437 5129 11116
5129 9437 11116
10244 6465 6490
6490 6465 10244
6465 6490 10244
10696 332 14115
332 10696 14115
14115 332 10696
2967 3365 5792
5792 2967 3365
3365 2967 5792
7084 11868 13651
13651 7084 11868
11868 7084 13651
7943 2160 5016
5016 2160 7943
2160 5016 7943
8243 11424 13162
11424 8243 13162
13162 8243 11424
5195 6341 11934
11934 5195 6341
6341 5195 11934
3788 2030 12345
2030 3788 12345
12345 2030 3788
2638 9060 14784
9060 2638 14784
14784 2638 9060
12684 4412 14628
14628 4412 12684
4412 12684 14628
4148 718 12789
12789 718 4148
718 4148 12789
6706 1904 8920
8920 1904 6706
1904 6706 8920
13960 1793 7600
1793 7600 13960
7600 1793 13960
2794 2357 5946
2357 2794 5946
5946 2357 2794
10233 1548 4006
4006 1548 10233
1548 4006 10233
8576 3906 8097
3906 8097 8576
8097 3906 8576
12205 1924 9914
9914 1924 12205
1924 9914 12205
8651 4717 5817
5817 4717 8651
4717 5817 8651
11452 10727 11796
10727 11452 11796
11796 10727 11452
5313 13067 14355
14355 5313 13067
13067 5313 14355
7366 990 12961
990 7366 12961
12961 990 7366
7130 4650 13171
4650 7130 13171
13171 4650 7130
10062 6119 13904
13904 6119 10062
6119 10062 13904
5893 4801 8670
4801 5893 8670
8670 4801 5893
708 13236 14802
13236 708 14802
14802 708 13236
12031 4918 6333
4918 6333 12031
6333 4918 12031
11877 234 9854
9854 234 11877
234 9854 11877
7593 7802 13374
13374 7593 7802
7802 7593 13374
9808 8746 9252
9252 8746 9808
8746 9252 9808
4594 4266 10990
4266 4594 10990
10990 4266 4594
12772 41 9035
9035 41 12772
41 9035 12772
5049 1873 5108
1873 5049 5108
5108 1873 5049
10969 3837 4501
4501 3837 10969
3837 4501 10969
8715 12551 14924
14924 8715 12551
12551 8715 14924
4087 2515 13365
13365 2515 4087
2515 4087 13365
654 6087 6901
6901 654 6087
6087 654 6901
12969 8221 9189
9189 8221 12969
8221 9189 12969
1891 5624 10732
5624 1891 10732
10732 1891 5624
5995 7162 12448
7162 5995 12448
12448 5995 7162
6103 9131 11506
9131 6103 11506
11506 6103 9131
245 276 2826
2826 245 276
276 245 2826
7258 2993 6384
6384 2993 7258
2993 6384 7258
13358 5514 14455
14455 5514 13358
5514 13358 14455
4625 9535 14652
9535 4625 14652
14652 4625 9535
12128 7885 9839
7885 9839 12128
9839 7885 12128
9156 3400 6124
3400 6124 9156
6124 3400 9156
14876 5697 10106
5697 10106 14876
10106 5697 14876
4373 4587 11092
4587 4373 11092
11092 4373 4587
12330 8981 12341
8981 12330 12341
12341 8981 12330
5102 2416 14999
14999 2416 5102
2416 5102 14999
3392 481 2731
481 2731 3392
2731 481 3392
9435 7182 14080
14080 7182 9435
7182 9435 14080
12790 1039 1468
1468 1039 12790
1039 1468 12790
5116 5604 6012
5604 5116 6012
6012 5116 5604
14332 8254 10323
10323 8254 14332
8254 10323 14332
8308 6896 11466
6896 8308 11466
11466 6896 8308
8954 11525 13408
13408 8954 11525
11525 8954 13408
9691 3832 12719
3832 9691 12719
12719 3832 9691
751 3052 3165
3052 751 3165
3165 751 3052
13038 202 12985
12985 202 13038
202 12985 13038
7926 194 2170
194 2170 7926
2170 194 7926
11381 4351 14988
4351 11381 14988
14988 4351 11381
8461 403 1419
403 1419 8461
1419 403 8461
2707 2661 3101
2661 2707 3101
3101 2661 2707
4974 9622 12935
9622 4974 12935
12935 4974 9622
14940 6685 14385
6685 14385 14940
14385 6685 14940
5907 9 3578
9 3578 5907
3578 9 5907
10934 957 12515
12515 957 10934
957 10934 12515
12948 3930 5308
3930 5308 12948
5308 3930 12948
9985 5737 8748
5737 8748 9985
8748 5737 9985
7563 4175 10535
4175 7563 10535
10535 4175 7563
3893 178 11343
178 3893 11343
11343 178 3893
6252 203 13580
13580 203 6252
203 6252 13580
4326 2696 14586
14586 2696 4326
2696 4326 14586
5763 1814 10234
10234 1814 5763
1814 5763 10234
12287 11090 13351
13351 11090 12287
11090 12287 13351
7330 7378 8224
7378 7330 8224
8224 7330 7378
1360 6509 6917
6509 1360 6917
6917 1360 6509
4618 3180 11679
11679 3180 4618
3180 4618 11679
1038 5399 10944
5399 1038 10944
10944 1038 5399
7352 12552 14947
14947 7352 12552
12552 7352 14947
13064 2908 10196
2908 10196 13064
10196 2908 13064
6152 2182 12658
12658 2182 6152
2182 6152 12658
14121 11593 13285
13285 11593 14121
11593 13285 14121
10468 5025 10809
10809 5025 10468
5025 10468 10809
11848 3323 8843
8843 3323 11848
3323 8843 11848
7678 7518 14445
7518 7678 14445
14445 7518 7678
9732 5711 11929
5711 9732 11929
11929 5711 9732
4893 1474 12255
12255 1474 4893
1474 4893 12255
135 475 12447
12447 135 475
475 135 12447
2282 340 3415
3415 340 2282
340 2282 3415
13934 2724 7725
2724 7725 13934
7725 2724 13934
10199 7180 7966
7180 7966 10199
7966 7180 10199
3133 5090 10341
5090 3133 10341
10341 3133 5090
5727 614 10401
10401 614 5727
614 5727 10401
1313 814 9222
814 1313 9222
9222 814 1313
14809 4689 13363
4689 13363 14809
13363 4689 14809
754 11971 13825
11971 754 13825
13825 754 11971
9753 2620 8587
8587 2620 9753
2620 8587 9753
2005 6822 14983
14983 2005 6822
6822 2005 14983
13149 11778 14850
11778 13149 14850
14850 11778 13149
1539 2931 12902
12902 1539 2931
2931 1539 12902
13261 6677 11139
11139 6677 13261
6677 11139 13261
9915 4121 4785
4785 4121 9915
4121 4785 9915
12618 4695 13957
13957 4695 12618
4695 12618 13957
13612 11142 12118
12118 11142 13612
11142 12118 13612
2240 621 3005
621 2240 3005
3005 621 2240
12467 4944 12726
4944 12467 12726
12726 4944 12467
4521 876 8418
8418 876 4521
876 4521 8418
7156 8718 8871
8871 7156 8718
8718 7156 8871
7189 6290 12562
12562 6290 7189
6290 7189 12562
13718 6144 8916
6144 8916 13718
8916 6144 13718
13248 4904 7655
7655 4904 13248
4904 7655 13248
9236 6582 11689
6582 9236 11689
11689 6582 9236
11051 7451 7737
7451 7737 11051
7737 7451 11051
14828 2237 13897
13897 2237 14828
2237 13897 14828
8602 493 12450
493 8602 12450
12450 493 8602
1445 6420 8387
6420 1445 8387
8387 1445 6420
3610 1307 10201
1307 3610 10201
10201 1307 3610
2808 6363 10164
6363 2808 10164
10164 2808 6363
13395 4578 8669
4578 8669 13395
8669 4578 13395
14914 2380 10074
10074 2380 14914
2380 10074 14914
3688 998 7871
7871 998 3688
998 3688 7871
7045 3106 9303
9303 3106 7045
3106 7045 9303
296 1577 3080
1577 296 3080
3080 296 1577
10888 1091 12933
1091 10888 12933
12933 1091 10888
136 11360 14645
14645 136 11360
11360 136 14645
12894 3424 4439
3424 4439 12894
4439 3424 12894
7150 7622 13713
13713 7150 7622
7622 7150 13713
8421 5045 11719
11719 5045 8421
5045 8421 11719
10374 4107 14487
14487 4107 10374
4107 10374 14487
3823 10008 12734
10008 3823 12734
12734 3823 10008
13074 5970 7598
5970 7598 13074
7598 5970 13074
10111 4080 13763
4080 10111 13763
13763 4080 10111
9098 7103 13477
7103 9098 13477
13477 7103 9098
2248 2763 2767
2767 2248 2763
2763 2248 2767
1604 11297 11759
11297 1604 11759
11759 1604 11297
11288 4341 5266
5266 4341 11288
4341 5266 11288
10953 434 3449
3449 434 10953
434 3449 10953
11597 2547 3522
2547 3522 11597
3522 2547 11597
4916 2706 12537
12537 2706 4916
2706 4916 12537
3006 590 14843
14843 590 3006
590 3006 14843
4224 4421 13055
4421 4224 13055
13055 4224 4421
6069 5011 11063
11063 5011 6069
5011 6069 11063
2164 1643 13910
13910 1643 2164
1643 2164 13910
11076 6494 6743
6494 6743 11076
6743 6494 11076
9762 1259 10136
1259 9762 10136
10136 1259 9762
3607 3302 5345
5345 3302 3607
3302 3607 5345
14293 12594 13379
13379 12594 14293
12594 13379 14293
13797 122 12484
122 12484 13797
12484 122 13797
8451 28 4359
4359 28 8451
28 4359 8451
13553 7762 11664
11664 7762 13553
7762 11664 13553
6070 2478 11087
11087 2478 6070
2478 6070 11087
299 4748 13632
13632 299 4748
4748 299 13632
14465 7461 12763
7461 12763 14465
12763 7461 14465
7795 5465 8584
8584 5465 7795
5465 7795 8584
11651 4181 7887
7887 4181 11651
4181 7887 11651
4817 2238 7124
7124 2238 4817
2238 4817 7124
12435 7900 9840
7900 9840 12435
9840 7900 12435
12799 11382 13140
11382 12799 13140
13140 11382 12799
8337 8833 14587
14587 8337 8833
8833 8337 14587
2436 3936 10480
10480 2436 3936
3936 2436 10480
12443 1403 8730
1403 8730 12443
8730 1403 12443
14845 11310 12628
12628 11310 14845
11310 12628 14845
7183 6254 13237
6254 7183 13237
13237 6254 7183
604 1762 12670
12670 604 1762
1762 604 12670
4371 8935 10417
10417 4371 8935
8935 4371 10417
267 2402 8660
2402 267 8660
8660 267 2402
3157 10690 11159
11159 3157 10690
10690 3157 11159
10318 449 916
916 449 10318
449 916 10318
10004 1432 8742
1432 8742 10004
8742 1432 10004
3800 8938 9068
8938 3800 9068
9068 3800 8938
5145 803 9812
9812 803 5145
803 5145 9812
5889 599 12535
599 5889 12535
12535 599 5889
7391 4336 14818
4336 7391 14818
14818 4336 7391
1405 6437 13417
13417 1405 6437
6437 1405 13417
9879 1531 5247
1531 5247 9879
5247 1531 9879
8096 10651 11000
10651 8096 11000
11000 8096 10651
12597 10208 11475
11475 10208 12597
10208 11475 12597
2389 6905 10132
6905 2389 10132
10132 2389 6905
971 5233 6650
6650 971 5233
5233 971 6650
8773 12991 14236
14236 8773 12991
12991 8773 14236
2135 1744 1915
1915 1744 2135
1744 1915 2135
12986 3490 4105
3490 4105 12986
4105 3490 12986
2537 6477 8458
6477 2537 8458
8458 2537 6477
2712 7616 10034
10034 2712 7616
7616 2712 10034
9613 3175 4532
3175 4532 9613
4532 3175 9613
3382 12750 13321
13321 3382 12750
12750 3382 13321
8123 459 5287
5287 459 8123
459 5287 8123
9348 3053 9452
9452 3053 9348
3053 9348 9452
2543 7438 14690
14690 2543 7438
7438 2543 14690
11268 2681 13821
2681 11268 13821
13821 2681 11268
8250 10102 12729
10102 8250 12729
12729 8250 10102
2770 13540 13776
13540 2770 13776
13776 2770 13540
2002 55 821
55 821 2002
821 55 2002
5546 2647 6505
2647 5546 6505
6505 2647 5546
5774 4271 14139
4271 5774 14139
14139 4271 5774
12021 9111 13754
13754 9111 12021
9111 12021 13754
5375 4953 9684
4953 5375 9684
9684 4953 5375
14504 12809 13715
12809 13715 14504
13715 12809 14504
663 11886 12097
12097 663 11886
11886 663 12097
7303 4661 11704
4661 7303 11704
11704 4661 7303
11104 616 12158
12158 616 11104
616 11104 12158
5706 9954 11153
9954 5706 11153
11153 5706 9954
13813 7014 10303
10303 7014 13813
7014 10303 13813
12848 11078 11514
11514 11078 12848
11078 11514 12848
1495 6919 12810
6919 1495 12810
12810 1495 6919
12035 4634 11864
11864 4634 12035
4634 11864 12035
12621 9474 10335
9474 10335 12621
10335 9474 12621
2409 6376 12673
12673 2409 6376
6376 2409 12673
11453 12886 13922
13922 11453 12886
12886 11453 13922
6136 8035 9299
8035 6136 9299
9299 6136 8035
3908 13184 13390
13184 3908 13390
13390 3908 13184
11757 8238 9310
8238 9310 11757
9310 8238 11757
9534 828 3482
828 3482 9534
3482 828 9534
2281 336 7669
7669 336 2281
336 2281 7669
8051 2349 2594
2349 2594 8051
2594 2349 8051
2643 7534 13931
13931 2643 7534
7534 2643 13931
3377 9350 11099
9350 3377 11099
11099 3377 9350
14358 2897 4430
4430 2897 14358
2897 4430 14358
4700 183 10230
183 4700 10230
10230 183 4700
8722 10277 10862
10277 8722 10862
10862 8722 10277
2295 12357 13835
12357 2295 13835
13835 2295 12357
11485 2915 7847
2915 7847 11485
7847 2915 11485
5124 4167 7414
7414 4167 5124
4167 5124 7414
11193 4776 8591
4776 8591 11193
8591 4776 11193
14857 523 12425
12425 523 14857
523 12425 14857
2398 9723 12395
9723 2398 12395
12395 2398 9723
14146 3149 8895
8895 3149 14146
3149 8895 14146
10047 7705 11654
11654 7705 10047
7705 10047 11654
4256 9982 12497
9982 4256 12497
12497 4256 9982
1185 3872 6830
6830 1185 3872
3872 1185 6830
8495 2662 12208
12208 2662 8495
2662 8495 12208
643 4132 10241
4132 643 10241
10241 643 4132
2373 4909 11533
11533 2373 4909
4909 2373 11533
3826 6942 8041
6942 3826 8041
8041 3826 6942
1626 4552 6391
4552 1626 6391
6391 1626 4552
8810 2828 13705
2828 8810 13705
13705 2828 8810
6048 3398 3980
3398 3980 6048
3980 3398 6048
12191 5446 9802
9802 5446 12191
5446 9802 12191
8315 4890 12567
4890 8315 12567
12567 4890 8315
3839 3017 5338
3017 3839 5338
5338 3017 3839
11161 2445 2607
2445 2607 11161
2607 2445 11161
4416 5671 13253
5671 4416 13253
13253 4416 5671
5572 3218 11184
3218 5572 11184
11184 3218 5572
13228 5250 5997
5997 5250 13228
5250 5997 13228
8093 1563 6241
6241 1563 8093
1563 6241 8093
2727 9134 9220
9134 2727 9220
9220 2727 9134
8992 2431 12384
2431 8992 12384
12384 2431 8992
6172 7263 10642
7263 6172 10642
10642 6172 7263
12084 802 6955
802 6955 12084
6955 802 12084
2945 321 3381
321 2945 3381
3381 321 2945
7188 6260 12407
6260 7188 12407
12407 6260 7188
3451 3224 8497
8497 3224 3451
3224 3451 8497
14239 4490 7039
4490 7039 14239
7039 4490 14239
5902 3981 12907
3981 5902 12907
12907 3981 5902
9576 7665 9919
7665 9576 9919
9919 7665 9576
14059 1866 6008
1866 6008 14059
6008 1866 14059
11208 3309 13336
13336 3309 11208
3309 11208 13336
13984 13432 14531
14531 13432 13984
13432 13984 14531
5726 2153 2341
2341 2153 5726
2153 2341 5726
4110 1712 9425
9425 1712 4110
1712 4110 9425
3328 1838 6513
6513 1838 3328
1838 3328 6513
8381 605 6915
6915 605 8381
605 6915 8381
5083 11814 12998
11814 5083 12998
12998 5083 11814
6108 10982 12089
12089 6108 10982
10982 6108 12089
5533 8219 11624
11624 5533 8219
8219 5533 11624
12997 2235 2332
2235 2332 12997
2332 2235 12997
3146 5492 12163
12163 3146 5492
5492 3146 12163
3187 1041 11425
11425 1041 3187
1041 3187 11425
14812 3589 14749
14749 3589 14812
3589 14749 14812
5853 4396 5335
4396 5335 5853
5335 4396 5853
13742 4473 10221
4473 10221 13742
10221 4473 13742
2312 11530 11751
11530 2312 11751
11751 2312 11530
12794 9515 14679
14679 9515 12794
9515 12794 14679
4755 2950 4092
2950 4092 4755
4092 2950 4755
1562 2057 11509
2057 1562 11509
11509 1562 2057
188 10609 12908
12908 188 10609
10609 188 12908
4481 9066 13516
9066 4481 13516
13516 4481 9066
7504 10856 12677
10856 7504 12677
12677 7504 10856
3228 12709 13829
12709 3228 13829
13829 3228 12709
13666 2133 11399
11399 2133 13666
2133 11399 13666
3105 4414 10433
4414 3105 10433
