25934 33129 98468
33129 25934 98468
98468 25934 33129
123740 25759 85370
25759 85370 123740
85370 25759 123740
37475 41681 45808
41681 37475 45808
45808 37475 41681
87539 27948 44438
27948 44438 87539
44438 27948 87539
58825 22207 58871
58871 22207 58825
22207 58825 58871
142119 99490 102812
102812 99490 142119
99490 102812 142119
127313 62713 75461
62713 75461 127313
75461 62713 127313
11101 36883 37816
37816 11101 36883
36883 11101 37816
106478 75499 144640
144640 75499 106478
75499 106478 144640
51817 30877 122173
122173 30877 51817
30877 51817 122173
90251 28784 102511
28784 90251 102511
102511 28784 90251
94260 5169 127097
5169 94260 127097
127097 5169 94260
85592 14704 25670
14704 25670 85592
25670 14704 85592
143405 147992 149744
147992 143405 149744
149744 143405 147992
3269 409 138675
138675 409 3269
409 3269 138675
47445 130693 140512
140512 47445 130693
130693 47445 140512
115099 21185 36113
36113 21185 115099
21185 36113 115099
133198 100151 148180
100151 133198 148180
148180 100151 133198
96530 103021 120929
103021 96530 120929
120929 96530 103021
141839 143139 147781
143139 141839 147781
147781 141839 143139
37528 35204 83613
83613 35204 37528
35204 37528 83613
51841 98465 101068
98465 51841 101068
101068 51841 98465
48749 75890 92461
92461 48749 75890
75890 48749 92461
17901 128276 143150
143150 17901 128276
128276 17901 143150
76919 58853 120091
120091 58853 76919
58853 76919 120091
92884 85756 114366
114366 85756 92884
85756 92884 114366
72346 98996 107837
98996 72346 107837
107837 72346 98996
8812 128435 135053
135053 8812 128435
128435 8812 135053
29005 103930 118432
103930 29005 118432
118432 29005 103930
142684 1222 147971
1222 142684 147971
147971 1222 142684
117259 89541 127023
89541 117259 127023
127023 89541 117259
110489 28316 132205
132205 28316 110489
28316 110489 132205
50534 12939 32665
12939 32665 50534
32665 12939 50534
139258 68565 136711
68565 136711 139258
136711 68565 139258
75105 93785 113612
93785 75105 113612
113612 75105 93785
11232 127693 149677
149677 11232 127693
127693 11232 149677
44701 31986 92400
31986 44701 92400
92400 31986 44701
115902 4350 8970
8970 4350 115902
4350 8970 115902
47779 34600 138946
138946 34600 47779
34600 47779 138946
13063 103944 108033
103944 13063 108033
108033 13063 103944
43788 4661 42704
4661 42704 43788
42704 4661 43788
104613 79749 127937
127937 79749 104613
79749 104613 127937
39644 26020 131963
26020 39644 131963
131963 26020 39644
30925 95740 122617
122617 30925 95740
95740 30925 122617
126422 64034 126560
126560 64034 126422
64034 126422 126560
56562 35271 68599
68599 35271 56562
35271 56562 68599
54000 16952 19649
19649 16952 54000
16952 19649 54000
100614 45175 129150
129150 45175 100614
45175 100614 129150
28534 30162 147914
30162 28534 147914
147914 28534 30162
62007 6175 136560
6175 62007 136560
136560 6175 62007
8308 12711 37319
12711 8308 37319
37319 8308 12711
11960 110030 115175
110030 11960 115175
115175 11960 110030
109351 63946 142883
142883 63946 109351
63946 109351 142883
64987 25947 135916
135916 25947 64987
25947 64987 135916
142896 125509 125662
125509 125662 142896
125662 125509 142896
32494 20599 62737
20599 32494 62737
62737 20599 32494
82042 24728 93681
24728 82042 93681
93681 24728 82042
99134 92843 99480
92843 99134 99480
99480 92843 99134
42383 132978 147601
132978 42383 147601
147601 42383 132978
64452 79474 139626
139626 64452 79474
79474 64452 139626
49888 79750 137123
137123 49888 79750
79750 49888 137123
140895 4999 147011
4999 140895 147011
147011 4999 140895
120461 56117 73906
56117 73906 120461
73906 56117 120461
98552 14421 66696
14421 66696 98552
66696 14421 98552
70015 77065 135544
135544 70015 77065
77065 70015 135544
139744 54049 84310
84310 54049 139744
54049 84310 139744
56611 112611 122734
122734 56611 112611
112611 56611 122734
498 8813 127791
127791 498 8813
8813 498 127791
14728 76844 85018
76844 14728 85018
85018 14728 76844
103621 30137 108472
108472 30137 103621
30137 103621 108472
128310 38548 39920
38548 39920 128310
39920 38548 128310
16174 94001 100913
94001 16174 100913
100913 16174 94001
65199 96617 137479
96617 65199 137479
137479 65199 96617
86125 36252 94348
94348 36252 86125
36252 86125 94348
34127 77971 101369
101369 34127 77971
77971 34127 101369
144000 25983 104236
25983 104236 144000
104236 25983 144000
601 35726 87927
87927 601 35726
35726 601 87927
40551 25122 73644
73644 25122 40551
25122 40551 73644
109755 81112 108157
81112 108157 109755
108157 81112 109755
98832 92866 143025
92866 98832 143025
143025 92866 98832
129063 48494 72257
72257 48494 129063
48494 72257 129063
148311 76308 97284
76308 97284 148311
97284 76308 148311
24475 80818 113332
113332 24475 80818
80818 24475 113332
36108 7541 131357
7541 36108 131357
131357 7541 36108
60305 40102 115972
40102 60305 115972
115972 40102 60305
45269 34284 35675
35675 34284 45269
34284 35675 45269
12284 76439 106425
76439 12284 106425
106425 12284 76439
25835 83983 123776
83983 25835 123776
123776 25835 83983
34936 90163 129341
129341 34936 90163
90163 34936 129341
108815 91042 109684
109684 91042 108815
91042 108815 109684
91134 56692 112427
112427 56692 91134
56692 91134 112427
19483 85722 136620
85722 19483 136620
136620 19483 85722
91947 85452 99906
99906 85452 91947
85452 91947 99906
86501 67855 144016
144016 67855 86501
67855 86501 144016
23063 16119 71231
71231 16119 23063
16119 23063 71231
11144 36349 109601
109601 11144 36349
36349 11144 109601
6436 12047 27038
27038 6436 12047
12047 6436 27038
92667 20726 102310
20726 92667 102310
102310 20726 92667
80628 119649 135771
135771 80628 119649
119649 80628 135771
98212 104777 145242
145242 98212 104777
104777 98212 145242
33293 71769 130778
71769 33293 130778
130778 33293 71769
90298 34285 58835
58835 34285 90298
34285 58835 90298
142241 144476 144978
144978 142241 144476
144476 142241 144978
72923 51001 112626
112626 51001 72923
51001 72923 112626
104088 67850 93304
93304 67850 104088
67850 93304 104088
98937 107564 123684
123684 98937 107564
107564 98937 123684
54437 54504 72588
72588 54437 54504
54504 54437 72588
74387 44005 78002
44005 74387 78002
78002 44005 74387
10439 90353 147408
147408 10439 90353
90353 10439 147408
79865 9418 41801
9418 41801 79865
41801 9418 79865
90096 82987 120381
120381 82987 90096
82987 90096 120381
31995 45836 98310
45836 31995 98310
98310 31995 45836
19154 73208 144985
73208 19154 144985
144985 19154 73208
108692 104672 112392
112392 104672 108692
104672 108692 112392
128428 9701 142429
9701 128428 142429
142429 9701 128428
89168 40165 48703
48703 40165 89168
40165 48703 89168
90792 63114 126267
63114 90792 126267
126267 63114 90792
133525 3452 39998
39998 3452 133525
3452 39998 133525
82629 82116 130064
130064 82116 82629
82116 82629 130064
55848 41452 81273
41452 55848 81273
81273 41452 55848
149243 11230 18941
11230 18941 149243
18941 11230 149243
144111 20351 122834
122834 20351 144111
20351 122834 144111
132311 121868 129528
121868 129528 132311
129528 121868 132311
102250 53599 94093
94093 53599 102250
53599 94093 102250
72933 36882 146361
36882 72933 146361
146361 36882 72933
9618 19865 58334
19865 9618 58334
58334 9618 19865
104499 71179 120733
120733 71179 104499
71179 104499 120733
27106 74749 96574
74749 27106 96574
96574 27106 74749
87023 84231 112689
112689 84231 87023
84231 87023 112689
42579 21489 86859
21489 42579 86859
86859 21489 42579
84672 108640 130731
108640 84672 130731
130731 84672 108640
109226 33726 110367
33726 109226 110367
110367 33726 109226
11048 13830 133951
133951 11048 13830
13830 11048 133951
56338 111684 124224
111684 56338 124224
124224 56338 111684
47019 75705 123926
123926 47019 75705
75705 47019 123926
28796 7743 149597
7743 28796 149597
149597 7743 28796
70578 67057 81838
67057 70578 81838
81838 67057 70578
2044 18831 147635
18831 2044 147635
147635 2044 18831
132144 9233 135296
9233 132144 135296
135296 9233 132144
120144 131559 138753
131559 120144 138753
138753 120144 131559
74668 3871 143367
143367 3871 74668
3871 74668 143367
32834 10296 143334
143334 10296 32834
10296 32834 143334
103657 8599 146888
146888 8599 103657
8599 103657 146888
32119 9326 82546
82546 9326 32119
9326 32119 82546
143183 119734 126707
119734 126707 143183
126707 119734 143183
33560 105359 149657
105359 33560 149657
149657 33560 105359
138786 33443 105394
33443 105394 138786
105394 33443 138786
54516 104571 126621
126621 54516 104571
104571 54516 126621
78210 64343 110268
64343 78210 110268
110268 64343 78210
1510 68367 108671
108671 1510 68367
68367 1510 108671
132236 44634 135644
135644 44634 132236
44634 132236 135644
131655 63490 115043
63490 115043 131655
115043 63490 131655
2727 2295 127330
127330 2295 2727
2295 2727 127330
14 89081 146342
89081 14 146342
146342 14 89081
1285 48621 136768
136768 1285 48621
48621 1285 136768
141333 38726 147725
147725 38726 141333
38726 141333 147725
106375 38284 115433
38284 106375 115433
115433 38284 106375
68760 23293 34670
34670 23293 68760
23293 34670 68760
50902 54228 101044
101044 50902 54228
54228 50902 101044
29646 57846 121247
57846 29646 121247
121247 29646 57846
52754 39709 57725
39709 52754 57725
57725 39709 52754
102942 57067 98801
98801 57067 102942
57067 98801 102942
15648 32960 107090
107090 15648 32960
32960 15648 107090
97013 93399 146580
146580 93399 97013
93399 97013 146580
76400 13445 92279
13445 76400 92279
92279 13445 76400
39045 6372 140204
6372 39045 140204
140204 6372 39045
136623 55579 59683
55579 59683 136623
59683 55579 136623
136708 140442 143092
143092 136708 140442
140442 136708 143092
30574 112528 134709
134709 30574 112528
112528 30574 134709
132294 98782 135522
135522 98782 132294
98782 132294 135522
81677 97652 135969
97652 81677 135969
135969 81677 97652
61455 56906 146830
146830 56906 61455
56906 61455 146830
148265 69652 124482
124482 69652 148265
69652 124482 148265
60698 90938 96568
90938 60698 96568
96568 60698 90938
115329 60922 99227
60922 99227 115329
99227 60922 115329
30289 18446 131062
18446 30289 131062
131062 18446 30289
62063 14580 107983
107983 14580 62063
14580 62063 107983
17716 98766 148286
98766 17716 148286
148286 17716 98766
57093 12251 69431
69431 12251 57093
12251 57093 69431
109056 54553 115021
54553 109056 115021
115021 54553 109056
61123 96465 131382
96465 61123 131382
131382 61123 96465
58709 111030 123158
111030 58709 123158
123158 58709 111030
84966 38662 102274
102274 38662 84966
38662 84966 102274
34144 7438 138299
7438 34144 138299
138299 7438 34144
27681 2263 140964
2263 27681 140964
140964 2263 27681
103770 78288 149129
78288 103770 149129
149129 78288 103770
96763 101247 149083
101247 96763 149083
149083 96763 101247
60971 54737 67247
67247 54737 60971
54737 60971 67247
118282 141227 142448
142448 118282 141227
141227 118282 142448
20878 2950 95864
2950 20878 95864
95864 2950 20878
40856 37293 96870
37293 40856 96870
96870 37293 40856
34812 19012 117598
19012 34812 117598
117598 19012 34812
26805 84187 119511
119511 26805 84187
84187 26805 119511
142223 94921 100246
100246 94921 142223
94921 100246 142223
101889 60634 81575
81575 60634 101889
60634 81575 101889
111170 84635 121215
84635 111170 121215
121215 84635 111170
116243 37835 42800
37835 42800 116243
42800 37835 116243
51830 30024 145920
30024 51830 145920
145920 30024 51830
113909 54957 61371
54957 61371 113909
61371 54957 113909
126222 455 86203
455 86203 126222
86203 455 126222
65245 15018 17058
15018 17058 65245
17058 15018 65245
149800 74863 134191
134191 74863 149800
74863 134191 149800
74836 106672 133223
133223 74836 106672
106672 74836 133223
147138 52048 81390
81390 52048 147138
52048 81390 147138
94317 129827 132295
132295 94317 129827
129827 94317 132295
33973 86900 142799
142799 33973 86900
86900 33973 142799
25439 45179 90542
45179 25439 90542
90542 25439 45179
16970 99635 146107
146107 16970 99635
99635 16970 146107
87375 95498 145331
95498 87375 145331
145331 87375 95498
117426 48457 54770
48457 54770 117426
54770 48457 117426
28917 20212 96463
96463 20212 28917
20212 28917 96463
91952 38673 40137
40137 38673 91952
38673 40137 91952
92443 28872 81805
81805 28872 92443
28872 81805 92443
117056 50283 111537
50283 111537 117056
111537 50283 117056
47797 31461 146773
146773 31461 47797
31461 47797 146773
145679 5911 17036
17036 5911 145679
5911 17036 145679
148236 88956 106033
106033 88956 148236
88956 106033 148236
10394 8286 104623
8286 10394 104623
104623 8286 10394
37302 87651 93754
93754 37302 87651
87651 37302 93754
19292 26068 94905
94905 19292 26068
26068 19292 94905
91232 53863 131544
53863 91232 131544
131544 53863 91232
51342 93613 120067
120067 51342 93613
93613 51342 120067
95248 27761 74081
27761 74081 95248
74081 27761 95248
136442 56929 108662
56929 108662 136442
108662 56929 136442
46931 8429 32907
8429 32907 46931
32907 8429 46931
10696 70966 98283
98283 10696 70966
70966 10696 98283
57170 8750 53484
8750 53484 57170
53484 8750 57170
81235 94294 119819
119819 81235 94294
94294 81235 119819
74212 131877 134665
134665 74212 131877
131877 74212 134665
65246 4465 147329
4465 65246 147329
147329 4465 65246
7423 78314 131950
78314 7423 131950
131950 7423 78314
17687 49752 72694
49752 17687 72694
72694 17687 49752
22342 92292 98225
92292 22342 98225
98225 22342 92292
51795 54857 107627
54857 51795 107627
107627 51795 54857
124499 85669 128639
85669 124499 128639
128639 85669 124499
137492 3955 128908
128908 3955 137492
3955 128908 137492
56743 75737 113341
113341 56743 75737
75737 56743 113341
7303 20257 35502
35502 7303 20257
20257 7303 35502
133794 123747 123795
123747 123795 133794
123795 123747 133794
11782 95016 148704
148704 11782 95016
95016 11782 148704
27379 34234 36973
36973 27379 34234
34234 27379 36973
50564 3720 123786
123786 3720 50564
3720 50564 123786
38822 61373 91068
61373 38822 91068
91068 38822 61373
88484 6282 12480
6282 12480 88484
12480 6282 88484
122490 26437 70174
26437 70174 122490
70174 26437 122490
41265 98424 114202
98424 41265 114202
114202 41265 98424
95511 44144 123180
44144 95511 123180
123180 44144 95511
39501 40310 102790
102790 39501 40310
40310 39501 102790
80594 28283 141895
141895 28283 80594
28283 80594 141895
92341 54890 98919
98919 54890 92341
54890 92341 98919
139149 20021 68055
68055 20021 139149
20021 68055 139149
68147 40511 132498
40511 68147 132498
132498 40511 68147
23151 48001 51120
51120 23151 48001
48001 23151 51120
31138 60187 61047
60187 31138 61047
61047 31138 60187
77096 42972 125066
125066 42972 77096
42972 77096 125066
37279 19356 101163
101163 19356 37279
19356 37279 101163
40811 28504 44305
44305 28504 40811
28504 40811 44305
135473 24679 58849
58849 24679 135473
24679 58849 135473
40820 31304 43872
43872 31304 40820
31304 40820 43872
32629 23379 137745
23379 32629 137745
137745 23379 32629
14372 49194 148862
49194 14372 148862
148862 14372 49194
33221 40228 132057
40228 33221 132057
132057 33221 40228
70325 43879 104577
43879 70325 104577
104577 43879 70325
35308 3316 121984
121984 3316 35308
3316 35308 121984
18770 74356 87568
74356 18770 87568
87568 18770 74356
60797 82387 82619
82387 60797 82619
82619 60797 82387
144346 46747 55031
55031 46747 144346
46747 55031 144346
102798 12387 69425
12387 69425 102798
69425 12387 102798
139431 63696 131295
131295 63696 139431
63696 131295 139431
94907 50317 124092
50317 94907 124092
124092 50317 94907
56524 63966 140696
140696 56524 63966
63966 56524 140696
73989 134462 148043
134462 73989 148043
148043 73989 134462
46866 49451 140254
49451 46866 140254
140254 46866 49451
92095 65351 104199
104199 65351 92095
65351 92095 104199
41548 25679 86073
86073 25679 41548
25679 41548 86073
93116 91245 133885
91245 93116 133885
133885 91245 93116
89579 93836 129666
93836 89579 129666
129666 89579 93836
53634 105460 127454
127454 53634 105460
105460 53634 127454
74091 8480 120195
8480 74091 120195
120195 8480 74091
92108 52484 69294
52484 69294 92108
69294 52484 92108
89032 64136 94428
94428 64136 89032
64136 89032 94428
141841 11388 59281
11388 59281 141841
59281 11388 141841
146407 106 34016
106 34016 146407
34016 106 146407
65578 23569 66035
23569 65578 66035
66035 23569 65578
85703 79025 95325
95325 79025 85703
79025 85703 95325
137310 1907 107981
1907 107981 137310
107981 1907 137310
66754 86481 106312
86481 66754 106312
106312 66754 86481
138213 79570 122372
122372 79570 138213
79570 122372 138213
76891 18606 86467
86467 18606 76891
18606 76891 86467
96685 12680 109194
12680 96685 109194
109194 12680 96685
63604 74433 133498
74433 63604 133498
133498 63604 74433
24272 48996 90045
48996 24272 90045
90045 24272 48996
124617 14923 23076
23076 14923 124617
14923 23076 124617
63907 25427 149319
25427 63907 149319
149319 25427 63907
72042 40097 114131
40097 72042 114131
114131 40097 72042
56605 65104 116793
65104 56605 116793
116793 56605 65104
15295 4456 123724
123724 4456 15295
4456 15295 123724
105034 74770 111453
74770 105034 111453
111453 74770 105034
10525 100188 135320
135320 10525 100188
100188 10525 135320
88515 1633 116319
1633 88515 116319
116319 1633 88515
95778 42956 116308
42956 95778 116308
116308 42956 95778
100494 21478 88502
88502 21478 100494
21478 88502 100494
74652 64545 88683
88683 64545 74652
64545 74652 88683
54842 72829 137794
72829 54842 137794
137794 54842 72829
77943 29263 35736
29263 35736 77943
35736 29263 77943
141735 6830 139397
6830 139397 141735
139397 6830 141735
45393 9507 24644
9507 24644 45393
24644 9507 45393
82221 101479 110058
110058 82221 101479
101479 82221 110058
73993 1824 46322
46322 1824 73993
1824 46322 73993
147745 27714 98476
27714 98476 147745
98476 27714 147745
32159 34172 81410
34172 32159 81410
81410 32159 34172
68855 98994 119874
119874 68855 98994
98994 68855 119874
142843 56784 119018
56784 119018 142843
119018 56784 142843
83 61161 130201
130201 83 61161
61161 83 130201
136721 14556 70876
70876 14556 136721
14556 70876 136721
47824 30448 99162
30448 47824 99162
99162 30448 47824
145485 2597 85383
85383 2597 145485
2597 85383 145485
18441 37088 134958
134958 18441 37088
37088 18441 134958
74581 21519 100587
21519 74581 100587
100587 21519 74581
94435 27176 113698
27176 94435 113698
113698 27176 94435
68835 17712 94535
94535 17712 68835
17712 68835 94535
73817 41753 120099
120099 41753 73817
41753 73817 120099
149562 114777 128592
128592 114777 149562
114777 128592 149562
85256 81882 83725
83725 81882 85256
81882 83725 85256
143095 107556 115845
107556 115845 143095
115845 107556 143095
111120 42400 60074
42400 60074 111120
60074 42400 111120
5422 32647 113148
113148 5422 32647
32647 5422 113148
91893 28065 38887
28065 38887 91893
38887 28065 91893
13246 25946 97720
97720 13246 25946
25946 13246 97720
84891 80678 129988
80678 84891 129988
129988 80678 84891
147362 34478 103793
34478 103793 147362
103793 34478 147362
39492 38218 107368
107368 38218 39492
38218 39492 107368
61276 20344 72579
72579 20344 61276
20344 61276 72579
148101 111772 117489
111772 117489 148101
117489 111772 148101
125684 22397 75320
75320 22397 125684
22397 75320 125684
103698 62855 70181
62855 70181 103698
70181 62855 103698
130769 109106 122133
122133 109106 130769
109106 122133 130769
97425 6063 6635
6063 6635 97425
6635 6063 97425
136962 29432 77345
77345 29432 136962
29432 77345 136962
22212 131325 136927
136927 22212 131325
131325 22212 136927
139571 21662 98853
98853 21662 139571
21662 98853 139571
142632 99737 110323
99737 110323 142632
110323 99737 142632
56762 16605 82863
16605 56762 82863
82863 16605 56762
118483 35302 79296
79296 35302 118483
35302 79296 118483
139447 63232 76629
63232 76629 139447
76629 63232 139447
141444 103381 148225
103381 141444 148225
148225 103381 141444
17111 13604 91640
91640 13604 17111
13604 17111 91640
43531 19240 20253
20253 19240 43531
19240 20253 43531
69802 106027 136986
106027 69802 136986
136986 69802 106027
97889 83103 95997
83103 95997 97889
95997 83103 97889
26302 44442 55121
55121 26302 44442
44442 26302 55121
571 20510 148936
20510 571 148936
148936 571 20510
70365 108568 139750
108568 70365 139750
139750 70365 108568
96420 9429 14529
14529 9429 96420
9429 14529 96420
92353 93639 108216
93639 92353 108216
108216 92353 93639
52704 41281 53519
53519 41281 52704
41281 52704 53519
44711 81572 87018
81572 44711 87018
87018 44711 81572
32957 1108 132320
132320 1108 32957
1108 32957 132320
14861 20591 45421
45421 14861 20591
20591 14861 45421
122642 49895 65134
49895 65134 122642
65134 49895 122642
83479 72102 104206
72102 83479 104206
104206 72102 83479
121440 19388 111013
19388 111013 121440
111013 19388 121440
116587 1048 75996
1048 75996 116587
75996 1048 116587
122170 70523 130881
70523 122170 130881
130881 70523 122170
109115 17539 17752
17539 17752 109115
17752 17539 109115
16743 65267 134846
65267 16743 134846
134846 16743 65267
132042 18132 18436
18436 18132 132042
18132 18436 132042
84991 93176 100478
93176 84991 100478
100478 84991 93176
124552 108937 147372
147372 108937 124552
108937 124552 147372
93349 57745 63326
57745 63326 93349
63326 57745 93349
79898 46326 89439
89439 46326 79898
46326 79898 89439
33676 4294 130942
130942 4294 33676
4294 33676 130942
87821 88276 134447
134447 87821 88276
88276 87821 134447
53152 83566 113535
83566 53152 113535
113535 53152 83566
7896 83031 115019
83031 7896 115019
115019 7896 83031
57187 55837 97351
97351 55837 57187
55837 57187 97351
120486 109516 135523
135523 109516 120486
109516 120486 135523
133416 5612 122206
5612 122206 133416
122206 5612 133416
108551 133329 145767
145767 108551 133329
133329 108551 145767
65928 40968 133793
133793 40968 65928
40968 65928 133793
131011 70090 148262
148262 70090 131011
70090 131011 148262
110773 42375 85849
85849 42375 110773
42375 85849 110773
38805 31497 142713
142713 31497 38805
31497 38805 142713
43656 61402 106137
61402 43656 106137
106137 43656 61402
1518 50789 74510
74510 1518 50789
50789 1518 74510
142210 71628 82714
82714 71628 142210
71628 82714 142210
61911 38471 72255
72255 38471 61911
38471 61911 72255
93168 19667 45621
19667 45621 93168
45621 19667 93168
24659 2468 67907
67907 2468 24659
2468 24659 67907
146894 100815 101550
101550 100815 146894
100815 101550 146894
89783 4549 122134
4549 89783 122134
122134 4549 89783
50143 34206 80157
34206 50143 80157
80157 34206 50143
59628 54976 101302
101302 54976 59628
54976 59628 101302
37783 34038 98881
98881 34038 37783
34038 37783 98881
3566 73089 142179
73089 3566 142179
142179 3566 73089
76887 86287 142682
86287 76887 142682
142682 76887 86287
4809 31626 108165
31626 4809 108165
108165 4809 31626
98604 137065 138567
137065 98604 138567
138567 98604 137065
143130 21330 31963
21330 31963 143130
31963 21330 143130
85905 37870 63058
37870 63058 85905
63058 37870 85905
85931 10729 110943
110943 10729 85931
10729 85931 110943
15955 131444 137077
131444 15955 137077
137077 15955 131444
149853 124941 145813
124941 145813 149853
145813 124941 149853
128380 82750 133878
82750 128380 133878
133878 82750 128380
66617 129065 141036
129065 66617 141036
141036 66617 129065
128421 51970 82818
82818 51970 128421
51970 82818 128421
135800 22803 31865
22803 31865 135800
31865 22803 135800
120194 105155 115500
105155 115500 120194
115500 105155 120194
6787 47878 117510
47878 6787 117510
117510 6787 47878
99541 14374 140882
14374 99541 140882
140882 14374 99541
74587 93539 94128
94128 74587 93539
93539 74587 94128
22367 53963 80351
53963 22367 80351
80351 22367 53963
3770 21068 38361
38361 3770 21068
21068 3770 38361
52890 22258 121156
22258 52890 121156
121156 22258 52890
58610 83355 104981
104981 58610 83355
83355 58610 104981
21476 82124 144018
144018 21476 82124
82124 21476 144018
17316 9755 65842
65842 9755 17316
9755 17316 65842
131971 32235 123714
32235 123714 131971
123714 32235 131971
7049 49344 72677
49344 7049 72677
72677 7049 49344
4761 49564 123492
49564 4761 123492
123492 4761 49564
5965 2703 140142
140142 2703 5965
2703 5965 140142
89756 27073 105865
105865 27073 89756
27073 89756 105865
51348 84656 144185
84656 51348 144185
144185 51348 84656
54280 29323 110025
110025 29323 54280
29323 54280 110025
1700 2648 22382
2648 1700 22382
22382 1700 2648
35283 60420 104389
104389 35283 60420
60420 35283 104389
83068 8923 92547
8923 83068 92547
92547 8923 83068
48663 15230 39790
15230 39790 48663
39790 15230 48663
14681 85033 94668
94668 14681 85033
85033 14681 94668
9455 6607 112338
112338 6607 9455
6607 9455 112338
52814 66284 118160
118160 52814 66284
66284 52814 118160
19825 52802 67043
67043 19825 52802
52802 19825 67043
76440 38020 104487
38020 76440 104487
104487 38020 76440
42837 9135 110850
9135 42837 110850
110850 9135 42837
6560 10313 128311
128311 6560 10313
10313 6560 128311
42223 13196 14495
14495 13196 42223
13196 14495 42223
64021 27014 83832
27014 64021 83832
83832 27014 64021
136080 9284 58340
9284 58340 136080
58340 9284 136080
102389 103691 132639
132639 102389 103691
103691 102389 132639
115146 91912 111441
91912 111441 115146
111441 91912 115146
85906 5308 73281
73281 5308 85906
5308 73281 85906
9213 95424 121185
95424 9213 121185
121185 9213 95424
90177 1903 108888
108888 1903 90177
1903 90177 108888
29766 9409 41428
9409 29766 41428
41428 9409 29766
132807 87617 146406
146406 87617 132807
87617 132807 146406
127914 122773 143697
143697 122773 127914
122773 127914 143697
81772 118940 137306
118940 81772 137306
137306 81772 118940
5979 12883 116168
116168 5979 12883
12883 5979 116168
137247 52487 102087
102087 52487 137247
52487 102087 137247
144613 22256 52956
22256 52956 144613
52956 22256 144613
107612 98146 120204
120204 98146 107612
98146 107612 120204
116645 26021 130394
26021 116645 130394
130394 26021 116645
134955 36001 79688
79688 36001 134955
36001 79688 134955
4320 1384 59448
1384 4320 59448
59448 1384 4320
111309 67151 123044
123044 67151 111309
67151 111309 123044
50634 61849 121602
121602 50634 61849
61849 50634 121602
5632 57583 78736
78736 5632 57583
57583 5632 78736
74002 51045 80904
80904 51045 74002
51045 74002 80904
74681 11867 34870
11867 34870 74681
34870 11867 74681
59424 104566 108149
104566 59424 108149
108149 59424 104566
85630 31500 58975
58975 31500 85630
31500 58975 85630
31083 45732 94514
94514 31083 45732
45732 31083 94514
119297 24567 131982
24567 119297 131982
131982 24567 119297
15940 19886 55183
55183 15940 19886
19886 15940 55183
25716 11087 133063
11087 25716 133063
133063 11087 25716
35216 108569 119747
108569 35216 119747
119747 35216 108569
58422 79812 144552
144552 58422 79812
79812 58422 144552
149901 17165 137701
17165 137701 149901
137701 17165 149901
149427 82259 89738
89738 82259 149427
82259 89738 149427
141947 56561 86601
56561 86601 141947
86601 56561 141947
50763 91918 149928
91918 50763 149928
149928 50763 91918
32154 12164 109615
109615 12164 32154
12164 32154 109615
1940 8428 137276
8428 1940 137276
137276 1940 8428
52303 62457 86760
62457 52303 86760
86760 52303 62457
142426 63815 138207
63815 138207 142426
138207 63815 142426
95250 17726 124534
124534 17726 95250
17726 95250 124534
138580 30576 57807
30576 57807 138580
57807 30576 138580
141044 39739 125705
125705 39739 141044
39739 125705 141044
113390 45543 149330
45543 113390 149330
149330 45543 113390
11612 40913 144365
144365 11612 40913
40913 11612 144365
8431 33541 86720
86720 8431 33541
33541 8431 86720
72450 43023 109799
43023 72450 109799
109799 43023 72450
9520 92658 122402
122402 9520 92658
92658 9520 122402
75606 71888 106198
106198 71888 75606
71888 75606 106198
51104 78090 83059
83059 51104 78090
78090 51104 83059
18355 136100 138793
138793 18355 136100
136100 18355 138793
63066 8110 59354
8110 59354 63066
59354 8110 63066
123456 116124 147021
116124 123456 147021
147021 116124 123456
135345 21072 136423
136423 21072 135345
21072 135345 136423
11311 14294 142608
142608 11311 14294
14294 11311 142608
61668 49668 58475
58475 49668 61668
49668 58475 61668
137302 96198 120941
96198 120941 137302
120941 96198 137302
45694 13405 65990
65990 13405 45694
13405 45694 65990
36380 15442 114214
15442 36380 114214
114214 15442 36380
61935 50459 70007
50459 61935 70007
70007 50459 61935
19300 13540 132947
13540 19300 132947
132947 13540 19300
39667 8194 114634
114634 8194 39667
8194 39667 114634
74110 111904 118048
118048 74110 111904
111904 74110 118048
49557 34844 75079
75079 34844 49557
34844 49557 75079
26992 90330 120633
90330 26992 120633
120633 26992 90330
143705 12960 110363
110363 12960 143705
12960 110363 143705
131830 36037 57119
57119 36037 131830
36037 57119 131830
109529 8830 29289
29289 8830 109529
8830 29289 109529
130129 96695 126668
96695 126668 130129
126668 96695 130129
57950 26898 91826
26898 57950 91826
91826 26898 57950
111868 15307 128550
15307 111868 128550
128550 15307 111868
15875 20656 50069
20656 15875 50069
50069 15875 20656
45599 49421 51992
51992 45599 49421
49421 45599 51992
148819 47796 141286
141286 47796 148819
47796 141286 148819
6253 57762 144132
144132 6253 57762
57762 6253 144132
100696 21344 96274
21344 96274 100696
96274 21344 100696
149955 55708 67809
67809 55708 149955
55708 67809 149955
69523 46548 89855
89855 46548 69523
46548 69523 89855
14029 62137 116454
116454 14029 62137
62137 14029 116454
52188 23256 66560
66560 23256 52188
23256 52188 66560
131609 79400 120368
120368 79400 131609
79400 120368 131609
72052 6094 137598
137598 6094 72052
6094 72052 137598
39164 83378 126893
126893 39164 83378
83378 39164 126893
26927 32591 47559
47559 26927 32591
32591 26927 47559
115035 80898 116043
80898 115035 116043
116043 80898 115035
4441 8091 105760
105760 4441 8091
8091 4441 105760
90620 33707 57641
33707 57641 90620
57641 33707 90620
73158 49956 145163
49956 73158 145163
145163 49956 73158
43577 19808 136060
136060 19808 43577
19808 43577 136060
28514 111496 130487
111496 28514 130487
130487 28514 111496
91777 83507 119768
119768 83507 91777
83507 91777 119768
84489 42914 72126
72126 42914 84489
42914 72126 84489
101856 79676 112044
112044 79676 101856
79676 101856 112044
132039 51538 101518
51538 101518 132039
101518 51538 132039
90791 45323 63816
45323 63816 90791
63816 45323 90791
36097 32010 115701
32010 36097 115701
115701 32010 36097
54379 19401 109343
19401 54379 109343
109343 19401 54379
73149 29925 94560
29925 73149 94560
94560 29925 73149
68251 29481 110041
29481 68251 110041
110041 29481 68251
83288 30185 104438
104438 30185 83288
30185 83288 104438
72181 26060 69097
26060 69097 72181
69097 26060 72181
127026 81020 84791
81020 84791 127026
84791 81020 127026
78538 37589 56209
56209 37589 78538
37589 56209 78538
141684 44679 119548
44679 119548 141684
119548 44679 141684
46317 2800 110137
2800 46317 110137
110137 2800 46317
67334 20949 78708
20949 67334 78708
78708 20949 67334
25140 78796 106437
106437 25140 78796
78796 25140 106437
63718 18158 81962
81962 18158 63718
18158 63718 81962
147147 85908 104012
85908 104012 147147
104012 85908 147147
75696 82288 109412
109412 75696 82288
82288 75696 109412
38072 13236 107833
13236 38072 107833
107833 13236 38072
27219 71184 122476
122476 27219 71184
71184 27219 122476
63010 50504 53655
50504 53655 63010
53655 50504 63010
117511 51027 101684
51027 101684 117511
101684 51027 117511
65191 7548 70683
70683 7548 65191
7548 65191 70683
109333 61154 77098
61154 77098 109333
77098 61154 109333
100963 65412 140567
140567 65412 100963
65412 100963 140567
64692 7834 111670
7834 64692 111670
111670 7834 64692
67740 8478 107522
8478 67740 107522
107522 8478 67740
72402 109159 120924
109159 72402 120924
120924 72402 109159
144955 107187 148991
148991 107187 144955
107187 144955 148991
34162 30385 59787
30385 34162 59787
59787 30385 34162
45076 8867 19316
19316 8867 45076
8867 19316 45076
116901 16686 94247
94247 16686 116901
16686 94247 116901
34022 107765 147565
107765 34022 147565
147565 34022 107765
121285 48459 91017
48459 91017 121285
91017 48459 121285
125117 30860 80249
30860 80249 125117
80249 30860 125117
123596 96747 117097
117097 96747 123596
96747 117097 123596
1434 47953 71735
71735 1434 47953
47953 1434 71735
132906 1570 72891
72891 1570 132906
1570 72891 132906
132222 74088 123499
74088 123499 132222
123499 74088 132222
41100 51227 116257
116257 41100 51227
51227 41100 116257
147684 38035 145182
145182 38035 147684
38035 145182 147684
86006 75274 129483
129483 75274 86006
75274 86006 129483
137385 87066 87791
87066 87791 137385
87791 87066 137385
92715 45651 96555
45651 92715 96555
96555 45651 92715
86368 106883 136229
136229 86368 106883
106883 86368 136229
55625 54726 113733
54726 55625 113733
113733 54726 55625
149404 63818 127836
127836 63818 149404
63818 127836 149404
132 47492 76327
76327 132 47492
47492 132 76327
47285 140146 141958
140146 47285 141958
141958 47285 140146
80909 794 36824
794 36824 80909
36824 794 80909
66028 9777 133547
9777 66028 133547
133547 9777 66028
11854 1030 32556
1030 11854 32556
32556 1030 11854
58082 82783 96973
82783 58082 96973
96973 58082 82783
57657 100759 114029
114029 57657 100759
100759 57657 114029
71267 120585 148620
148620 71267 120585
120585 71267 148620
98519 82850 114314
82850 98519 114314
114314 82850 98519
114159 23351 80387
23351 80387 114159
80387 23351 114159
1065 10750 119265
119265 1065 10750
10750 1065 119265
97674 104747 128379
104747 97674 128379
128379 97674 104747
92391 75964 88422
88422 75964 92391
75964 88422 92391
123393 61521 123014
123014 61521 123393
61521 123014 123393
106466 49208 126717
49208 106466 126717
126717 49208 106466
120347 67557 124043
67557 120347 124043
124043 67557 120347
119210 53691 102706
102706 53691 119210
53691 102706 119210
85324 3397 68192
68192 3397 85324
3397 68192 85324
54438 86703 87827
86703 54438 87827
87827 54438 86703
2889 18832 101924
18832 2889 101924
101924 2889 18832
115281 17157 36852
17157 36852 115281
36852 17157 115281
980 57617 123769
57617 980 123769
123769 980 57617
66767 40025 78546
78546 40025 66767
40025 66767 78546
21271 99129 131956
99129 21271 131956
131956 21271 99129
70866 26693 50013
26693 50013 70866
50013 26693 70866
92393 80429 144295
144295 80429 92393
80429 92393 144295
61118 50561 123763
50561 61118 123763
123763 50561 61118
129935 38928 73795
38928 73795 129935
73795 38928 129935
86338 22343 41700
22343 41700 86338
41700 22343 86338
47511 37894 89604
89604 37894 47511
37894 47511 89604
139008 18214 104142
18214 104142 139008
104142 18214 139008
68919 3472 66282
3472 66282 68919
66282 3472 68919
145342 13253 61741
61741 13253 145342
13253 61741 145342
117781 33046 79698
79698 33046 117781
33046 79698 117781
74534 24622 102990
24622 74534 102990
102990 24622 74534
9745 1905 149600
149600 1905 9745
1905 9745 149600
67047 27172 69303
27172 67047 69303
69303 27172 67047
123445 132115 143835
132115 123445 143835
143835 123445 132115
122933 110469 125063
125063 110469 122933
110469 122933 125063
11159 24895 94604
24895 11159 94604
94604 11159 24895
140614 77257 105768
77257 105768 140614
105768 77257 140614
110530 38997 46432
38997 46432 110530
46432 38997 110530
105087 33559 65118
65118 33559 105087
33559 65118 105087
85110 41275 46130
41275 46130 85110
46130 41275 85110
67469 77616 116338
116338 67469 77616
77616 67469 116338
55150 8663 32945
8663 32945 55150
32945 8663 55150
140747 71213 133427
133427 71213 140747
71213 133427 140747
141308 9832 57544
9832 57544 141308
57544 9832 141308
12420 10826 57138
10826 12420 57138
57138 10826 12420
128179 975 32593
32593 975 128179
975 32593 128179
54087 17268 32066
32066 17268 54087
17268 32066 54087
105050 76356 129013
76356 105050 129013
129013 76356 105050
33386 104116 121927
104116 33386 121927
121927 33386 104116
125470 112609 123676
123676 112609 125470
112609 123676 125470
144541 82464 115968
115968 82464 144541
82464 115968 144541
27548 32553 65327
65327 27548 32553
32553 27548 65327
90669 28869 113362
113362 28869 90669
28869 90669 113362
99885 65980 125727
65980 99885 125727
125727 65980 99885
17293 32472 72374
72374 17293 32472
32472 17293 72374
55676 103391 148251
103391 55676 148251
148251 55676 103391
138402 45789 78035
45789 78035 138402
78035 45789 138402
59641 68003 79368
79368 59641 68003
68003 59641 79368
33165 2455 107953
2455 33165 107953
107953 2455 33165
25611 131822 139569
131822 25611 139569
139569 25611 131822
127604 4211 88498
4211 88498 127604
88498 4211 127604
48452 77780 145140
145140 48452 77780
77780 48452 145140
137656 53745 85604
53745 85604 137656
85604 53745 137656
113919 27198 79103
79103 27198 113919
27198 79103 113919
66862 65551 133489
133489 65551 66862
65551 66862 133489
103469 96909 126058
126058 96909 103469
96909 103469 126058
74922 13040 63996
63996 13040 74922
13040 63996 74922
104907 81241 137148
81241 104907 137148
137148 81241 104907
59922 14722 22391
14722 22391 59922
22391 14722 59922
66950 106175 106908
106908 66950 106175
106175 66950 106908
129434 69053 78382
78382 69053 129434
69053 78382 129434
78978 11720 108136
11720 78978 108136
108136 11720 78978
49100 91135 146035
146035 49100 91135
91135 49100 146035
55027 133859 139771
133859 55027 139771
139771 55027 133859
130759 5663 124020
5663 124020 130759
124020 5663 130759
129400 2863 123825
2863 123825 129400
123825 2863 129400
431 27693 125334
125334 431 27693
27693 431 125334
36070 23977 69057
69057 23977 36070
23977 36070 69057
141145 8570 147520
8570 141145 147520
147520 8570 141145
63586 36887 69934
36887 63586 69934
69934 36887 63586
126837 85182 108867
108867 85182 126837
85182 108867 126837
101457 117152 142337
142337 101457 117152
117152 101457 142337
117124 28107 77906
77906 28107 117124
28107 77906 117124
73566 11671 20491
20491 11671 73566
11671 20491 73566
47731 30 80504
30 47731 80504
80504 30 47731
5477 3879 48648
48648 3879 5477
3879 5477 48648
37696 55962 99613
55962 37696 99613
99613 37696 55962
66839 96321 148424
148424 66839 96321
96321 66839 148424
5449 96570 114252
114252 5449 96570
96570 5449 114252
21425 55500 134806
134806 21425 55500
55500 21425 134806
1003 17961 81385
81385 1003 17961
17961 1003 81385
104667 4972 112050
112050 4972 104667
4972 104667 112050
89772 88410 120580
120580 88410 89772
88410 89772 120580
149091 36278 70486
36278 70486 149091
70486 36278 149091
124443 44537 114276
114276 44537 124443
44537 114276 124443
12398 12111 24699
24699 12111 12398
12111 12398 24699
89042 5706 9763
9763 5706 89042
5706 9763 89042
102009 86416 125636
86416 102009 125636
125636 86416 102009
117856 92409 112656
92409 112656 117856
112656 92409 117856
34139 29066 120574
29066 34139 120574
120574 29066 34139
135164 24403 127189
24403 127189 135164
127189 24403 135164
139547 1783 53498
1783 53498 139547
53498 1783 139547
116049 42875 148110
42875 116049 148110
148110 42875 116049
108285 63020 115245
115245 63020 108285
63020 108285 115245
83087 8469 145062
145062 8469 83087
8469 83087 145062
96761 43280 91192
43280 91192 96761
91192 43280 96761
490 56317 141611
56317 490 141611
141611 490 56317
110808 65151 98818
65151 98818 110808
98818 65151 110808
3105 40841 119435
119435 3105 40841
40841 3105 119435
73585 21552 109150
109150 21552 73585
21552 73585 109150
54591 22350 70270
70270 22350 54591
22350 54591 70270
42925 61004 63989
61004 42925 63989
63989 42925 61004
5791 43932 135412
43932 5791 135412
135412 5791 43932
91801 92114 93572
92114 91801 93572
93572 91801 92114
47569 2081 105282
105282 2081 47569
2081 47569 105282
55415 63975 124574
124574 55415 63975
63975 55415 124574
16974 20167 23956
23956 16974 20167
20167 16974 23956
38382 110223 140078
140078 38382 110223
110223 38382 140078
105791 80893 104183
80893 104183 105791
104183 80893 105791
101910 124112 125469
125469 101910 124112
124112 101910 125469
86804 15103 95118
15103 86804 95118
95118 15103 86804
128724 69300 110255
69300 110255 128724
110255 69300 128724
17801 95913 134877
95913 17801 134877
134877 17801 95913
2523 60585 119810
119810 2523 60585
60585 2523 119810
32895 88093 143310
88093 32895 143310
143310 32895 88093
61289 20836 79507
79507 20836 61289
20836 61289 79507
115751 71138 88608
71138 88608 115751
88608 71138 115751
60239 95319 95796
95319 60239 95796
95796 60239 95319
62911 94745 133417
94745 62911 133417
133417 62911 94745
103786 3516 92947
92947 3516 103786
3516 92947 103786
5000 27313 70315
27313 5000 70315
70315 5000 27313
117583 27023 76223
