116123 24732 63888
63888 24732 116123
24732 63888 116123
125941 3470 47366
47366 3470 125941
3470 47366 125941
12 15443 98925
98925 12 15443
15443 12 98925
42342 94557 132957
94557 42342 132957
132957 42342 94557
7618 39449 77967
39449 7618 77967
77967 7618 39449
109480 43447 147989
147989 43447 109480
43447 109480 147989
119513 45868 53254
45868 53254 119513
53254 45868 119513
6368 33323 133194
133194 6368 33323
33323 6368 133194
79328 34703 77264
77264 34703 79328
34703 77264 79328
31045 108420 128473
128473 31045 108420
108420 31045 128473
107004 5417 60996
60996 5417 107004
5417 60996 107004
140819 1371 60165
60165 1371 140819
1371 60165 140819
109327 2943 66679
66679 2943 109327
2943 66679 109327
26932 60433 100224
60433 26932 100224
100224 26932 60433
100631 45961 72266
45961 72266 100631
72266 45961 100631
17157 78094 146716
146716 17157 78094
78094 17157 146716
136501 11559 95569
95569 11559 136501
11559 95569 136501
95613 63333 143567
63333 95613 143567
143567 63333 95613
7373 17230 18223
18223 7373 17230
17230 7373 18223
97417 106332 129627
129627 97417 106332
106332 97417 129627
120454 48184 105399
48184 105399 120454
105399 48184 120454
22557 24177 98668
24177 22557 98668
98668 22557 24177
1390 22763 76886
76886 1390 22763
22763 1390 76886
37842 54029 120185
120185 37842 54029
54029 37842 120185
135228 21635 127412
127412 21635 135228
21635 127412 135228
105966 15161 124787
124787 15161 105966
15161 105966 124787
74520 48234 93733
93733 48234 74520
48234 74520 93733
42446 21265 97420
21265 42446 97420
97420 21265 42446
52411 9145 27339
27339 9145 52411
9145 27339 52411
96573 86565 115190
115190 86565 96573
86565 96573 115190
123094 26350 57341
26350 57341 123094
57341 26350 123094
32266 38127 111152
38127 32266 111152
111152 32266 38127
119384 104834 148230
104834 119384 148230
148230 104834 119384
80238 33847 79838
79838 33847 80238
33847 79838 80238
97011 51642 144516
51642 97011 144516
144516 51642 97011
64678 1128 46140
46140 1128 64678
1128 46140 64678
76065 6819 136667
136667 6819 76065
6819 76065 136667
96278 48299 116469
48299 96278 116469
116469 48299 96278
105907 9348 17093
17093 9348 105907
9348 17093 105907
107255 42656 106664
106664 42656 107255
42656 106664 107255
66280 69469 122131
69469 66280 122131
122131 66280 69469
90531 33060 105660
33060 90531 105660
105660 33060 90531
102870 32107 77266
77266 32107 102870
32107 77266 102870
146366 96081 148579
96081 146366 148579
148579 96081 146366
119803 97649 141338
141338 97649 119803
97649 119803 141338
94287 53473 90971
53473 90971 94287
90971 53473 94287
10384 79306 123558
79306 10384 123558
123558 10384 79306
125453 52954 112699
52954 112699 125453
112699 52954 125453
116344 99305 111153
99305 111153 116344
111153 99305 116344
145522 42599 99132
99132 42599 145522
42599 99132 145522
76802 86676 109814
86676 76802 109814
109814 76802 86676
119982 109231 121610
109231 119982 121610
121610 109231 119982
28752 69830 94871
69830 28752 94871
94871 28752 69830
64534 29891 51927
51927 29891 64534
29891 51927 64534
102556 81073 99266
81073 99266 102556
99266 81073 102556
132327 26125 91889
91889 26125 132327
26125 91889 132327
61166 28774 94879
28774 61166 94879
94879 28774 61166
56640 39656 132139
132139 39656 56640
39656 56640 132139
131081 66885 135026
66885 131081 135026
135026 66885 131081
26965 88980 138473
88980 26965 138473
138473 26965 88980
36472 4102 59450
59450 4102 36472
4102 36472 59450
89712 19906 129759
129759 19906 89712
19906 89712 129759
106167 27285 108413
108413 27285 106167
27285 106167 108413
5224 103097 123031
123031 5224 103097
103097 5224 123031
23378 24081 143429
143429 23378 24081
24081 23378 143429
67393 57068 94892
57068 67393 94892
94892 57068 67393
100478 15606 119465
119465 15606 100478
15606 100478 119465
75874 54643 71571
71571 54643 75874
54643 71571 75874
97382 2840 18005
18005 2840 97382
2840 18005 97382
61274 73925 136600
136600 61274 73925
73925 61274 136600
20501 8780 148449
8780 20501 148449
148449 8780 20501
43369 40774 107274
40774 43369 107274
107274 40774 43369
67759 28652 105431
105431 28652 67759
28652 67759 105431
27720 44489 83645
83645 27720 44489
44489 27720 83645
16077 111534 143613
111534 16077 143613
143613 16077 111534
89903 57327 64661
64661 57327 89903
57327 64661 89903
62066 11572 103277
103277 11572 62066
11572 62066 103277
92731 79526 96368
79526 92731 96368
96368 79526 92731
94449 51954 134461
51954 94449 134461
134461 51954 94449
24832 89184 108414
89184 24832 108414
108414 24832 89184
33561 172 109072
172 33561 109072
109072 172 33561
60240 50675 122408
50675 60240 122408
122408 50675 60240
55248 6479 37943
6479 37943 55248
37943 6479 55248
96296 87732 117522
117522 87732 96296
87732 96296 117522
137234 50736 66135
50736 66135 137234
66135 50736 137234
138511 51118 115038
115038 51118 138511
51118 115038 138511
3488 112716 122268
112716 3488 122268
122268 3488 112716
137915 133205 141767
141767 133205 137915
133205 137915 141767
40686 57155 59831
57155 40686 59831
59831 40686 57155
30945 21027 146305
146305 21027 30945
21027 30945 146305
18301 120612 130635
130635 18301 120612
120612 18301 130635
64206 12505 20224
12505 20224 64206
20224 12505 64206
130725 2974 25884
2974 25884 130725
25884 2974 130725
143025 65230 135911
65230 135911 143025
135911 65230 143025
31483 49454 83752
49454 31483 83752
83752 31483 49454
120553 123702 135232
123702 120553 135232
135232 120553 123702
40670 43429 107091
107091 40670 43429
43429 40670 107091
75935 29012 60697
60697 29012 75935
29012 60697 75935
138633 47483 85303
85303 47483 138633
47483 85303 138633
112668 47688 81826
47688 81826 112668
81826 47688 112668
60632 70382 130860
130860 60632 70382
70382 60632 130860
27966 133505 140028
140028 27966 133505
133505 27966 140028
17359 85578 95969
85578 17359 95969
95969 17359 85578
40099 93103 140314
140314 40099 93103
93103 40099 140314
78564 4563 148528
4563 78564 148528
148528 4563 78564
111428 59623 135276
59623 111428 135276
135276 59623 111428
74476 104416 139866
139866 74476 104416
104416 74476 139866
30709 41403 107950
41403 30709 107950
107950 30709 41403
121966 11260 117165
11260 117165 121966
117165 11260 121966
51074 14044 66199
66199 14044 51074
14044 51074 66199
141673 19711 97173
97173 19711 141673
19711 97173 141673
113155 11890 149040
149040 11890 113155
11890 113155 149040
36323 9691 71627
71627 9691 36323
9691 36323 71627
128841 60311 115747
115747 60311 128841
60311 115747 128841
18516 16939 105083
105083 16939 18516
16939 18516 105083
117443 12393 67566
67566 12393 117443
12393 67566 117443
52678 67437 68414
68414 52678 67437
67437 52678 68414
63973 60443 97433
60443 63973 97433
97433 60443 63973
90608 91843 95513
91843 90608 95513
95513 90608 91843
43754 50658 50985
50658 43754 50985
50985 43754 50658
93268 112491 142276
112491 93268 142276
142276 93268 112491
13428 31476 133278
133278 13428 31476
31476 13428 133278
145438 9983 131239
131239 9983 145438
9983 131239 145438
122429 24787 52532
24787 52532 122429
52532 24787 122429
59588 298 111724
111724 298 59588
298 59588 111724
29137 8578 23161
23161 8578 29137
8578 23161 29137
62974 23209 66001
66001 23209 62974
23209 62974 66001
130651 34235 71818
71818 34235 130651
34235 71818 130651
123472 85068 123689
85068 123472 123689
123689 85068 123472
29477 56109 139953
139953 29477 56109
56109 29477 139953
60755 68187 141963
141963 60755 68187
68187 60755 141963
8072 4478 48075
4478 8072 48075
48075 4478 8072
66138 14174 47838
47838 14174 66138
14174 47838 66138
8547 36803 92920
92920 8547 36803
36803 8547 92920
36816 77083 142166
142166 36816 77083
77083 36816 142166
86038 29947 139011
29947 86038 139011
139011 29947 86038
98417 95932 141764
95932 98417 141764
141764 95932 98417
79788 25589 90866
90866 25589 79788
25589 79788 90866
25282 90187 102531
90187 25282 102531
102531 25282 90187
78707 25847 89077
25847 78707 89077
89077 25847 78707
20343 32883 74983
32883 20343 74983
74983 20343 32883
12262 71974 78263
71974 12262 78263
78263 12262 71974
91845 61890 98559
98559 61890 91845
61890 91845 98559
49786 33586 46648
33586 46648 49786
46648 33586 49786
35752 59232 124177
59232 35752 124177
124177 35752 59232
85963 10660 22687
10660 22687 85963
22687 10660 85963
75722 102992 111601
102992 75722 111601
111601 75722 102992
91559 57553 90523
57553 90523 91559
90523 57553 91559
117802 63252 66296
63252 66296 117802
66296 63252 117802
56325 18591 31582
31582 18591 56325
18591 31582 56325
122741 67122 69943
67122 69943 122741
69943 67122 122741
1794 21003 39898
21003 1794 39898
39898 1794 21003
122144 60478 89868
89868 60478 122144
60478 89868 122144
62752 83170 100105
100105 62752 83170
83170 62752 100105
129117 34679 74353
74353 34679 129117
34679 74353 129117
81670 122682 133846
133846 81670 122682
122682 81670 133846
27344 57710 76828
76828 27344 57710
57710 27344 76828
135432 44619 61930
61930 44619 135432
44619 61930 135432
134923 68932 86990
86990 68932 134923
68932 86990 134923
135896 89954 148847
148847 89954 135896
89954 135896 148847
57875 4858 101485
4858 57875 101485
101485 4858 57875
23254 18770 70483
70483 18770 23254
18770 23254 70483
25711 76609 105466
105466 25711 76609
76609 25711 105466
75193 137299 145145
137299 75193 145145
145145 75193 137299
60393 52944 69578
69578 52944 60393
52944 60393 69578
38954 125555 143849
143849 38954 125555
125555 38954 143849
22500 76966 115205
76966 22500 115205
115205 22500 76966
121497 39714 144270
39714 121497 144270
144270 39714 121497
54634 55893 88589
88589 54634 55893
55893 54634 88589
51994 26338 84762
84762 26338 51994
26338 51994 84762
81647 57368 147497
147497 57368 81647
57368 81647 147497
105563 47645 104101
47645 104101 105563
104101 47645 105563
146007 27294 67724
27294 67724 146007
67724 27294 146007
98272 142876 145684
145684 98272 142876
142876 98272 145684
134130 117993 145929
117993 134130 145929
145929 117993 134130
52879 5225 49534
49534 5225 52879
5225 49534 52879
88639 64305 67806
67806 64305 88639
64305 67806 88639
25828 33873 88096
33873 25828 88096
88096 25828 33873
5446 93771 102103
93771 5446 102103
102103 5446 93771
142031 63842 86622
86622 63842 142031
63842 86622 142031
94551 1513 18491
1513 18491 94551
18491 1513 94551
138487 46278 54383
46278 54383 138487
54383 46278 138487
33615 23417 126284
126284 23417 33615
23417 33615 126284
95910 22345 99126
22345 95910 99126
99126 22345 95910
9942 76692 81799
76692 9942 81799
81799 9942 76692
148367 6737 92945
92945 6737 148367
6737 92945 148367
2789 6369 56755
6369 2789 56755
56755 2789 6369
20610 17662 51641
17662 20610 51641
51641 17662 20610
110526 94078 145586
145586 94078 110526
94078 110526 145586
66396 75723 94864
94864 66396 75723
75723 66396 94864
66093 89993 105124
105124 66093 89993
89993 66093 105124
2673 11582 142403
142403 2673 11582
11582 2673 142403
100368 72592 141709
141709 72592 100368
72592 100368 141709
136010 14886 131620
14886 131620 136010
131620 14886 136010
105505 85201 120254
85201 105505 120254
120254 85201 105505
34848 8389 145694
145694 8389 34848
8389 34848 145694
42051 12455 63253
12455 42051 63253
63253 12455 42051
63430 81463 105812
105812 63430 81463
81463 63430 105812
91366 109996 120317
109996 91366 120317
120317 91366 109996
23966 17227 68458
68458 17227 23966
17227 23966 68458
9726 16567 111641
16567 9726 111641
111641 9726 16567
28981 97650 117655
97650 28981 117655
117655 28981 97650
55129 45296 82882
82882 45296 55129
45296 55129 82882
101258 80003 129558
129558 80003 101258
80003 101258 129558
74511 6539 52117
6539 52117 74511
52117 6539 74511
107879 28239 82048
82048 28239 107879
28239 82048 107879
44513 73395 122428
122428 44513 73395
73395 44513 122428
103509 14151 31830
14151 31830 103509
31830 14151 103509
49287 58074 93895
58074 49287 93895
93895 49287 58074
28796 110547 116381
110547 28796 116381
116381 28796 110547
7049 13509 24343
24343 7049 13509
13509 7049 24343
22765 43710 86330
43710 22765 86330
86330 22765 43710
97993 28477 118811
118811 28477 97993
28477 97993 118811
79409 121225 147845
147845 79409 121225
121225 79409 147845
97038 13252 127429
127429 13252 97038
13252 97038 127429
68999 78051 114113
78051 68999 114113
114113 68999 78051
78407 15388 104277
104277 15388 78407
15388 78407 104277
2489 37177 110310
110310 2489 37177
37177 2489 110310
140540 144904 148117
148117 140540 144904
144904 140540 148117
106008 103743 126505
126505 103743 106008
103743 106008 126505
80467 31502 88083
88083 31502 80467
31502 80467 88083
136938 53634 116583
116583 53634 136938
53634 116583 136938
33456 14385 49943
14385 33456 49943
49943 14385 33456
81090 103825 108120
103825 81090 108120
108120 81090 103825
98293 39797 51348
51348 39797 98293
39797 51348 98293
87030 7816 10401
10401 7816 87030
7816 10401 87030
51363 114199 142890
114199 51363 142890
142890 51363 114199
114719 78893 122903
122903 78893 114719
78893 114719 122903
148873 7523 19750
7523 19750 148873
19750 7523 148873
30759 20841 38004
20841 30759 38004
38004 20841 30759
33576 101161 145255
101161 33576 145255
145255 33576 101161
53374 49308 105281
49308 53374 105281
105281 49308 53374
149316 90149 127554
127554 90149 149316
90149 127554 149316
96706 598 95237
95237 598 96706
598 95237 96706
101213 7631 75891
7631 75891 101213
75891 7631 101213
124435 54240 138975
138975 54240 124435
54240 124435 138975
75756 40726 106759
40726 75756 106759
106759 40726 75756
12897 80327 111511
111511 12897 80327
80327 12897 111511
107797 75478 129848
129848 75478 107797
75478 107797 129848
51862 6015 34965
34965 6015 51862
6015 34965 51862
82437 27773 77618
27773 77618 82437
77618 27773 82437
19844 82322 129039
129039 19844 82322
82322 19844 129039
105506 38930 122402
38930 105506 122402
122402 38930 105506
52381 16590 61788
16590 52381 61788
61788 16590 52381
51196 69121 108211
108211 51196 69121
69121 51196 108211
28352 10565 12041
12041 10565 28352
10565 12041 28352
70458 78814 97494
78814 70458 97494
97494 70458 78814
13467 31113 128218
128218 13467 31113
31113 13467 128218
130834 61088 72512
72512 61088 130834
61088 72512 130834
19817 46386 90291
90291 19817 46386
46386 19817 90291
88545 126653 133291
126653 88545 133291
133291 88545 126653
94590 93051 103663
93051 94590 103663
103663 93051 94590
136703 56598 89463
56598 89463 136703
89463 56598 136703
84179 7927 9204
7927 9204 84179
9204 7927 84179
45210 23552 123785
23552 45210 123785
123785 23552 45210
20282 74676 132243
74676 20282 132243
132243 20282 74676
53594 64170 102236
64170 53594 102236
102236 53594 64170
83244 5368 141848
141848 5368 83244
5368 83244 141848
65531 3310 59572
59572 3310 65531
3310 59572 65531
80757 18407 90049
18407 80757 90049
90049 18407 80757
73810 20700 39959
39959 20700 73810
20700 39959 73810
15164 58369 71190
58369 15164 71190
71190 15164 58369
66844 76542 142752
142752 66844 76542
76542 66844 142752
119390 92648 112938
92648 112938 119390
112938 92648 119390
73375 68736 92717
92717 68736 73375
68736 73375 92717
64061 18514 47636
47636 18514 64061
18514 47636 64061
87612 27993 30527
30527 27993 87612
27993 30527 87612
57070 4079 25354
25354 4079 57070
4079 25354 57070
19392 95682 107065
95682 19392 107065
107065 19392 95682
84043 50154 59930
50154 59930 84043
59930 50154 84043
74011 59418 86760
86760 59418 74011
59418 74011 86760
129538 64019 136747
64019 129538 136747
136747 64019 129538
110658 30951 102887
30951 102887 110658
102887 30951 110658
5449 37869 66860
37869 5449 66860
66860 5449 37869
67223 60682 93472
93472 60682 67223
60682 67223 93472
109644 41027 97148
97148 41027 109644
41027 97148 109644
109526 29240 59031
59031 29240 109526
29240 59031 109526
89600 10190 78650
78650 10190 89600
10190 78650 89600
131117 94905 127850
127850 94905 131117
94905 127850 131117
60597 44941 116939
44941 60597 116939
116939 44941 60597
3643 30078 78532
78532 3643 30078
30078 3643 78532
91029 119765 140106
119765 91029 140106
140106 91029 119765
84776 126665 149556
126665 84776 149556
149556 84776 126665
77625 126664 127472
126664 77625 127472
127472 77625 126664
85228 28307 76997
28307 76997 85228
76997 28307 85228
37690 108339 129465
129465 37690 108339
108339 37690 129465
98790 23024 130791
23024 98790 130791
130791 23024 98790
112581 133851 139931
133851 112581 139931
139931 112581 133851
53026 580 97605
580 53026 97605
97605 580 53026
149754 67783 101903
101903 67783 149754
67783 101903 149754
44026 60016 85728
60016 44026 85728
85728 44026 60016
106536 56759 60895
56759 60895 106536
60895 56759 106536
74124 145098 148426
148426 74124 145098
145098 74124 148426
40548 50535 66413
66413 40548 50535
50535 40548 66413
3639 97172 130332
97172 3639 130332
130332 3639 97172
120169 37181 72827
72827 37181 120169
37181 72827 120169
136886 101488 143275
101488 136886 143275
143275 101488 136886
112684 50059 66419
66419 50059 112684
50059 66419 112684
87991 63096 148020
148020 63096 87991
63096 87991 148020
92820 43763 43906
43906 43763 92820
43763 43906 92820
128252 72146 83127
72146 83127 128252
83127 72146 128252
21730 4021 97035
4021 21730 97035
97035 4021 21730
146813 49890 143621
49890 143621 146813
143621 49890 146813
143145 38350 89658
89658 38350 143145
38350 89658 143145
84577 30873 35400
30873 35400 84577
35400 30873 84577
37849 6864 140359
140359 6864 37849
6864 37849 140359
52186 46103 133904
46103 52186 133904
133904 46103 52186
63395 67865 83893
83893 63395 67865
67865 63395 83893
98237 99850 103001
103001 98237 99850
99850 98237 103001
98638 56221 149787
149787 56221 98638
56221 98638 149787
5991 47638 78997
47638 5991 78997
78997 5991 47638
53209 3672 12278
3672 12278 53209
12278 3672 53209
22030 46553 83227
46553 22030 83227
83227 22030 46553
59485 130138 140057
130138 59485 140057
140057 59485 130138
144410 14127 95827
14127 95827 144410
95827 14127 144410
119431 28166 72814
72814 28166 119431
28166 72814 119431
24871 31783 37492
31783 24871 37492
37492 24871 31783
64519 18181 27668
27668 18181 64519
18181 27668 64519
14591 57844 127628
57844 14591 127628
127628 14591 57844
105105 45674 141802
141802 45674 105105
45674 105105 141802
114828 37058 144684
37058 114828 144684
144684 37058 114828
49973 39595 75566
75566 39595 49973
39595 49973 75566
74266 33853 42775
42775 33853 74266
33853 42775 74266
79631 45889 85874
45889 79631 85874
85874 45889 79631
64907 34977 71176
71176 34977 64907
34977 64907 71176
36769 36066 42856
42856 36066 36769
36066 36769 42856
85429 45324 81924
45324 81924 85429
81924 45324 85429
36787 22078 149898
149898 22078 36787
22078 36787 149898
130052 69655 99330
69655 99330 130052
99330 69655 130052
20938 81660 147930
81660 20938 147930
147930 20938 81660
80736 50211 125576
125576 50211 80736
50211 80736 125576
92594 34667 76103
76103 34667 92594
34667 76103 92594
58551 22317 139108
22317 58551 139108
139108 22317 58551
12312 40580 122028
40580 12312 122028
122028 12312 40580
106428 20243 137456
137456 20243 106428
20243 106428 137456
6834 8173 89277
89277 6834 8173
8173 6834 89277
47025 60002 133619
133619 47025 60002
60002 47025 133619
101184 28451 31808
31808 28451 101184
28451 31808 101184
116969 6786 52704
6786 52704 116969
52704 6786 116969
90938 75622 137538
137538 75622 90938
75622 90938 137538
42152 10253 100566
100566 10253 42152
10253 42152 100566
31135 55003 103465
55003 31135 103465
103465 31135 55003
113259 37605 51543
51543 37605 113259
37605 51543 113259
14658 32863 132311
32863 14658 132311
132311 14658 32863
60274 2119 68233
68233 2119 60274
2119 60274 68233
68443 88268 127721
127721 68443 88268
88268 68443 127721
39174 67071 139326
139326 39174 67071
67071 39174 139326
51260 14919 46921
46921 14919 51260
14919 46921 51260
71404 69190 107345
107345 69190 71404
69190 71404 107345
128866 51501 53032
53032 51501 128866
51501 53032 128866
89012 26022 112044
112044 26022 89012
26022 89012 112044
22796 126274 126309
126274 22796 126309
126309 22796 126274
115831 52182 141009
52182 115831 141009
141009 52182 115831
75732 10141 110439
10141 75732 110439
110439 10141 75732
29920 19661 88858
88858 19661 29920
19661 29920 88858
11384 51758 117813
117813 11384 51758
51758 11384 117813
22395 52010 81880
81880 22395 52010
52010 22395 81880
46755 89757 119133
119133 46755 89757
89757 46755 119133
16652 41308 45936
41308 16652 45936
45936 16652 41308
94977 4617 54583
54583 4617 94977
4617 54583 94977
20363 73809 93995
73809 20363 93995
93995 20363 73809
138489 30686 39142
39142 30686 138489
30686 39142 138489
120119 38204 90606
90606 38204 120119
38204 90606 120119
127015 8422 142388
8422 127015 142388
142388 8422 127015
49573 36280 100286
100286 36280 49573
36280 49573 100286
130337 42798 142246
42798 130337 142246
142246 42798 130337
49823 44951 141355
141355 44951 49823
44951 49823 141355
52747 100774 135599
135599 52747 100774
100774 52747 135599
88844 19549 143184
19549 88844 143184
143184 19549 88844
31372 39040 111070
39040 31372 111070
111070 31372 39040
142121 36418 63243
36418 63243 142121
63243 36418 142121
66732 92469 122773
122773 66732 92469
92469 66732 122773
133166 31469 61351
31469 61351 133166
61351 31469 133166
39801 7285 142835
142835 7285 39801
7285 39801 142835
84792 45481 148276
45481 84792 148276
148276 45481 84792
96157 4513 142989
4513 96157 142989
142989 4513 96157
140982 25078 62903
62903 25078 140982
25078 62903 140982
21399 41394 79925
79925 21399 41394
41394 21399 79925
24838 22575 113898
22575 24838 113898
113898 22575 24838
88466 66864 146357
146357 66864 88466
66864 88466 146357
131729 99314 108628
99314 108628 131729
108628 99314 131729
67069 1550 130902
130902 1550 67069
1550 67069 130902
140230 66612 89178
66612 89178 140230
89178 66612 140230
4721 14242 77283
77283 4721 14242
14242 4721 77283
17299 8954 108302
108302 8954 17299
8954 17299 108302
72529 94528 122516
94528 72529 122516
122516 72529 94528
27226 64422 141758
141758 27226 64422
64422 27226 141758
21478 108189 124582
124582 21478 108189
108189 21478 124582
71728 45059 137650
45059 71728 137650
137650 45059 71728
15254 52924 53617
53617 15254 52924
52924 15254 53617
109054 137141 142420
137141 109054 142420
142420 109054 137141
49211 57984 136267
57984 49211 136267
136267 49211 57984
117731 29085 39736
29085 39736 117731
39736 29085 117731
109905 92285 118052
92285 109905 118052
118052 92285 109905
117920 36548 143961
143961 36548 117920
36548 117920 143961
139031 64181 142214
64181 139031 142214
142214 64181 139031
70291 19084 73268
73268 19084 70291
19084 70291 73268
90985 54092 84821
84821 54092 90985
54092 84821 90985
54106 6122 96329
96329 6122 54106
6122 54106 96329
103329 78991 141975
141975 78991 103329
78991 103329 141975
19436 58424 98717
58424 19436 98717
98717 19436 58424
4686 100601 127344
127344 4686 100601
100601 4686 127344
70743 52070 99046
52070 70743 99046
99046 52070 70743
9138 62096 101013
101013 9138 62096
62096 9138 101013
143902 31493 110644
110644 31493 143902
31493 110644 143902
12838 23289 68914
23289 12838 68914
68914 12838 23289
23745 91368 146326
146326 23745 91368
91368 23745 146326
122611 124254 148897
148897 122611 124254
124254 122611 148897
129019 55785 91314
91314 55785 129019
55785 91314 129019
58454 47951 108064
47951 58454 108064
108064 47951 58454
115561 58419 74042
58419 74042 115561
74042 58419 115561
137524 54691 138319
138319 54691 137524
54691 137524 138319
82270 85023 106224
85023 82270 106224
106224 82270 85023
69094 94058 100959
94058 69094 100959
100959 69094 94058
90501 91011 121472
91011 90501 121472
121472 90501 91011
59273 37539 86919
37539 59273 86919
86919 37539 59273
145515 3502 15095
15095 3502 145515
3502 15095 145515
37931 68433 139380
68433 37931 139380
139380 37931 68433
142405 1181 58656
1181 58656 142405
58656 1181 142405
57667 19201 131377
131377 19201 57667
19201 57667 131377
132279 104607 120428
120428 104607 132279
104607 120428 132279
64335 50500 79398
50500 64335 79398
79398 50500 64335
5070 2478 99468
2478 5070 99468
99468 2478 5070
94767 73328 148615
73328 94767 148615
148615 73328 94767
140502 84632 118312
118312 84632 140502
84632 118312 140502
80324 8115 42679
8115 42679 80324
42679 8115 80324
42801 78694 130344
130344 42801 78694
78694 42801 130344
119366 28738 135013
135013 28738 119366
28738 119366 135013
85311 7586 87546
7586 85311 87546
87546 7586 85311
30750 1739 68331
68331 1739 30750
1739 30750 68331
34296 80140 114019
80140 34296 114019
114019 34296 80140
16624 12807 69507
12807 16624 69507
69507 12807 16624
122280 44979 51460
51460 44979 122280
44979 51460 122280
123739 63012 130934
63012 123739 130934
130934 63012 123739
63801 5542 71491
71491 5542 63801
5542 63801 71491
38562 16826 73460
73460 16826 38562
16826 38562 73460
47897 8025 27171
8025 27171 47897
27171 8025 47897
90169 48151 60764
60764 48151 90169
48151 60764 90169
47139 22048 64709
22048 47139 64709
64709 22048 47139
122207 48882 95745
95745 48882 122207
48882 95745 122207
35167 39800 119480
39800 35167 119480
119480 35167 39800
112726 81404 118003
118003 81404 112726
81404 112726 118003
74002 4012 21368
4012 21368 74002
21368 4012 74002
43358 6828 121466
6828 43358 121466
121466 6828 43358
92186 64240 117239
117239 64240 92186
64240 92186 117239
38372 100806 135454
135454 38372 100806
100806 38372 135454
43174 49975 107107
49975 43174 107107
107107 43174 49975
143091 129217 133042
129217 133042 143091
133042 129217 143091
113468 42638 137508
137508 42638 113468
42638 113468 137508
32399 45069 83688
83688 32399 45069
45069 32399 83688
89830 29770 30353
30353 29770 89830
29770 30353 89830
3523 4762 71070
4762 3523 71070
71070 3523 4762
26875 26922 98684
98684 26875 26922
26922 26875 98684
48675 130597 141245
130597 48675 141245
141245 48675 130597
51148 11647 83133
11647 51148 83133
83133 11647 51148
71447 21753 122506
21753 71447 122506
122506 21753 71447
96656 679 68408
679 68408 96656
68408 679 96656
116992 87144 112557
112557 87144 116992
87144 112557 116992
18987 49414 109448
109448 18987 49414
49414 18987 109448
31470 140210 143587
143587 31470 140210
140210 31470 143587
77644 66751 139390
139390 66751 77644
66751 77644 139390
131363 72109 102149
72109 102149 131363
102149 72109 131363
47911 86697 121439
121439 47911 86697
86697 47911 121439
132953 53856 119658
119658 53856 132953
53856 119658 132953
68181 959 39941
959 39941 68181
39941 959 68181
134395 53146 65726
65726 53146 134395
53146 65726 134395
80230 80674 94959
80674 80230 94959
94959 80230 80674
2896 47301 109875
47301 2896 109875
109875 2896 47301
128662 123080 124433
124433 123080 128662
123080 124433 128662
20222 17078 44989
44989 17078 20222
17078 20222 44989
29058 51779 95886
95886 29058 51779
51779 29058 95886
23858 66941 148312
66941 23858 148312
148312 23858 66941
13204 4794 143486
4794 13204 143486
143486 4794 13204
108609 51248 91605
91605 51248 108609
51248 91605 108609
77097 32694 89333
32694 77097 89333
89333 32694 77097
113328 83518 100873
100873 83518 113328
83518 100873 113328
127756 13955 88935
88935 13955 127756
13955 88935 127756
41832 6620 75562
6620 41832 75562
75562 6620 41832
44749 57524 79590
79590 44749 57524
57524 44749 79590
79956 93316 148689
148689 79956 93316
93316 79956 148689
130476 72980 97851
72980 97851 130476
97851 72980 130476
75529 48597 111009
48597 75529 111009
111009 48597 75529
6710 5562 126820
126820 5562 6710
5562 6710 126820
56615 47808 59266
47808 56615 59266
59266 47808 56615
146839 29669 144127
144127 29669 146839
29669 144127 146839
23758 32474 77934
32474 23758 77934
77934 23758 32474
41342 12736 141594
141594 12736 41342
12736 41342 141594
132931 81747 98671
81747 98671 132931
98671 81747 132931
6782 40772 42875
42875 6782 40772
40772 6782 42875
80631 12036 113039
12036 80631 113039
113039 12036 80631
43722 56735 137608
137608 43722 56735
56735 43722 137608
32593 85881 144332
144332 32593 85881
85881 32593 144332
112356 121829 139622
139622 112356 121829
121829 112356 139622
18594 51795 54732
51795 18594 54732
54732 18594 51795
42592 39226 127456
127456 39226 42592
39226 42592 127456
47558 37763 74684
37763 47558 74684
74684 37763 47558
77563 1224 103010
103010 1224 77563
1224 77563 103010
111927 14091 126970
14091 111927 126970
126970 14091 111927
1622 100624 115490
100624 1622 115490
115490 1622 100624
131882 47477 85904
47477 85904 131882
85904 47477 131882
108514 22828 45316
22828 45316 108514
45316 22828 108514
106350 9443 123248
9443 106350 123248
123248 9443 106350
136824 35287 148950
148950 35287 136824
35287 136824 148950
139493 99594 122468
122468 99594 139493
99594 122468 139493
109434 132752 142982
132752 109434 142982
142982 109434 132752
115140 126132 135853
126132 115140 135853
135853 115140 126132
19745 23833 121189
23833 19745 121189
121189 19745 23833
54654 3871 53779
3871 53779 54654
53779 3871 54654
2497 14080 103488
14080 2497 103488
103488 2497 14080
104603 123938 127713
127713 104603 123938
123938 104603 127713
21588 6797 114740
114740 6797 21588
6797 21588 114740
100012 87661 87957
87661 87957 100012
87957 87661 100012
53567 110576 135165
110576 53567 135165
135165 53567 110576
118311 80293 133051
80293 118311 133051
133051 80293 118311
120751 114153 137976
114153 120751 137976
137976 114153 120751
49133 1324 15995
1324 15995 49133
15995 1324 49133
40484 79722 137560
137560 40484 79722
79722 40484 137560
54359 32574 79197
79197 32574 54359
32574 54359 79197
149409 43751 143744
143744 43751 149409
43751 143744 149409
142474 55545 131527
131527 55545 142474
55545 131527 142474
141098 47475 108900
108900 47475 141098
47475 108900 141098
9258 93235 96632
93235 9258 96632
96632 9258 93235
89017 7125 98767
7125 89017 98767
98767 7125 89017
79851 10034 93073
93073 10034 79851
10034 79851 93073
62901 98903 117321
117321 62901 98903
98903 62901 117321
44776 56197 99509
56197 44776 99509
99509 44776 56197
55293 20775 149714
20775 55293 149714
149714 20775 55293
89061 21189 53117
53117 21189 89061
21189 53117 89061
142336 142765 148678
142765 142336 148678
148678 142336 142765
144956 15850 73057
73057 15850 144956
15850 73057 144956
16866 140138 141839
140138 16866 141839
141839 16866 140138
104162 16485 30355
30355 16485 104162
16485 30355 104162
128197 128625 145342
128625 128197 145342
145342 128197 128625
44357 51102 120841
120841 44357 51102
51102 44357 120841
78229 81097 128517
81097 78229 128517
128517 78229 81097
68376 125424 138187
138187 68376 125424
125424 68376 138187
128738 3408 107373
3408 107373 128738
107373 3408 128738
147945 25058 67736
25058 67736 147945
67736 25058 147945
147252 86835 111905
86835 111905 147252
111905 86835 147252
47698 95999 115616
115616 47698 95999
95999 47698 115616
42044 83651 149421
149421 42044 83651
83651 42044 149421
106611 40419 130330
130330 40419 106611
40419 106611 130330
86996 20358 46405
46405 20358 86996
20358 46405 86996
137612 122193 145351
122193 137612 145351
145351 122193 137612
107142 116063 140117
116063 107142 140117
140117 107142 116063
143329 14182 60079
14182 60079 143329
60079 14182 143329
13431 59968 126647
59968 13431 126647
126647 13431 59968
85694 66539 95471
95471 66539 85694
66539 85694 95471
91747 33248 49065
49065 33248 91747
33248 49065 91747
96678 18141 126408
18141 96678 126408
126408 18141 96678
17301 86838 146234
86838 17301 146234
146234 17301 86838
95288 17847 42434
17847 42434 95288
42434 17847 95288
2784 3783 81273
3783 2784 81273
81273 2784 3783
93496 11583 146441
146441 11583 93496
11583 93496 146441
65500 101364 134855
101364 65500 134855
134855 65500 101364
125003 73919 145729
73919 125003 145729
145729 73919 125003
9412 19179 32412
19179 9412 32412
32412 9412 19179
116258 86798 139057
139057 86798 116258
86798 116258 139057
4881 68021 92154
68021 4881 92154
92154 4881 68021
69484 123013 137283
123013 69484 137283
137283 69484 123013
102659 49606 73078
73078 49606 102659
49606 73078 102659
21307 6318 51486
6318 21307 51486
51486 6318 21307
146481 87637 90963
87637 90963 146481
90963 87637 146481
141959 66088 119003
66088 119003 141959
119003 66088 141959
109375 30469 70468
30469 70468 109375
70468 30469 109375
39295 41282 138405
41282 39295 138405
138405 39295 41282
50700 6808 127865
6808 50700 127865
127865 6808 50700
85263 126746 135991
135991 85263 126746
126746 85263 135991
108240 16955 37385
16955 37385 108240
37385 16955 108240
126379 39710 130070
130070 39710 126379
39710 126379 130070
18372 12502 145661
12502 18372 145661
145661 12502 18372
117849 42590 88929
42590 88929 117849
88929 42590 117849
43856 51624 89064
51624 43856 89064
89064 43856 51624
144647 51441 100680
51441 100680 144647
100680 51441 144647
121974 84318 94807
94807 84318 121974
84318 94807 121974
100043 60410 97524
97524 60410 100043
60410 97524 100043
76068 139614 146284
139614 76068 146284
146284 76068 139614
23504 91621 135540
135540 23504 91621
91621 23504 135540
41907 15635 66874
15635 41907 66874
66874 15635 41907
139141 24994 44647
44647 24994 139141
24994 44647 139141
109967 43048 120094
120094 43048 109967
43048 109967 120094
17369 29652 73282
73282 17369 29652
29652 17369 73282
25435 24982 38735
38735 24982 25435
24982 25435 38735
149057 25950 92356
25950 92356 149057
92356 25950 149057
8166 884 54741
884 8166 54741
54741 884 8166
71125 33760 130093
33760 71125 130093
130093 33760 71125
116817 91048 146301
146301 91048 116817
91048 116817 146301
10275 10846 94783
10846 10275 94783
94783 10275 10846
140463 800 18015
18015 800 140463
800 18015 140463
132141 51225 102582
51225 102582 132141
102582 51225 132141
34988 4005 83263
83263 4005 34988
4005 34988 83263
68750 12512 45858
12512 45858 68750
45858 12512 68750
93962 51271 113656
51271 93962 113656
113656 51271 93962
57264 43785 65325
43785 57264 65325
65325 43785 57264
138943 10205 66086
10205 66086 138943
66086 10205 138943
112893 3137 16068
16068 3137 112893
3137 16068 112893
105262 82304 99015
82304 99015 105262
99015 82304 105262
103422 56413 115999
56413 103422 115999
115999 56413 103422
87289 8708 131982
131982 8708 87289
8708 87289 131982
2659 28393 81911
81911 2659 28393
28393 2659 81911
85820 81692 88643
88643 81692 85820
81692 85820 88643
116071 25827 42512
25827 42512 116071
42512 25827 116071
52068 107497 129923
107497 52068 129923
129923 52068 107497
146981 14258 109726
109726 14258 146981
14258 109726 146981
104020 31805 38140
31805 38140 104020
38140 31805 104020
18755 25389 131476
131476 18755 25389
25389 18755 131476
4592 35306 127161
35306 4592 127161
127161 4592 35306
132518 44442 93250
93250 44442 132518
44442 93250 132518
47639 94213 100257
94213 47639 100257
100257 47639 94213
31473 135088 136053
135088 31473 136053
136053 31473 135088
26049 38785 40779
38785 26049 40779
40779 26049 38785
27335 43282 99328
99328 27335 43282
43282 27335 99328
56610 29210 46795
29210 46795 56610
46795 29210 56610
3933 76359 124272
124272 3933 76359
76359 3933 124272
51723 102862 149584
149584 51723 102862
102862 51723 149584
24560 23545 149090
23545 24560 149090
149090 23545 24560
20994 14502 142600
14502 20994 142600
142600 14502 20994
105604 26831 136448
26831 105604 136448
136448 26831 105604
266 24877 143725
24877 266 143725
143725 266 24877
65464 138877 140334
140334 65464 138877
138877 65464 140334
47185 49267 126781
126781 47185 49267
49267 47185 126781
133671 20118 49723
20118 49723 133671
49723 20118 133671
68569 12793 61737
61737 12793 68569
12793 61737 68569
94351 51458 107756
107756 51458 94351
51458 94351 107756
20568 50556 115874
50556 20568 115874
115874 20568 50556
103953 28030 43464
28030 43464 103953
43464 28030 103953
56473 6913 127418
127418 6913 56473
6913 56473 127418
78888 21658 131032
131032 21658 78888
21658 78888 131032
132326 7829 118597
118597 7829 132326
7829 118597 132326
57248 45198 56432
56432 45198 57248
45198 56432 57248
109977 18125 19326
19326 18125 109977
18125 19326 109977
77195 79025 133919
79025 77195 133919
133919 77195 79025
38837 67347 114506
67347 38837 114506
114506 38837 67347
27853 57451 85704
85704 27853 57451
57451 27853 85704
148908 19975 75051
75051 19975 148908
19975 75051 148908
147625 21328 130999
130999 21328 147625
21328 130999 147625
98826 69078 144463
69078 98826 144463
144463 69078 98826
104877 49920 59374
49920 59374 104877
59374 49920 104877
30795 62769 149602
149602 30795 62769
62769 30795 149602
26710 1613 97460
1613 26710 97460
97460 1613 26710
136401 65370 107037
107037 65370 136401
65370 107037 136401
34069 85072 122024
85072 34069 122024
122024 34069 85072
140062 46432 74172
74172 46432 140062
46432 74172 140062
100931 93768 108838
108838 93768 100931
93768 100931 108838
140298 39700 56936
56936 39700 140298
39700 56936 140298
1823 92114 136615
92114 1823 136615
136615 1823 92114
69464 10305 31226
31226 10305 69464
10305 31226 69464
36193 48125 93483
48125 36193 93483
93483 36193 48125
97462 21683 115998
21683 97462 115998
115998 21683 97462
62614 15935 141345
15935 62614 141345
141345 15935 62614
1583 21028 101780
21028 1583 101780
101780 1583 21028
63260 9489 127232
127232 9489 63260
9489 63260 127232
84586 32442 97340
32442 84586 97340
97340 32442 84586
132768 7468 36441
36441 7468 132768
7468 36441 132768
48787 55125 114825
114825 48787 55125
55125 48787 114825
119853 63859 119985
63859 119853 119985
119985 63859 119853
115232 73822 87572
87572 73822 115232
73822 87572 115232
46948 68682 133187
68682 46948 133187
133187 46948 68682
118927 23385 141175
23385 118927 141175
141175 23385 118927
115152 47657 114930
114930 47657 115152
47657 114930 115152
71096 97940 120911
120911 71096 97940
97940 71096 120911
147878 32078 120363
32078 120363 147878
120363 32078 147878
144454 82951 107496
107496 82951 144454
82951 107496 144454
147664 22480 72230
72230 22480 147664
22480 72230 147664
58120 25785 121281
25785 58120 121281
121281 25785 58120
53108 42658 92522
42658 53108 92522
92522 42658 53108
124003 6450 144311
6450 124003 144311
144311 6450 124003
128235 126418 145384
145384 126418 128235
126418 128235 145384
97722 11151 110646
11151 97722 110646
110646 11151 97722
92458 18824 149513
18824 92458 149513
149513 18824 92458
142612 23781 100430
100430 23781 142612
23781 100430 142612
56650 51678 137671
137671 51678 56650
51678 56650 137671
14671 101407 102925
102925 14671 101407
101407 14671 102925
47895 47229 133621
47229 47895 133621
133621 47229 47895
46717 122829 124762
124762 46717 122829
122829 46717 124762
20769 13632 105197
13632 20769 105197
105197 13632 20769
64165 31290 137286
31290 64165 137286
137286 31290 64165
112648 56442 75078
75078 56442 112648
56442 75078 112648
99887 113303 128739
128739 99887 113303
113303 99887 128739
66105 22165 124893
22165 66105 124893
124893 22165 66105
85099 38271 90806
38271 85099 90806
90806 38271 85099
129801 119035 133639
119035 129801 133639
133639 119035 129801
70581 103421 118092
118092 70581 103421
103421 70581 118092
141401 93699 144653
144653 93699 141401
93699 141401 144653
65403 63456 144584
144584 63456 65403
63456 65403 144584
89456 56592 105614
105614 56592 89456
56592 89456 105614
140288 18772 84849
84849 18772 140288
18772 84849 140288
101326 27696 51180
27696 51180 101326
51180 27696 101326
16158 112058 122355
122355 16158 112058
112058 16158 122355
15300 135945 143758
135945 15300 143758
143758 15300 135945
77281 83103 88467
88467 77281 83103
83103 77281 88467
126973 123327 130019
130019 123327 126973
123327 126973 130019
117754 73425 98206
73425 98206 117754
98206 73425 117754
30981 35825 51836
35825 30981 51836
51836 30981 35825
45809 53956 129908
129908 45809 53956
53956 45809 129908
23897 73515 92860
73515 23897 92860
92860 23897 73515
33579 29726 149877
149877 29726 33579
29726 33579 149877
68190 92880 139835
139835 68190 92880
92880 68190 139835
26880 3822 110343
110343 3822 26880
3822 26880 110343
120901 122117 138795
138795 120901 122117
122117 120901 138795
130133 16763 122865
122865 16763 130133
16763 122865 130133
82578 53121 110263
53121 82578 110263
110263 53121 82578
65428 102477 121311
102477 65428 121311
121311 65428 102477
113761 92152 149329
149329 92152 113761
92152 113761 149329
38955 13517 143639
13517 38955 143639
143639 13517 38955
2040 112324 149917
149917 2040 112324
112324 2040 149917
7044 70747 111708
111708 7044 70747
70747 7044 111708
109848 136644 136679
136644 109848 136679
136679 109848 136644
143401 34233 46464
34233 46464 143401
46464 34233 143401
