499 400 1450
400 499 1450
1450 400 499
1455 75 1024
75 1024 1455
1024 75 1455
1465 764 1221
764 1221 1465
1221 764 1465
492 214 1237
214 492 1237
1237 214 492
1060 348 895
895 348 1060
348 895 1060
558 385 1014
1014 385 558
385 558 1014
315 725 778
778 315 725
725 315 778
1123 163 1067
1067 163 1123
163 1067 1123
236 893 969
893 236 969
969 236 893
1209 161 583
583 161 1209
161 583 1209
1424 566 1144
1144 566 1424
566 1144 1424
924 804 1460
1460 804 924
804 924 1460
344 800 922
922 344 800
800 344 922
1375 111 283
111 283 1375
283 111 1375
525 215 1230
215 525 1230
1230 215 525
310 324 1119
1119 310 324
324 310 1119
1235 275 997
997 275 1235
275 997 1235
577 258 1481
1481 258 577
258 577 1481
1132 274 1012
274 1012 1132
1012 274 1132
759 380 1193
380 759 1193
1193 380 759
225 257 1495
257 225 1495
1495 225 257
1294 532 763
763 532 1294
532 763 1294
1468 148 213
148 213 1468
213 148 1468
608 83 841
841 83 608
83 608 841
216 149 983
983 149 216
149 216 983
1000 999 1037
999 1000 1037
1037 999 1000
374 451 1301
451 374 1301
1301 374 451
1350 535 1419
535 1350 1419
1419 535 1350
1396 1036 1115
1115 1036 1396
1036 1115 1396
1150 118 1500
1500 118 1150
118 1150 1500
797 70 838
838 70 797
70 797 838
94 929 1169
1169 94 929
929 94 1169
738 464 613
613 464 738
464 613 738
554 726 785
726 554 785
785 554 726
685 130 361
361 130 685
130 361 685
942 82 136
136 82 942
82 136 942
172 368 861
861 172 368
368 172 861
457 617 701
701 457 617
617 457 701
992 891 1146
891 992 1146
1146 891 992
78 490 760
760 78 490
490 78 760
585 429 653
429 585 653
653 429 585
1281 138 1420
1420 138 1281
138 1281 1420
706 408 1220
1220 408 706
408 706 1220
272 484 776
776 272 484
484 272 776
177 805 1451
805 177 1451
1451 177 805
443 435 1254
435 443 1254
1254 435 443
1069 129 1033
1033 129 1069
129 1033 1069
584 1078 1382
1078 584 1382
1382 584 1078
1485 343 1203
1203 343 1485
343 1203 1485
1072 329 452
452 329 1072
329 452 1072
1412 661 948
948 661 1412
661 948 1412
680 516 529
516 529 680
529 516 680
405 579 1127
1127 405 579
579 405 1127
711 326 721
721 326 711
326 711 721
628 1201 1443
1201 628 1443
1443 628 1201
475 8 469
469 8 475
8 469 475
1264 600 925
925 600 1264
600 925 1264
1292 403 453
453 403 1292
403 453 1292
651 533 1324
533 651 1324
1324 533 651
1010 819 1267
819 1010 1267
1267 819 1010
1075 816 1469
816 1075 1469
1469 816 1075
5 279 448
448 5 279
279 5 448
801 730 817
817 730 801
730 801 817
502 1326 1400
1326 502 1400
1400 502 1326
1020 705 1359
705 1020 1359
1359 705 1020
592 646 1019
1019 592 646
646 592 1019
336 872 932
872 336 932
932 336 872
735 690 809
690 735 809
809 690 735
845 966 1034
1034 845 966
966 845 1034
211 732 761
732 211 761
761 211 732
825 973 1394
973 825 1394
1394 825 973
658 1240 1489
1240 658 1489
1489 658 1240
1082 963 1429
963 1082 1429
1429 963 1082
246 151 1207
1207 151 246
151 246 1207
757 414 458
458 414 757
414 458 757
317 1070 1161
1070 317 1161
1161 317 1070
899 500 1038
1038 500 899
500 899 1038
444 394 570
570 394 444
394 444 570
74 426 1225
426 74 1225
1225 74 426
228 126 552
126 228 552
552 126 228
1330 293 1316
293 1316 1330
1316 293 1330
1134 1335 1496
1335 1134 1496
1496 1134 1335
573 6 1463
6 573 1463
1463 6 573
917 273 1007
273 917 1007
1007 273 917
1025 355 1304
355 1025 1304
1304 355 1025
1333 86 217
217 86 1333
86 217 1333
1362 402 528
402 528 1362
528 402 1362
294 1162 1432
1432 294 1162
1162 294 1432
179 853 979
853 179 979
979 179 853
972 7 264
264 7 972
7 264 972
1296 251 647
647 251 1296
251 647 1296
1462 550 750
550 750 1462
750 550 1462
843 395 923
395 843 923
923 395 843
1001 1154 1441
1441 1001 1154
1154 1001 1441
496 1211 1399
1399 496 1211
1211 496 1399
911 203 1444
1444 203 911
203 911 1444
88 561 716
561 88 716
716 88 561
69 247 980
247 69 980
980 69 247
1310 622 1459
1459 622 1310
622 1310 1459
316 51 376
51 316 376
376 51 316
1179 902 1206
1206 902 1179
902 1179 1206
905 908 1259
1259 905 908
908 905 1259
708 143 1270
143 708 1270
1270 143 708
1477 411 981
981 411 1477
411 981 1477
960 267 935
267 935 960
935 267 960
1160 180 575
575 180 1160
180 575 1160
31 752 813
813 31 752
752 31 813
366 300 1499
1499 300 366
300 366 1499
582 1172 1298
1298 582 1172
1172 582 1298
829 737 748
748 737 829
737 748 829
975 306 915
915 306 975
306 915 975
387 43 762
43 387 762
762 43 387
1274 66 586
66 586 1274
586 66 1274
156 334 1490
334 156 1490
1490 156 334
751 707 1085
707 751 1085
1085 707 751
221 520 1404
1404 221 520
520 221 1404
1258 996 1421
1421 996 1258
996 1258 1421
867 1087 1297
1297 867 1087
1087 867 1297
412 874 1300
1300 412 874
874 412 1300
284 1352 1387
1387 284 1352
1352 284 1387
939 698 1244
698 939 1244
1244 698 939
786 176 1121
1121 176 786
176 786 1121
1062 491 1217
1217 491 1062
491 1062 1217
162 174 498
498 162 174
174 162 498
798 122 1306
1306 122 798
122 798 1306
572 511 1031
511 572 1031
1031 511 572
48 638 1196
1196 48 638
638 48 1196
18 503 662
662 18 503
503 18 662
476 222 1328
1328 222 476
222 476 1328
985 1236 1242
1242 985 1236
1236 985 1242
896 239 1227
1227 239 896
239 896 1227
555 633 986
633 555 986
986 555 633
265 775 1305
1305 265 775
775 265 1305
854 410 779
779 410 854
410 779 854
134 409 1384
1384 134 409
409 134 1384
379 295 859
295 379 859
859 295 379
836 30 1282
1282 30 836
30 836 1282
1446 255 271
271 255 1446
255 271 1446
346 1157 1214
1157 346 1214
1214 346 1157
420 11 631
631 11 420
11 420 631
323 35 936
936 35 323
35 323 936
807 461 486
486 461 807
461 486 807
844 731 1338
1338 731 844
731 844 1338
53 485 769
769 53 485
485 53 769
407 388 957
957 388 407
388 407 957
436 114 1411
1411 114 436
114 436 1411
1142 814 1120
1120 814 1142
814 1120 1142
288 508 714
508 288 714
714 288 508
1413 41 421
41 421 1413
421 41 1413
1094 190 696
696 190 1094
190 696 1094
539 522 565
522 539 565
565 522 539
1118 150 910
150 910 1118
910 150 1118
463 519 729
519 463 729
729 463 519
569 1086 1275
1275 569 1086
1086 569 1275
965 3 478
478 3 965
3 478 965
1322 1004 1494
1494 1004 1322
1004 1322 1494
142 95 332
95 142 332
332 95 142
946 773 1105
1105 773 946
773 946 1105
32 423 858
423 32 858
858 32 423
869 1018 1199
1199 869 1018
1018 869 1199
1449 530 1331
1331 530 1449
530 1331 1449
742 961 1286
961 742 1286
1286 742 961
339 345 998
998 339 345
345 339 998
806 849 1091
849 806 1091
1091 806 849
201 885 1139
1139 201 885
885 201 1139
482 1035 1143
1143 482 1035
1035 482 1143
341 209 1440
1440 209 341
209 341 1440
103 58 856
58 103 856
856 58 103
507 390 1059
390 507 1059
1059 390 507
1454 269 743
743 269 1454
269 743 1454
648 308 603
308 603 648
603 308 648
837 277 1340
277 837 1340
1340 277 837
524 415 473
473 415 524
415 473 524
194 107 820
820 107 194
107 194 820
301 513 900
513 301 900
900 301 513
694 650 699
699 650 694
650 694 699
481 913 955
955 481 913
913 481 955
183 901 1409
901 183 1409
1409 183 901
1089 918 1337
918 1089 1337
1337 918 1089
527 1045 1427
1427 527 1045
1045 527 1427
1183 250 898
250 898 1183
898 250 1183
234 98 252
252 98 234
98 234 252
857 184 357
357 184 857
184 357 857
673 609 1317
609 673 1317
1317 609 673
280 67 1278
67 280 1278
1278 67 280
204 416 1389
1389 204 416
416 204 1389
63 595 666
595 63 666
666 63 595
1131 560 909
909 560 1131
560 909 1131
637 50 446
50 446 637
446 50 637
350 1313 1403
1403 350 1313
1313 350 1403
682 450 1032
1032 450 682
450 682 1032
1437 1058 1356
1058 1356 1437
1356 1058 1437
1397 391 1498
1498 391 1397
391 1397 1498
1363 164 206
164 206 1363
206 164 1363
49 663 880
663 49 880
880 49 663
333 840 1415
840 333 1415
1415 333 840
873 119 588
588 119 873
119 588 873
818 618 783
783 618 818
618 783 818
371 9 1436
1436 9 371
9 371 1436
372 620 884
620 372 884
884 372 620
1349 229 765
765 229 1349
229 765 1349
1410 399 956
399 956 1410
956 399 1410
425 697 842
697 425 842
842 425 697
531 741 1108
1108 531 741
741 531 1108
576 564 866
564 576 866
866 564 576
689 291 1003
291 689 1003
1003 291 689
1191 460 1102
460 1102 1191
1102 460 1191
736 717 1130
1130 717 736
717 736 1130
207 152 971
152 207 971
971 152 207
456 46 606
46 456 606
606 46 456
1308 401 559
559 401 1308
401 559 1308
37 109 1098
1098 37 109
109 37 1098
989 1113 1439
1113 989 1439
1439 989 1113
1289 378 467
378 467 1289
467 378 1289
1456 57 834
57 834 1456
834 57 1456
734 676 1066
676 734 1066
1066 676 734
1054 253 1043
253 1043 1054
1043 253 1054
1407 330 1466
1466 330 1407
330 1407 1466
933 812 1178
812 933 1178
1178 812 933
321 442 684
442 321 684
684 321 442
393 15 340
15 340 393
340 15 393
437 432 1347
1347 432 437
432 437 1347
418 112 656
112 418 656
656 112 418
1277 71 795
71 795 1277
795 71 1277
1265 193 1243
1243 193 1265
193 1243 1265
1073 131 1114
1114 131 1073
131 1073 1114
547 230 1188
230 547 1188
1188 230 547
1246 468 1369
468 1246 1369
1369 468 1246
59 556 1065
556 59 1065
1065 59 556
1434 22 186
22 186 1434
186 22 1434
625 494 1186
1186 494 625
494 625 1186
1218 1002 1222
1222 1002 1218
1002 1218 1222
790 389 1044
389 790 1044
1044 389 790
287 590 1319
590 287 1319
1319 287 590
1423 796 1165
1165 796 1423
796 1165 1423
1479 1137 1311
1137 1311 1479
1311 1137 1479
612 96 1192
1192 96 612
96 612 1192
597 677 1223
677 597 1223
1223 597 677
173 133 811
133 173 811
811 133 173
1248 636 794
636 794 1248
794 636 1248
1052 309 398
309 398 1052
398 309 1052
568 120 1015
1015 120 568
120 568 1015
314 307 1483
307 314 1483
1483 307 314
220 626 824
626 220 824
824 220 626
821 286 889
286 821 889
889 286 821
557 1148 1471
1148 557 1471
1471 557 1148
370 1097 1467
1097 370 1467
1467 370 1097
692 850 1392
850 692 1392
1392 692 850
640 39 319
319 39 640
39 319 640
630 1057 1438
1438 630 1057
1057 630 1438
110 298 848
298 110 848
848 110 298
1095 369 868
369 868 1095
868 369 1095
733 672 826
826 672 733
672 733 826
106 693 1177
1177 106 693
693 106 1177
1101 21 605
605 21 1101
21 605 1101
510 644 671
644 510 671
671 510 644
196 189 1376
189 196 1376
1376 189 196
907 877 1028
877 907 1028
1028 877 907
719 515 1047
1047 515 719
515 719 1047
509 703 1048
1048 509 703
703 509 1048
1224 1135 1448
1135 1224 1448
1448 1135 1224
1092 79 1250
79 1092 1250
1250 79 1092
665 254 863
254 665 863
863 254 665
352 1006 1291
1291 352 1006
1006 352 1291
1262 497 1083
1083 497 1262
497 1083 1262
299 667 912
667 299 912
912 299 667
54 536 1285
536 54 1285
1285 54 536
596 212 1068
1068 212 596
212 596 1068
1042 810 1453
1453 810 1042
810 1042 1453
64 243 1133
1133 64 243
243 64 1133
1318 115 1219
1219 115 1318
115 1219 1318
438 92 567
92 438 567
567 92 438
165 40 747
747 40 165
40 165 747
1372 249 574
574 249 1372
249 574 1372
544 325 1374
1374 325 544
325 544 1374
931 76 244
244 76 931
76 244 931
1145 4 855
855 4 1145
4 855 1145
123 642 1325
642 123 1325
1325 123 642
168 108 303
303 108 168
108 168 303
1383 91 598
91 598 1383
598 91 1383
55 964 1204
1204 55 964
964 55 1204
782 261 1005
261 782 1005
1005 261 782
158 266 967
967 158 266
266 158 967
68 121 1055
121 68 1055
1055 68 121
439 19 687
687 19 439
19 439 687
1163 823 1156
823 1156 1163
1156 823 1163
610 1141 1164
1141 610 1164
1164 610 1141
1366 170 289
170 289 1366
289 170 1366
914 338 1314
338 914 1314
1314 338 914
160 382 1155
382 160 1155
1155 160 382
1447 465 643
465 643 1447
643 465 1447
641 386 1428
1428 386 641
386 641 1428
1341 297 990
297 990 1341
990 297 1341
1 563 882
882 1 563
563 1 882
140 14 713
713 14 140
14 140 713
259 551 1416
551 259 1416
1416 259 551
441 578 614
578 441 614
614 441 578
1229 166 1435
166 1229 1435
1435 166 1229
755 139 392
392 139 755
139 392 755
356 1493 1497
1493 356 1497
1497 356 1493
1111 1013 1344
1013 1111 1344
1344 1013 1111
422 1056 1476
1476 422 1056
1056 422 1476
1100 930 1327
1327 930 1100
930 1100 1327
1061 248 1153
1153 248 1061
248 1061 1153
615 367 1321
1321 367 615
367 615 1321
132 349 627
349 132 627
627 132 349
318 263 1256
263 318 1256
1256 263 318
1008 616 1268
616 1008 1268
1268 616 1008
337 449 623
449 337 623
623 337 449
835 890 1182
890 835 1182
1182 835 890
104 169 718
718 104 169
169 104 718
995 659 906
659 906 995
906 659 995
354 1323 1367
1367 354 1323
1323 354 1367
276 396 1170
396 276 1170
1170 276 396
1370 60 1080
60 1080 1370
1080 60 1370
938 24 562
24 562 938
562 24 938
302 471 1293
1293 302 471
471 302 1293
1074 523 545
545 523 1074
523 545 1074
953 1197 1260
1260 953 1197
1197 953 1260
870 305 462
462 305 870
305 462 870
1315 167 1417
1417 167 1315
167 1315 1417
181 23 1475
23 181 1475
1475 23 181
1371 815 1253
815 1253 1371
1253 815 1371
231 197 335
335 197 231
197 231 335
1215 878 1079
878 1079 1215
1079 878 1215
553 105 487
105 487 553
487 105 553
80 943 1185
943 80 1185
1185 80 943
245 238 1461
1461 238 245
238 245 1461
235 16 928
16 235 928
928 16 235
959 688 802
688 802 959
802 688 959
771 36 654
654 36 771
36 654 771
223 77 364
364 77 223
77 223 364
26 241 480
480 26 241
241 26 480
594 47 1365
47 594 1365
1365 47 594
1386 984 1053
1053 984 1386
984 1053 1386
1181 147 1302
147 1181 1302
1302 147 1181
431 455 1381
1381 431 455
455 431 1381
1124 219 822
219 822 1124
822 219 1124
791 87 1480
1480 87 791
87 791 1480
202 125 1239
125 202 1239
1239 125 202
921 1117 1433
1117 921 1433
1433 921 1117
962 113 137
113 137 962
137 113 962
1149 1030 1232
1030 1149 1232
1232 1030 1149
1445 571 788
788 571 1445
571 788 1445
548 13 1152
13 548 1152
1152 13 548
635 593 1390
593 635 1390
1390 593 635
1492 977 1478
1478 977 1492
977 1478 1492
1348 377 702
702 377 1348
377 702 1348
479 832 1491
1491 479 832
832 479 1491
362 632 1487
1487 362 632
632 362 1487
1470 240 518
240 518 1470
518 240 1470
591 81 1360
1360 81 591
81 591 1360
270 33 649
33 270 649
649 33 270
1238 968 1110
1110 968 1238
968 1110 1238
674 887 1426
1426 674 887
887 674 1426
1151 1226 1442
1226 1151 1442
1442 1151 1226
1332 477 537
477 537 1332
537 477 1332
803 540 883
540 803 883
883 540 803
1041 645 1233
1233 645 1041
645 1041 1233
781 191 710
710 191 781
191 710 781
28 683 1320
683 28 1320
1320 28 683
1046 754 1039
754 1039 1046
1039 754 1046
655 157 1167
157 655 1167
1167 157 655
262 38 949
949 38 262
38 262 949
454 381 624
624 381 454
381 454 624
940 413 1175
1175 413 940
413 940 1175
792 950 1140
1140 792 950
950 792 1140
1205 192 1395
192 1205 1395
1395 192 1205
1241 1208 1457
1457 1208 1241
1208 1241 1457
327 709 1287
709 327 1287
1287 327 709
987 44 780
44 780 987
780 44 987
363 278 1269
278 363 1269
1269 278 363
89 1023 1271
1023 89 1271
1271 89 1023
1430 52 1049
1049 52 1430
52 1049 1430
1329 128 756
756 128 1329
128 756 1329
944 1187 1351
1351 944 1187
1187 944 1351
599 1174 1234
1174 599 1234
1234 599 1174
1176 679 926
679 926 1176
926 679 1176
712 894 1076
894 712 1076
1076 712 894
808 73 187
187 73 808
73 187 808
897 359 951
951 359 897
359 897 951
135 145 285
285 135 145
145 135 285
10 358 1228
1228 10 358
358 10 1228
1393 365 678
678 365 1393
365 678 1393
777 256 406
406 256 777
256 406 777
505 199 227
227 199 505
199 227 505
1388 1103 1299
1299 1103 1388
1103 1299 1388
188 84 828
84 188 828
828 84 188
1266 1093 1474
1093 1266 1474
1474 1093 1266
1106 208 427
427 208 1106
208 427 1106
1159 668 1084
668 1084 1159
1084 668 1159
772 504 789
504 772 789
789 504 772
466 198 1425
198 466 1425
1425 198 466
155 945 1231
945 155 1231
1231 155 945
1077 521 1040
521 1040 1077
1040 521 1077
1126 404 1166
404 1126 1166
1166 404 1126
993 601 799
799 601 993
601 799 993
1484 373 1129
1129 373 1484
373 1129 1484
978 210 488
488 210 978
210 488 978
1128 546 749
749 546 1128
546 749 1128
774 182 787
182 774 787
787 182 774
1099 440 1104
1104 440 1099
440 1099 1104
1303 1336 1486
1336 1303 1486
1486 1303 1336
1364 604 1180
604 1180 1364
1180 604 1364
881 99 342
342 99 881
99 342 881
607 226 704
704 226 607
226 607 704
1081 483 846
483 846 1081
846 483 1081
675 723 1257
723 675 1257
1257 675 723
1472 903 1138
1138 903 1472
903 1138 1472
947 839 1255
839 947 1255
1255 839 947
501 419 920
419 501 920
920 419 501
664 328 1216
1216 328 664
328 664 1216
988 758 1342
1342 758 988
758 988 1342
660 1279 1354
1354 660 1279
1279 660 1354
1173 62 383
383 62 1173
62 383 1173
886 1022 1452
1452 886 1022
1022 886 1452
1190 580 1377
1377 580 1190
580 1190 1377
1109 237 1245
237 1109 1245
1245 237 1109
1272 232 428
232 428 1272
428 232 1272
700 472 1368
472 700 1368
1368 472 700
691 976 1168
976 691 1168
1168 691 976
634 175 282
282 175 634
175 282 634
864 430 1184
430 864 1184
1184 430 864
1017 185 766
185 766 1017
766 185 1017
1290 538 1088
1088 538 1290
538 1088 1290
1309 543 784
543 784 1309
784 543 1309
397 2 793
793 2 397
2 397 793
1431 657 1408
657 1408 1431
1408 657 1431
1251 101 681
101 681 1251
681 101 1251
833 171 1464
171 833 1464
1464 171 833
1263 958 1112
958 1112 1263
1112 958 1263
746 97 1405
97 746 1405
1405 97 746
65 154 1195
154 65 1195
1195 65 154
144 17 424
424 17 144
17 144 424
982 200 506
200 506 982
506 200 982
1147 29 974
974 29 1147
29 974 1147
1090 1107 1401
1401 1090 1107
1107 1090 1401
1418 459 728
459 728 1418
728 459 1418
1247 281 715
281 715 1247
715 281 1247
1379 331 602
331 602 1379
602 331 1379
233 937 1116
1116 233 937
937 233 1116
20 433 1210
433 20 1210
1210 20 433
1027 93 320
93 320 1027
320 93 1027
1276 205 1158
1158 205 1276
205 1158 1276
1273 1171 1402
1171 1273 1402
1402 1171 1273
1096 72 851
851 72 1096
72 851 1096
1355 495 753
753 495 1355
495 753 1355
384 195 489
489 195 384
195 384 489
268 629 1307
629 268 1307
1307 268 629
447 621 1283
1283 447 621
621 447 1283
865 445 1021
445 865 1021
1021 445 865
1213 304 1353
304 1213 1353
1353 304 1213
727 589 770
589 727 770
770 589 727
159 56 417
417 56 159
56 159 417
360 892 1334
1334 360 892
892 360 1334
117 1189 1414
1414 117 1189
1189 117 1414
724 375 1252
1252 375 724
375 724 1252
876 25 260
260 25 876
25 260 876
34 351 941
351 34 941
941 34 351
916 768 1050
768 916 1050
1050 768 916
242 1198 1345
1345 242 1198
1198 242 1345
991 1391 1422
1422 991 1391
1391 991 1422
847 619 927
619 847 927
927 619 847
852 470 1009
1009 470 852
470 852 1009
347 686 830
686 347 830
830 347 686
1125 722 1261
722 1125 1261
1261 722 1125
292 85 1029
85 292 1029
1029 85 292
1249 90 1202
90 1202 1249
1202 90 1249
1295 1071 1398
1398 1071 1295
1071 1295 1398
311 12 541
12 311 541
541 12 311
434 116 862
116 434 862
862 116 434
1011 42 534
534 42 1011
42 534 1011
1361 1026 1373
1373 1026 1361
1026 1361 1373
124 153 831
831 124 153
153 124 831
1385 827 1378
827 1378 1385
1378 827 1385
322 313 695
313 322 695
695 313 322
224 587 1284
1284 224 587
587 224 1284
1200 767 934
767 934 1200
934 767 1200
178 127 860
127 178 860
860 127 178
517 493 904
904 493 517
493 517 904
1346 100 1064
100 1064 1346
1064 100 1346
994 740 1343
1343 740 994
740 994 1343
1458 1380 1406
1380 1406 1458
1406 1380 1458
744 879 1016
1016 744 879
879 744 1016
952 739 1051
1051 739 952
739 952 1051
1136 474 1288
1288 474 1136
474 1136 1288
720 102 526
526 102 720
102 526 720
1358 639 875
639 875 1358
875 639 1358
512 581 1122
1122 512 581
581 512 1122
353 549 1488
549 353 1488
1488 353 549
1357 745 1194
745 1194 1357
1194 745 1357
919 45 1339
45 919 1339
1339 45 919
1063 542 652
652 542 1063
542 652 1063
218 611 670
611 218 670
670 218 611
669 954 1473
954 669 1473
1473 669 954
146 61 1312
61 146 1312
1312 61 146
1482 312 871
312 871 1482
871 312 1482
514 141 888
888 141 514
141 514 888
1280 296 1212
1212 296 1280
296 1212 1280
27 290 970
290 27 970
970 27 290
