1464 163 639
163 639 1464
639 163 1464
1264 545 766
545 766 1264
766 545 1264
333 1439 1479
1439 333 1479
1479 333 1439
238 86 1154
86 238 1154
1154 86 238
814 765 811
765 811 814
811 765 814
762 1224 1472
1224 762 1472
1472 762 1224
642 1315 1440
1440 642 1315
1315 642 1440
172 21 1484
1484 21 172
21 172 1484
185 559 886
559 185 886
886 185 559
626 357 1185
1185 357 626
357 626 1185
890 1056 1069
1056 890 1069
1069 890 1056
859 938 1112
1112 859 938
938 859 1112
1427 581 1391
581 1391 1427
1391 581 1427
1266 173 801
801 173 1266
173 801 1266
555 376 1207
1207 376 555
376 555 1207
1376 30 1206
30 1206 1376
1206 30 1376
961 97 197
97 197 961
197 97 961
770 788 1168
1168 770 788
788 770 1168
164 143 1134
1134 143 164
143 164 1134
54 307 1307
307 54 1307
1307 54 307
1109 308 1092
308 1092 1109
1092 308 1109
793 613 860
860 613 793
613 793 860
598 456 962
962 456 598
456 598 962
849 521 957
521 849 957
957 521 849
672 282 974
282 672 974
974 282 672
425 68 493
68 425 493
493 68 425
1158 264 1007
1007 264 1158
264 1007 1158
1108 1163 1490
1163 1108 1490
1490 1108 1163
733 580 645
645 580 733
580 645 733
872 186 1026
186 872 1026
1026 186 872
355 692 958
958 355 692
692 355 958
204 364 916
364 204 916
916 204 364
751 101 844
844 101 751
101 751 844
1460 220 709
709 220 1460
220 709 1460
525 323 508
323 508 525
508 323 525
620 825 1401
825 620 1401
1401 620 825
353 576 1101
576 353 1101
1101 353 576
655 614 697
614 655 697
697 614 655
546 222 1133
222 546 1133
1133 222 546
1455 8 1354
8 1354 1455
1354 8 1455
1461 45 65
45 65 1461
65 45 1461
41 1237 1245
1237 41 1245
1245 41 1237
1425 966 1187
966 1187 1425
1187 966 1425
394 830 900
900 394 830
830 394 900
1297 452 742
452 742 1297
742 452 1297
397 61 112
61 112 397
112 61 397
596 219 1318
219 596 1318
1318 219 596
1256 475 622
475 622 1256
622 475 1256
517 325 1339
325 517 1339
1339 325 517
1033 1027 1226
1226 1027 1033
1027 1033 1226
146 444 953
444 146 953
953 146 444
476 232 689
689 232 476
232 476 689
130 1220 1380
1380 130 1220
1220 130 1380
1186 819 850
850 819 1186
819 850 1186
684 188 707
707 188 684
188 684 707
479 578 1197
578 479 1197
1197 479 578
531 279 412
279 412 531
412 279 531
703 438 1481
1481 438 703
438 703 1481
1371 310 820
820 310 1371
310 820 1371
951 72 764
764 72 951
72 764 951
428 167 782
782 167 428
167 428 782
1111 161 907
907 161 1111
161 907 1111
834 682 1043
1043 682 834
682 834 1043
1351 93 354
354 93 1351
93 354 1351
821 244 1382
244 821 1382
1382 244 821
1463 250 628
250 628 1463
628 250 1463
37 176 929
929 37 176
176 37 929
601 440 600
600 440 601
440 600 601
1387 200 1035
1035 200 1387
200 1035 1387
630 1107 1294
1107 630 1294
1294 630 1107
904 298 604
604 298 904
298 604 904
627 625 1182
1182 625 627
625 627 1182
1242 246 1153
246 1153 1242
1153 246 1242
128 992 1332
992 128 1332
1332 128 992
1013 77 590
590 77 1013
77 590 1013
875 377 754
377 754 875
754 377 875
1045 401 485
401 485 1045
485 401 1045
320 894 939
894 320 939
939 320 894
140 32 1313
1313 32 140
32 140 1313
1420 145 1100
1100 145 1420
145 1100 1420
457 57 902
57 457 902
902 57 457
300 934 943
943 300 934
934 300 943
594 841 1174
1174 594 841
841 594 1174
430 542 1196
1196 430 542
542 430 1196
1015 385 1094
1094 385 1015
385 1015 1094
240 80 816
80 240 816
816 80 240
269 368 969
368 269 969
969 269 368
199 443 848
848 199 443
443 199 848
988 1458 1467
1458 988 1467
1467 988 1458
1338 313 372
372 313 1338
313 372 1338
1261 91 153
153 91 1261
91 153 1261
669 903 1175
903 669 1175
1175 669 903
1192 293 1244
1244 293 1192
293 1192 1244
895 252 854
252 854 895
854 252 895
745 526 871
526 745 871
871 526 745
361 650 1003
1003 361 650
650 361 1003
1124 487 519
519 487 1124
487 519 1124
1204 14 198
198 14 1204
14 198 1204
1006 203 1289
1289 203 1006
203 1006 1289
544 351 1221
351 544 1221
1221 351 544
1235 783 1172
783 1172 1235
1172 783 1235
674 922 1436
922 674 1436
1436 674 922
115 647 1084
1084 115 647
647 115 1084
24 638 1322
638 24 1322
1322 24 638
691 352 1143
352 691 1143
1143 352 691
305 273 366
366 273 305
273 305 366
1375 311 327
311 327 1375
327 311 1375
1450 358 489
489 358 1450
358 489 1450
1369 721 993
721 993 1369
993 721 1369
1312 740 775
740 775 1312
775 740 1312
646 863 1335
863 646 1335
1335 646 863
82 119 121
119 82 121
121 82 119
1407 22 1424
1424 22 1407
22 1407 1424
1383 6 608
6 608 1383
608 6 1383
442 411 913
913 411 442
411 442 913
3 780 1283
780 3 1283
1283 3 780
1390 63 603
63 603 1390
603 63 1390
1423 1254 1295
1295 1254 1423
1254 1295 1423
304 994 1276
994 304 1276
1276 304 994
347 478 1326
478 347 1326
1326 347 478
1449 360 1110
1110 360 1449
360 1110 1449
165 152 941
152 165 941
941 152 165
1286 553 687
553 687 1286
687 553 1286
557 100 149
100 149 557
149 100 557
1498 359 823
359 823 1498
823 359 1498
122 575 763
575 122 763
763 122 575
106 256 1155
256 106 1155
1155 106 256
845 730 1345
1345 730 845
730 845 1345
155 1040 1263
1263 155 1040
1040 155 1263
205 348 704
348 205 704
704 205 348
399 1021 1398
1398 399 1021
1021 399 1398
75 408 856
856 75 408
408 75 856
652 460 466
460 466 652
466 460 652
1470 445 987
445 987 1470
987 445 1470
59 84 667
84 59 667
667 59 84
634 1009 1357
1009 634 1357
1357 634 1009
278 306 1180
1180 278 306
306 278 1180
365 5 1432
5 365 1432
1432 5 365
898 1330 1393
1330 898 1393
1393 898 1330
1136 125 1353
125 1136 1353
1353 125 1136
1465 771 887
771 887 1465
887 771 1465
1030 12 1268
12 1030 1268
1268 12 1030
1262 757 1129
757 1129 1262
1129 757 1262
1341 677 1243
677 1243 1341
1243 677 1341
891 648 1103
1103 648 891
648 891 1103
734 107 624
107 624 734
624 107 734
1324 746 981
981 746 1324
746 981 1324
660 659 1495
659 660 1495
1495 659 660
571 1039 1325
1039 571 1325
1325 571 1039
1441 737 1413
1413 737 1441
737 1413 1441
133 1219 1444
1444 133 1219
1219 133 1444
1474 1087 1395
1087 1395 1474
1395 1087 1474
558 698 1343
1343 558 698
698 558 1343
486 217 284
217 284 486
284 217 486
157 182 439
439 157 182
182 157 439
1434 382 942
942 382 1434
382 942 1434
39 560 1010
1010 39 560
560 39 1010
1032 148 758
148 758 1032
758 148 1032
1445 736 1074
736 1074 1445
1074 736 1445
1265 649 976
976 649 1265
649 976 1265
1042 234 470
470 234 1042
234 470 1042
1016 31 1277
1277 31 1016
31 1016 1277
1451 221 236
221 236 1451
236 221 1451
662 67 318
67 318 662
318 67 662
822 262 1459
1459 262 822
262 822 1459
1160 416 1446
416 1160 1446
1446 416 1160
1316 484 796
484 796 1316
796 484 1316
1159 344 1059
1059 344 1159
344 1059 1159
1049 295 501
501 295 1049
295 501 1049
631 270 641
641 270 631
270 631 641
179 7 79
7 79 179
79 7 179
1402 462 695
695 462 1402
462 695 1402
287 668 1011
1011 287 668
668 287 1011
1257 1051 1205
1051 1205 1257
1205 1051 1257
261 370 949
370 261 949
949 261 370
658 330 1097
330 658 1097
1097 330 658
471 1191 1396
1396 471 1191
1191 471 1396
216 42 753
753 42 216
42 216 753
1284 334 1177
1177 334 1284
334 1177 1284
407 374 534
534 374 407
374 407 534
1309 673 1442
673 1309 1442
1442 673 1309
909 1123 1381
1123 909 1381
1381 909 1123
831 621 1428
1428 621 831
621 831 1428
469 433 986
433 469 986
986 433 469
807 1088 1291
1088 807 1291
1291 807 1088
461 390 883
390 461 883
883 390 461
524 56 343
343 56 524
56 343 524
824 136 233
233 136 824
136 233 824
1121 211 711
711 211 1121
211 711 1121
1150 862 1303
862 1150 1303
1303 862 1150
933 528 879
528 879 933
879 528 933
81 530 1239
530 81 1239
1239 81 530
804 1125 1306
1125 804 1306
1306 804 1125
1025 561 1410
1410 561 1025
561 1025 1410
1476 228 1365
1365 228 1476
228 1365 1476
1020 169 1356
169 1020 1356
1356 169 1020
829 417 963
963 417 829
417 829 963
113 52 537
537 52 113
52 113 537
869 980 1384
980 869 1384
1384 869 980
1210 324 1333
324 1210 1333
1333 324 1210
1363 83 1321
1321 83 1363
83 1321 1363
892 47 441
441 47 892
47 441 892
131 123 532
532 123 131
123 131 532
835 785 1305
785 835 1305
1305 785 835
865 73 511
511 73 865
73 511 865
784 899 1334
1334 784 899
899 784 1334
17 60 653
653 17 60
60 17 653
192 494 670
494 192 670
670 192 494
873 223 970
223 873 970
970 223 873
954 422 718
422 718 954
718 422 954
297 44 1287
44 297 1287
1287 44 297
1031 637 1269
637 1031 1269
1269 637 1031
1202 1008 1046
1008 1046 1202
1046 1008 1202
769 919 1213
1213 769 919
919 769 1213
570 817 1044
817 570 1044
1044 570 817
1209 160 227
227 160 1209
160 227 1209
761 715 1023
1023 715 761
715 761 1023
1200 589 918
589 918 1200
918 589 1200
1253 839 1271
839 1253 1271
1271 839 1253
248 193 607
607 193 248
193 248 607
735 1126 1194
1126 735 1194
1194 735 1126
708 1132 1231
1132 708 1231
1231 708 1132
921 326 840
840 326 921
326 840 921
178 563 1005
1005 178 563
563 178 1005
20 1298 1456
1456 20 1298
1298 20 1456
582 483 978
978 483 582
483 582 978
643 612 1443
612 643 1443
1443 612 643
905 1104 1240
1240 905 1104
1104 905 1240
991 58 181
58 181 991
181 58 991
392 286 802
802 286 392
286 392 802
1062 616 1453
1453 616 1062
616 1062 1453
930 191 302
191 302 930
302 191 930
322 110 606
110 322 606
606 110 322
1076 989 1055
989 1055 1076
1055 989 1076
1304 615 1169
615 1169 1304
1169 615 1304
990 1122 1418
1122 990 1418
1418 990 1122
1247 1116 1359
1116 1247 1359
1359 1116 1247
1080 491 1113
491 1080 1113
1113 491 1080
1028 520 522
520 522 1028
522 520 1028
1437 851 952
952 851 1437
851 952 1437
1102 195 716
195 716 1102
716 195 1102
585 423 774
423 585 774
774 423 585
1128 283 727
727 283 1128
283 727 1128
15 861 1141
1141 15 861
861 15 1141
772 654 1469
1469 654 772
654 772 1469
1405 451 809
809 451 1405
451 809 1405
1052 258 1131
1131 258 1052
258 1052 1131
274 299 1195
299 274 1195
1195 274 299
1148 651 744
651 744 1148
744 651 1148
1081 247 984
247 984 1081
984 247 1081
481 465 665
665 465 481
465 481 665
1246 437 972
437 972 1246
972 437 1246
1181 884 1171
884 1171 1181
1171 884 1181
1070 656 917
917 656 1070
656 917 1070
109 335 1250
335 109 1250
1250 109 335
644 717 1486
717 644 1486
1486 644 717
1106 242 378
242 378 1106
378 242 1106
189 636 725
725 189 636
636 189 725
346 1272 1454
1454 346 1272
1272 346 1454
257 599 1252
599 257 1252
1252 257 599
1058 588 1057
588 1057 1058
1057 588 1058
1165 971 1340
971 1165 1340
1340 971 1165
1352 142 706
142 706 1352
706 142 1352
480 154 1468
154 480 1468
1468 154 480
120 141 342
141 120 342
342 120 141
1014 259 1019
1019 259 1014
259 1014 1019
33 1327 1386
1386 33 1327
1327 33 1386
901 538 595
595 538 901
538 595 901
944 777 1234
777 944 1234
1234 777 944
1208 245 982
982 245 1208
245 982 1208
275 328 1478
1478 275 328
328 275 1478
1368 254 906
906 254 1368
254 906 1368
1279 449 619
449 619 1279
619 449 1279
1397 738 792
792 738 1397
738 792 1397
138 1170 1392
1170 138 1392
1392 138 1170
1073 104 979
104 979 1073
979 104 1073
564 292 1358
1358 292 564
292 564 1358
983 62 968
968 62 983
62 968 983
1497 914 1249
914 1249 1497
1249 914 1497
973 813 1054
813 973 1054
1054 813 973
464 151 623
623 151 464
151 464 623
720 48 255
48 255 720
255 48 720
434 127 506
506 127 434
127 434 506
253 507 1105
507 253 1105
1105 253 507
554 477 768
477 554 768
768 477 554
341 447 1139
1139 341 447
447 341 1139
468 1190 1308
1308 468 1190
1190 468 1308
722 166 1362
1362 166 722
166 722 1362
71 124 794
794 71 124
124 71 794
99 40 1417
40 99 1417
1417 40 99
510 690 1317
690 510 1317
1317 510 690
880 229 1488
229 880 1488
1488 229 880
1492 611 1302
1302 611 1492
611 1302 1492
678 177 1071
1071 177 678
177 678 1071
1099 454 676
454 676 1099
676 454 1099
1288 340 799
340 799 1288
799 340 1288
1053 332 756
756 332 1053
332 756 1053
724 565 996
565 724 996
996 565 724
583 671 1176
671 583 1176
1176 583 671
315 88 1115
88 315 1115
1115 88 315
778 1140 1435
1140 778 1435
1435 778 1140
1004 2 424
424 2 1004
2 424 1004
267 271 1406
271 267 1406
1406 267 271
1117 393 1378
1378 393 1117
393 1117 1378
294 584 1366
1366 294 584
584 294 1366
541 1048 1248
1248 541 1048
1048 541 1248
548 237 908
908 237 548
237 548 908
174 552 1091
1091 174 552
552 174 1091
1161 897 1179
1179 897 1161
897 1161 1179
876 1215 1485
1485 876 1215
1215 876 1485
1230 19 947
19 947 1230
947 19 1230
977 321 539
539 321 977
321 539 977
999 551 1077
1077 551 999
551 999 1077
463 1041 1145
1145 463 1041
1041 463 1145
1085 70 912
70 912 1085
912 70 1085
805 675 1349
675 805 1349
1349 675 805
515 159 566
159 515 566
566 159 515
1216 218 474
474 218 1216
218 474 1216
243 303 429
303 243 429
429 243 303
1199 617 1364
617 1199 1364
1364 617 1199
118 367 842
842 118 367
367 118 842
1400 518 1222
1222 518 1400
518 1222 1400
1273 837 1447
837 1273 1447
1447 837 1273
162 1389 1415
1389 162 1415
1415 162 1389
1301 1290 1496
1496 1290 1301
1290 1301 1496
748 960 1282
960 748 1282
1282 748 960
1184 406 663
406 663 1184
663 406 1184
239 1036 1098
1036 239 1098
1098 239 1036
389 272 812
272 389 812
812 272 389
731 251 1232
1232 251 731
251 731 1232
171 381 1228
1228 171 381
381 171 1228
1399 116 688
688 116 1399
116 688 1399
1201 540 1251
1251 540 1201
540 1201 1251
301 685 1416
1416 301 685
685 301 1416
1377 760 868
760 868 1377
868 760 1377
455 975 1166
975 455 1166
1166 455 975
1296 383 1061
1061 383 1296
383 1061 1296
535 350 633
350 535 633
633 350 535
448 741 956
741 448 956
956 448 741
1281 712 773
773 712 1281
712 773 1281
1438 847 1114
1114 847 1438
847 1114 1438
450 931 1411
1411 450 931
931 450 1411
1047 935 1482
1482 935 1047
935 1047 1482
1360 436 1227
1227 436 1360
436 1227 1360
866 249 533
249 533 866
533 249 866
23 833 1095
833 23 1095
1095 23 833
1188 94 1022
94 1022 1188
1022 94 1188
714 285 759
285 714 759
759 285 714
504 317 1086
317 504 1086
1086 317 504
512 729 1147
1147 512 729
729 512 1147
562 96 263
263 96 562
96 263 562
1404 103 288
288 103 1404
103 288 1404
312 497 810
497 312 810
810 312 497
16 573 1229
573 16 1229
1229 16 573
214 843 858
858 214 843
843 214 858
170 1233 1342
1233 170 1342
1342 170 1233
85 661 1156
661 85 1156
1156 85 661
556 314 1430
1430 314 556
314 556 1430
1225 9 610
610 9 1225
9 610 1225
379 1173 1431
1173 379 1431
1431 379 1173
694 513 1275
1275 513 694
513 694 1275
111 767 915
767 111 915
915 111 767
209 808 928
928 209 808
808 209 928
458 375 426
426 375 458
375 426 458
231 316 705
705 231 316
316 231 705
500 139 797
797 139 500
139 500 797
405 51 53
51 53 405
53 51 405
945 102 1300
102 945 1300
1300 102 945
363 135 549
135 363 549
549 135 363
827 156 592
592 156 827
156 592 827
495 18 955
18 495 955
955 18 495
1491 4 1218
1218 4 1491
4 1218 1491
1135 927 1198
927 1135 1198
1198 927 1135
1255 940 1379
1379 940 1255
940 1255 1379
1323 291 870
291 870 1323
870 291 1323
1079 505 1260
505 1079 1260
1260 505 1079
609 683 1412
683 609 1412
1412 609 683
482 215 543
543 215 482
215 482 543
1429 414 1072
1072 414 1429
414 1072 1429
964 201 701
201 701 964
701 201 964
76 896 923
923 76 896
896 76 923
1214 213 1373
1373 213 1214
213 1214 1373
893 117 387
117 387 893
387 117 893
509 13 50
50 13 509
13 50 509
235 498 1367
1367 235 498
498 235 1367
1419 435 1466
435 1419 1466
1466 435 1419
1361 787 1292
787 1292 1361
1292 787 1361
1350 597 789
597 789 1350
789 597 1350
726 937 1223
937 726 1223
1223 726 937
55 747 1090
747 55 1090
1090 55 747
212 1093 1394
1394 212 1093
1093 212 1394
202 806 1063
1063 202 806
806 202 1063
911 114 632
114 632 911
632 114 911
1178 226 1494
1494 226 1178
226 1178 1494
932 64 838
64 838 932
838 64 932
38 1217 1372
1217 38 1372
1372 38 1217
472 926 1211
926 472 1211
1211 472 926
815 1127 1346
1127 815 1346
1346 815 1127
1331 803 1475
803 1331 1475
1475 803 1331
319 419 1319
419 319 1319
1319 319 419
732 1299 1403
1403 732 1299
1299 732 1403
1267 605 1162
605 1162 1267
1162 605 1267
339 329 1487
329 339 1487
1487 329 339
1448 338 855
855 338 1448
338 855 1448
35 1012 1078
1078 35 1012
1012 35 1078
337 878 1144
1144 337 878
878 337 1144
749 750 1471
1471 749 750
750 749 1471
87 618 1477
618 87 1477
1477 87 618
1370 403 490
403 490 1370
490 403 1370
723 280 889
280 723 889
889 280 723
1002 10 1164
1164 10 1002
10 1002 1164
739 946 1320
946 739 1320
1320 739 946
798 529 696
696 529 798
529 696 798
126 26 950
950 26 126
26 126 950
49 985 1328
985 49 1328
1328 49 985
206 882 1089
882 206 1089
1089 206 882
421 265 1457
265 421 1457
1457 265 421
699 336 1337
336 699 1337
1337 336 699
681 309 1388
309 681 1388
1388 309 681
27 402 1414
402 27 1414
1414 27 402
1183 826 1314
826 1183 1314
1314 826 1183
640 331 572
331 572 640
572 331 640
523 190 1050
1050 190 523
190 523 1050
867 34 1149
1149 34 867
34 867 1149
885 266 959
959 266 885
266 885 959
230 225 391
391 225 230
225 230 391
1374 852 1151
852 1151 1374
1151 852 1374
184 46 1068
1068 46 184
46 184 1068
137 281 728
281 137 728
728 137 281
790 290 409
409 290 790
290 409 790
224 1060 1064
1060 224 1064
1064 224 1060
877 415 1138
415 877 1138
1138 415 877
345 158 781
781 158 345
158 345 781
69 1119 1258
1258 69 1119
1119 69 1258
864 25 488
25 488 864
488 25 864
194 1203 1480
1480 194 1203
1203 194 1480
453 396 1280
396 453 1280
1280 396 453
936 373 516
373 516 936
516 373 936
1067 591 791
591 791 1067
791 591 1067
795 502 702
702 502 795
502 702 795
965 296 1001
1001 296 965
296 965 1001
1452 1137 1385
1385 1137 1452
1137 1385 1452
268 289 1344
1344 268 289
289 268 1344
828 431 1489
431 828 1489
1489 431 828
679 569 1189
1189 569 679
569 679 1189
1421 752 1274
752 1274 1421
1274 752 1421
657 349 467
467 349 657
349 467 657
395 420 1310
420 395 1310
1310 395 420
388 95 276
95 276 388
276 95 388
888 175 514
175 514 888
514 175 888
1348 36 574
574 36 1348
36 574 1348
1270 1409 1483
1409 1270 1483
1483 1270 1409
853 857 1167
857 853 1167
1167 853 857
593 207 492
492 207 593
207 492 593
1037 129 371
129 371 1037
371 129 1037
380 134 459
459 134 380
134 380 459
413 1120 1212
1120 413 1212
1212 413 1120
577 710 1066
1066 577 710
710 577 1066
150 432 1130
1130 150 432
432 150 1130
527 356 666
666 356 527
356 527 666
1146 779 1433
1433 779 1146
779 1146 1433
846 568 925
568 846 925
925 568 846
1293 587 713
587 713 1293
713 587 1293
1065 43 1038
1038 43 1065
43 1038 1065
635 89 550
89 550 635
550 89 635
1000 1017 1018
1017 1000 1018
1018 1000 1017
1236 386 1082
386 1082 1236
1082 386 1236
1238 90 1029
1029 90 1238
90 1029 1238
400 418 1500
418 400 1500
1500 400 418
98 1 995
995 1 98
1 98 995
1422 496 503
496 503 1422
503 496 1422
1426 369 398
369 398 1426
398 369 1426
1285 499 818
499 818 1285
818 499 1285
836 196 1241
196 836 1241
1241 196 836
1462 11 1075
1075 11 1462
11 1075 1462
66 1083 1347
1347 66 1083
1083 66 1347
404 260 362
260 362 404
362 260 404
144 700 755
700 144 755
755 144 700
108 776 881
881 108 776
776 108 881
187 664 680
664 187 680
680 187 664
78 29 547
547 29 78
29 78 547
924 586 1096
1096 586 924
586 924 1096
277 686 1329
686 277 1329
1329 277 686
410 147 743
743 147 410
147 410 743
874 567 1493
1493 567 874
567 874 1493
180 1024 1473
1024 180 1473
1473 180 1024
719 473 1157
473 719 1157
1157 473 719
1152 384 832
832 384 1152
384 832 1152
1034 579 967
579 967 1034
967 579 1034
910 536 1408
1408 536 910
536 910 1408
629 168 1259
168 629 1259
1259 168 629
693 948 1193
1193 693 948
948 693 1193
28 920 997
920 28 997
997 28 920
1142 1278 1311
1278 1142 1311
1311 1142 1278
1499 92 602
92 602 1499
602 92 1499
446 208 998
998 208 446
208 446 998
786 105 132
105 132 786
132 105 786
427 183 1355
183 427 1355
1355 183 427
74 210 800
210 74 800
800 74 210
1336 241 1118
1118 241 1336
241 1118 1336
