1000 621 729
729 621 1000
621 729 1000
127 1019 1166
1019 127 1166
1166 127 1019
652 361 537
361 537 652
537 361 652
60 440 1437
440 60 1437
1437 60 440
520 40 268
268 40 520
40 268 520
877 975 1447
1447 877 975
975 877 1447
1300 708 1048
708 1048 1300
1048 708 1300
1478 519 1417
519 1417 1478
1417 519 1478
66 46 917
46 66 917
917 46 66
168 397 438
397 168 438
438 168 397
16 1 293
1 16 293
293 1 16
1148 20 1311
20 1148 1311
1311 20 1148
852 310 345
310 345 852
345 310 852
957 381 1406
381 957 1406
1406 381 957
220 1164 1318
1318 220 1164
1164 220 1318
312 940 978
978 312 940
940 312 978
432 589 1469
589 432 1469
1469 432 589
1310 887 1228
1228 887 1310
887 1228 1310
84 30 244
30 84 244
244 30 84
329 1204 1471
1471 329 1204
1204 329 1471
503 1268 1460
1268 503 1460
1460 503 1268
1328 1386 1411
1411 1328 1386
1386 1328 1411
392 313 545
545 313 392
313 392 545
71 613 1415
613 71 1415
1415 71 613
656 707 737
707 656 737
737 656 707
405 239 275
239 275 405
275 239 405
736 295 370
370 295 736
295 370 736
1401 543 802
543 802 1401
802 543 1401
358 157 364
364 157 358
157 358 364
15 631 644
644 15 631
631 15 644
1209 87 674
674 87 1209
87 674 1209
53 654 1059
1059 53 654
654 53 1059
494 800 1188
800 494 1188
1188 494 800
21 620 1223
1223 21 620
620 21 1223
1467 931 952
931 952 1467
952 931 1467
623 270 742
742 270 623
270 623 742
944 1041 1327
1041 944 1327
1327 944 1041
1029 162 911
162 911 1029
911 162 1029
835 596 837
837 596 835
596 835 837
1189 710 828
710 828 1189
828 710 1189
1381 847 1054
1054 847 1381
847 1054 1381
622 679 1088
1088 622 679
679 622 1088
398 311 976
976 311 398
311 398 976
1014 10 590
10 590 1014
590 10 1014
682 138 1092
138 682 1092
1092 138 682
934 988 1134
1134 934 988
988 934 1134
118 454 1339
454 118 1339
1339 118 454
731 5 1439
5 731 1439
1439 5 731
184 584 1081
1081 184 584
584 184 1081
462 252 1430
252 462 1430
1430 252 462
212 898 1407
1407 212 898
898 212 1407
344 124 958
124 344 958
958 124 344
1438 378 1089
1089 378 1438
378 1089 1438
1065 117 1100
1100 117 1065
117 1065 1100
790 880 1256
880 790 1256
1256 790 880
994 108 247
108 247 994
247 108 994
546 394 625
625 394 546
394 546 625
1063 64 819
64 819 1063
819 64 1063
750 724 914
724 750 914
914 724 750
1016 83 956
83 956 1016
956 83 1016
422 1400 1494
1494 422 1400
1400 422 1494
809 926 1271
1271 809 926
926 809 1271
1180 45 903
45 903 1180
903 45 1180
431 634 689
634 431 689
689 431 634
691 48 1475
1475 48 691
48 691 1475
1390 475 925
475 925 1390
925 475 1390
1174 811 1323
811 1174 1323
1323 811 1174
585 68 99
68 99 585
99 68 585
37 919 943
919 37 943
943 37 919
1225 35 89
89 35 1225
35 89 1225
985 823 1419
1419 823 985
823 985 1419
300 827 949
949 300 827
827 300 949
1330 23 713
713 23 1330
23 713 1330
1336 1297 1303
1297 1303 1336
1303 1297 1336
1058 343 1046
1046 343 1058
343 1046 1058
14 349 418
349 14 418
418 14 349
918 831 973
831 918 973
973 831 918
1342 534 706
706 534 1342
534 706 1342
458 749 841
749 458 841
841 458 749
1500 321 788
788 321 1500
321 788 1500
499 196 1175
1175 196 499
196 499 1175
1351 922 1331
922 1331 1351
1331 922 1351
986 1275 1312
1275 986 1312
1312 986 1275
58 643 1020
1020 58 643
643 58 1020
1242 284 965
965 284 1242
284 965 1242
572 704 861
704 572 861
861 572 704
1087 96 762
762 96 1087
96 762 1087
1393 1261 1422
1422 1261 1393
1261 1393 1422
1241 1128 1284
1284 1128 1241
1128 1241 1284
153 326 1340
326 153 1340
1340 153 326
791 895 951
895 791 951
951 791 895
741 715 814
715 741 814
814 715 741
720 156 331
331 156 720
156 331 720
981 764 980
980 764 981
764 980 981
992 110 336
336 110 992
110 336 992
1140 444 1162
444 1140 1162
1162 444 1140
273 175 1131
175 273 1131
1131 175 273
711 868 1085
1085 711 868
868 711 1085
1126 1107 1211
1107 1126 1211
1211 1107 1126
152 437 1196
1196 152 437
437 152 1196
680 135 1286
135 680 1286
1286 135 680
885 698 936
698 885 936
936 698 885
233 423 635
423 233 635
635 233 423
230 231 1408
231 230 1408
1408 230 231
1443 928 1440
928 1440 1443
1440 928 1443
1359 262 1333
262 1333 1359
1333 262 1359
238 133 341
341 133 238
133 238 341
535 172 1096
172 535 1096
1096 172 535
1321 1045 1354
1045 1321 1354
1354 1045 1321
57 2 464
2 57 464
464 2 57
320 531 1207
531 320 1207
1207 320 531
605 1191 1215
1215 605 1191
1191 605 1215
425 896 1159
1159 425 896
896 425 1159
789 559 912
912 559 789
559 789 912
501 1158 1260
1158 501 1260
1260 501 1158
959 1013 1199
1013 959 1199
1199 959 1013
1222 600 1272
600 1222 1272
1272 600 1222
871 286 1295
286 871 1295
1295 286 871
696 191 420
420 191 696
191 420 696
3 255 967
255 3 967
967 3 255
460 651 798
798 460 651
651 460 798
400 500 579
500 400 579
579 400 500
32 575 860
860 32 575
575 32 860
1177 573 1391
1391 573 1177
573 1177 1391
335 214 751
751 214 335
214 335 751
960 289 1387
1387 289 960
289 960 1387
61 25 206
25 61 206
206 25 61
225 94 518
518 94 225
94 225 518
1293 977 1119
1119 977 1293
977 1119 1293
350 1025 1397
1025 350 1397
1397 350 1025
1497 382 900
382 900 1497
900 382 1497
963 126 524
524 126 963
126 524 963
1076 629 1255
629 1076 1255
1255 629 1076
953 171 304
304 171 953
171 304 953
638 376 1477
376 638 1477
1477 376 638
482 360 611
360 482 611
611 360 482
687 884 1463
884 687 1463
1463 687 884
1037 544 993
544 993 1037
993 544 1037
372 1129 1479
1479 372 1129
1129 372 1479
746 166 1099
166 746 1099
1099 166 746
844 467 1470
1470 467 844
467 844 1470
1229 752 780
752 780 1229
780 752 1229
62 1117 1173
1173 62 1117
1117 62 1173
367 163 774
774 163 367
163 367 774
1366 173 1398
173 1366 1398
1398 173 1366
470 131 1118
131 470 1118
1118 131 470
840 676 1279
676 840 1279
1279 676 840
386 161 1098
161 386 1098
1098 161 386
1138 197 962
197 962 1138
962 197 1138
1338 290 402
290 402 1338
402 290 1338
701 426 666
426 666 701
666 426 701
1194 646 857
646 857 1194
857 646 1194
347 555 1130
1130 347 555
555 347 1130
1357 1231 1436
1231 1357 1436
1436 1231 1357
1263 111 527
111 527 1263
527 111 1263
474 1112 1232
1112 474 1232
1232 474 1112
511 564 1018
564 511 1018
1018 511 564
851 387 753
387 753 851
753 387 851
327 151 1106
151 327 1106
1106 151 327
678 1306 1399
1399 678 1306
1306 678 1399
1282 825 1053
825 1053 1282
1053 825 1282
1227 285 781
781 285 1227
285 781 1227
86 201 1024
1024 86 201
201 86 1024
266 337 747
337 266 747
747 266 337
261 448 525
448 261 525
525 261 448
700 578 1287
1287 578 700
578 700 1287
915 567 1186
567 915 1186
1186 567 915
816 39 281
39 281 816
281 39 816
773 188 859
188 773 859
859 188 773
148 213 636
636 148 213
213 148 636
167 292 407
292 167 407
407 167 292
241 658 901
901 241 658
658 241 901
478 609 734
609 478 734
734 478 609
180 302 946
302 180 946
946 180 302
1247 659 1208
659 1208 1247
1208 659 1247
309 465 1193
465 309 1193
1193 309 465
1315 36 1064
1064 36 1315
36 1064 1315
434 502 1368
502 434 1368
1368 434 502
1030 561 1192
561 1030 1192
1192 561 1030
1380 497 602
497 602 1380
602 497 1380
1448 328 1413
1413 328 1448
328 1413 1448
1197 38 846
846 38 1197
38 846 1197
842 1168 1499
1168 842 1499
1499 842 1168
1269 323 935
935 323 1269
323 935 1269
563 808 1344
808 563 1344
1344 563 808
829 54 1142
1142 54 829
54 829 1142
1360 139 982
139 982 1360
982 139 1360
486 143 389
389 143 486
143 389 486
849 1127 1234
1234 849 1127
1127 849 1234
369 728 1392
1392 369 728
728 369 1392
452 453 768
768 452 453
453 452 768
243 340 1434
1434 243 340
340 243 1434
1195 218 998
218 998 1195
998 218 1195
222 316 889
316 222 889
889 222 316
450 1132 1370
1132 450 1370
1370 450 1132
362 723 1250
1250 362 723
723 362 1250
419 305 479
479 305 419
305 419 479
377 65 1155
1155 65 377
65 377 1155
882 63 878
63 878 882
878 63 882
1141 265 1004
1004 265 1141
265 1004 1141
910 278 1487
1487 278 910
278 910 1487
1103 415 1473
1473 415 1103
415 1103 1473
365 593 703
593 365 703
703 365 593
33 866 1489
1489 33 866
866 33 1489
557 667 886
886 557 667
667 557 886
4 1075 1476
1075 4 1476
1476 4 1075
8 1358 1466
1466 8 1358
1358 8 1466
740 1213 1285
1213 740 1285
1285 740 1213
105 294 668
294 105 668
668 105 294
1068 41 249
249 41 1068
41 249 1068
580 406 442
406 442 580
442 406 580
735 253 333
333 253 735
253 333 735
352 542 1320
1320 352 542
542 352 1320
224 91 351
351 91 224
91 224 351
1147 209 865
209 865 1147
865 209 1147
515 308 456
308 456 515
456 308 515
1382 560 833
833 560 1382
560 833 1382
237 607 1299
607 237 1299
1299 237 607
1314 147 597
147 597 1314
597 147 1314
984 1350 1431
1431 984 1350
1350 984 1431
650 787 1039
1039 650 787
787 650 1039
93 655 1233
1233 93 655
655 93 1233
530 435 719
719 435 530
435 530 719
1319 492 969
492 969 1319
969 492 1319
1084 154 954
154 954 1084
954 154 1084
587 217 307
217 307 587
307 217 587
1203 784 1309
1309 784 1203
784 1203 1309
521 47 1078
47 521 1078
1078 47 521
617 395 873
395 617 873
873 395 617
477 236 384
384 236 477
236 384 477
170 598 1056
598 170 1056
1056 170 598
522 510 845
845 510 522
510 522 845
210 1051 1139
1139 210 1051
1051 210 1139
1481 276 1462
1462 276 1481
276 1462 1481
591 122 498
498 122 591
122 498 591
554 26 208
208 26 554
26 208 554
832 43 85
85 43 832
43 85 832
193 1289 1468
1468 193 1289
1289 193 1468
192 588 812
588 192 812
812 192 588
69 136 1420
136 69 1420
1420 69 136
601 1157 1236
1236 601 1157
1157 601 1236
1109 468 632
468 632 1109
632 468 1109
1265 756 1385
1385 756 1265
756 1265 1385
1274 342 1171
342 1171 1274
1171 342 1274
1187 771 1156
771 1156 1187
1156 771 1187
523 416 1097
1097 416 523
416 523 1097
240 88 1362
1362 88 240
88 240 1362
119 487 748
487 119 748
748 119 487
55 1043 1145
1145 55 1043
1043 55 1145
1281 330 603
330 603 1281
603 330 1281
999 848 991
991 848 999
848 991 999
996 221 653
221 653 996
653 221 996
897 324 1219
324 897 1219
1219 324 897
815 186 1116
1116 186 815
186 815 1116
717 223 445
445 223 717
223 445 717
92 429 1296
1296 92 429
429 92 1296
558 19 1317
1317 19 558
19 558 1317
517 1034 1283
1034 517 1283
1283 517 1034
77 280 1077
280 77 1077
1077 77 280
1028 430 461
430 461 1028
461 430 1028
1049 116 692
116 692 1049
692 116 1049
195 132 1343
132 195 1343
1343 132 195
549 106 1235
1235 106 549
106 549 1235
1423 403 1125
403 1125 1423
1125 403 1423
657 123 1144
1144 123 657
123 657 1144
505 11 640
640 11 505
11 505 640
529 796 893
893 529 796
796 529 893
1080 354 413
413 354 1080
354 413 1080
1252 42 1027
42 1027 1252
1027 42 1252
1291 348 1093
348 1093 1291
1093 348 1291
495 282 1394
282 495 1394
1394 282 495
697 599 726
726 599 697
599 697 726
990 356 955
955 356 990
356 955 990
315 109 1365
109 315 1365
1365 109 315
204 128 570
128 204 570
570 128 204
299 1040 1395
1040 299 1395
1395 299 1040
115 79 989
79 115 989
989 79 115
942 75 322
322 75 942
75 322 942
718 879 1492
879 718 1492
1492 718 879
760 702 858
702 760 858
858 702 760
1152 614 1050
1050 614 1152
614 1050 1152
242 141 615
615 141 242
141 242 615
1214 50 90
50 90 1214
90 50 1214
890 80 891
891 80 890
80 890 891
608 95 383
383 95 608
95 383 608
834 250 945
945 250 834
250 834 945
183 67 685
685 67 183
67 183 685
686 1133 1294
1133 686 1294
1294 686 1133
616 727 1254
727 616 1254
1254 616 727
562 428 1102
428 562 1102
1102 428 562
665 234 1218
1218 234 665
234 665 1218
693 872 971
872 693 971
971 693 872
618 446 929
929 446 618
446 618 929
820 31 1060
31 820 1060
1060 31 820
203 1184 1428
1428 203 1184
1184 203 1428
1376 254 1424
254 1376 1424
1424 254 1376
649 485 669
485 649 669
669 485 649
271 778 1352
1352 271 778
778 271 1352
694 836 1266
836 694 1266
1266 694 836
332 805 1104
1104 332 805
805 332 1104
801 1022 1335
1022 801 1335
1335 801 1022
594 822 1355
822 594 1355
1355 594 822
507 150 1070
150 507 1070
1070 150 507
489 730 930
730 489 930
930 489 730
574 34 1033
34 574 1033
1033 34 574
979 905 1161
905 979 1161
1161 905 979
675 761 818
761 675 818
818 675 761
619 1298 1409
1409 619 1298
1298 619 1409
853 74 1278
74 853 1278
1278 74 853
1198 714 961
714 961 1198
961 714 1198
1441 137 373
137 373 1441
373 137 1441
1326 948 1457
948 1326 1457
1457 948 1326
1181 325 688
325 688 1181
688 325 1181
301 1115 1418
1418 301 1115
1115 301 1418
194 763 1113
1113 194 763
763 194 1113
29 44 569
569 29 44
44 29 569
355 78 129
78 129 355
129 78 355
516 541 1244
541 516 1244
1244 516 541
821 838 1324
838 821 1324
1324 821 838
251 258 553
258 251 553
553 251 258
1003 765 1146
1146 765 1003
765 1003 1146
1349 648 1153
1153 648 1349
648 1153 1349
1251 683 1032
1032 683 1251
683 1032 1251
181 1111 1459
1459 181 1111
1111 181 1459
1444 664 1245
664 1245 1444
1245 664 1444
1182 205 264
205 264 1182
264 205 1182
1337 385 920
920 385 1337
385 920 1337
439 318 538
538 318 439
318 439 538
200 189 1456
189 200 1456
1456 189 200
1143 455 550
550 455 1143
455 550 1143
291 390 1341
1341 291 390
390 291 1341
469 421 1086
1086 421 469
421 469 1086
869 114 1264
114 869 1264
1264 114 869
165 380 1346
1346 165 380
380 165 1346
577 229 1452
229 577 1452
1452 229 577
226 1332 1388
1388 226 1332
1332 226 1388
908 179 198
179 198 908
198 179 908
1378 660 1292
1292 660 1378
660 1292 1378
1273 359 471
359 471 1273
471 359 1273
1110 576 1017
1017 576 1110
576 1017 1110
248 526 1120
526 248 1120
1120 248 526
185 417 758
417 185 758
758 185 417
82 1249 1348
1249 82 1348
1348 82 1249
795 1308 1329
1308 795 1329
1329 795 1308
228 883 1488
1488 228 883
883 228 1488
401 826 1451
826 401 1451
1451 401 826
699 716 1453
1453 699 716
716 699 1453
1288 1105 1217
1217 1105 1288
1105 1217 1288
1416 533 536
533 536 1416
536 533 1416
663 921 1151
921 663 1151
1151 663 921
1486 145 1433
1433 145 1486
145 1433 1486
1073 391 633
391 633 1073
633 391 1073
1135 6 950
950 6 1135
6 950 1135
409 1036 1427
1036 409 1427
1427 409 1036
661 586 1325
1325 586 661
586 661 1325
1498 317 1270
317 1270 1498
1270 317 1498
904 272 441
272 441 904
441 272 904
97 493 1259
493 97 1259
1259 97 493
1480 447 824
824 447 1480
447 824 1480
1023 705 1258
705 1023 1258
1258 705 1023
1474 104 288
288 104 1474
104 288 1474
121 641 755
641 121 755
755 121 641
338 739 906
739 338 906
906 338 739
353 1374 1446
1374 353 1446
1446 353 1374
626 767 1482
1482 626 767
767 626 1482
1160 490 870
490 870 1160
870 490 1160
399 476 709
476 399 709
709 399 476
1011 404 1410
1410 404 1011
404 1011 1410
757 263 1276
1276 263 757
263 757 1276
817 568 1458
1458 568 817
568 817 1458
830 396 645
396 645 830
645 396 830
296 107 624
624 107 296
107 296 624
1052 443 888
888 443 1052
443 888 1052
27 267 1353
267 27 1353
1353 27 267
176 13 671
13 176 671
671 13 176
142 532 850
850 142 532
532 142 850
855 314 775
775 314 855
314 775 855
319 894 1136
894 319 1136
1136 319 894
297 1095 1371
1371 297 1095
1095 297 1371
862 334 366
366 334 862
334 366 862
1001 227 1165
1165 227 1001
227 1001 1165
371 968 1021
1021 371 968
968 371 1021
770 298 1262
1262 298 770
298 770 1262
232 804 1449
1449 232 804
804 232 1449
177 933 1404
933 177 1404
1404 177 933
1202 987 1230
987 1202 1230
1230 987 1202
164 927 1082
1082 164 927
927 164 1082
783 146 966
966 146 783
146 783 966
1216 733 1450
733 1216 1450
1450 733 1216
1185 754 1149
754 1149 1185
1149 754 1185
103 509 923
509 103 923
923 103 509
414 140 939
140 414 939
939 140 414
1047 158 513
158 513 1047
513 158 1047
1220 279 1425
279 1220 1425
1425 279 1220
283 881 1454
881 283 1454
1454 283 881
947 1212 1493
1493 947 1212
1212 947 1493
1277 215 339
339 215 1277
215 339 1277
1007 52 722
52 722 1007
722 52 1007
843 506 1313
1313 506 843
506 843 1313
964 149 303
149 303 964
303 149 964
76 1183 1495
1495 76 1183
1183 76 1495
1178 1305 1375
1375 1178 1305
1305 1178 1375
581 159 1101
159 581 1101
1101 159 581
363 155 1108
1108 155 363
155 363 1108
547 539 604
539 547 604
604 539 547
433 7 785
7 433 785
785 7 433
1079 160 1069
1069 160 1079
160 1069 1079
1414 867 1426
867 1414 1426
1426 867 1414
1372 970 1389
1389 970 1372
970 1372 1389
427 466 792
466 427 792
792 427 466
1237 306 769
306 769 1237
769 306 1237
662 144 1179
1179 144 662
144 662 1179
1163 346 1067
1067 346 1163
346 1067 1163
134 436 1137
1137 134 436
436 134 1137
1445 744 907
907 744 1445
744 907 1445
1190 178 528
178 528 1190
528 178 1190
459 207 1377
1377 207 459
207 459 1377
565 1224 1290
1224 565 1290
1290 565 1224
681 1038 1083
1038 681 1083
1083 681 1038
368 776 1384
776 368 1384
1384 368 776
120 672 1012
672 120 1012
1012 120 672
491 1347 1464
1347 491 1464
1464 491 1347
1172 410 743
743 410 1172
410 743 1172
1200 473 779
779 473 1200
473 779 1200
1356 457 1240
1240 457 1356
457 1240 1356
12 1302 1483
1483 12 1302
1302 12 1483
777 424 1061
1061 424 777
424 777 1061
627 797 1057
797 627 1057
1057 627 797
1363 412 1496
1496 412 1363
412 1363 1496
548 18 1248
18 548 1248
1248 18 548
592 259 540
540 259 592
259 540 592
583 17 256
256 17 583
17 256 583
582 612 721
612 582 721
721 582 612
1412 782 1322
1322 782 1412
782 1322 1412
556 274 1150
274 556 1150
1150 274 556
504 1121 1226
1226 504 1121
1121 504 1226
803 899 1403
1403 803 899
899 803 1403
1091 187 1304
187 1091 1304
1304 187 1091
1432 202 1435
1435 202 1432
202 1432 1435
269 169 1005
169 269 1005
1005 169 269
9 257 552
257 9 552
552 9 257
174 673 806
673 174 806
806 174 673
745 995 1257
995 745 1257
1257 745 995
451 235 863
863 235 451
235 451 863
1221 219 1008
1008 219 1221
219 1008 1221
1367 72 630
72 630 1367
630 72 1367
1316 799 1176
799 1176 1316
1176 799 1316
1429 98 684
98 684 1429
684 98 1429
854 997 1002
1002 854 997
997 854 1002
1035 112 1267
1267 112 1035
112 1035 1267
1062 916 972
972 916 1062
916 972 1062
388 876 1071
1071 388 876
876 388 1071
1074 408 1124
1124 408 1074
408 1074 1124
759 974 1239
974 759 1239
1239 759 974
1205 484 642
484 642 1205
642 484 1205
1243 514 1015
514 1015 1243
1015 514 1243
1031 24 379
379 24 1031
24 379 1031
102 246 1484
246 102 1484
1484 102 246
411 216 1461
216 411 1461
1461 216 411
1345 595 875
595 875 1345
875 595 1345
1042 51 81
51 81 1042
81 51 1042
1169 909 1170
1170 909 1169
909 1169 1170
1044 1206 1361
1361 1044 1206
1206 1044 1361
375 813 1072
1072 375 813
813 375 1072
277 449 1123
1123 277 449
449 277 1123
732 606 924
606 732 924
924 606 732
983 864 1455
1455 864 983
864 983 1455
856 712 786
712 786 856
786 712 856
807 28 677
28 677 807
677 28 807
357 22 113
113 22 357
22 113 357
1301 56 1114
1114 56 1301
56 1114 1301
1009 130 1006
1006 130 1009
130 1006 1009
1122 628 1010
628 1010 1122
1010 628 1122
1405 566 1280
1280 566 1405
566 1280 1405
245 1307 1491
1307 245 1491
1491 245 1307
182 49 59
59 49 182
49 59 182
393 101 260
260 101 393
101 260 393
725 766 902
902 725 766
766 725 902
810 938 1246
1246 810 938
938 810 1246
463 690 1369
690 463 1369
1369 463 690
496 508 1364
508 496 1364
1364 496 508
1465 793 874
874 793 1465
793 874 1465
100 1167 1472
1472 100 1167
1167 100 1472
1383 481 551
551 481 1383
481 551 1383
941 1094 1421
1421 941 1094
1094 941 1421
610 190 1055
190 610 1055
1055 190 610
1066 287 1490
287 1066 1490
1490 287 1066
374 480 695
480 374 695
695 374 480
1334 738 1379
1379 738 1334
738 1334 1379
1485 483 1201
1201 483 1485
483 1201 1485
670 1373 1396
1373 670 1396
1396 670 1373
1154 647 932
647 932 1154
932 647 1154
639 794 1026
1026 639 794
794 639 1026
913 211 571
211 571 913
571 211 913
472 73 125
73 125 472
125 73 472
1442 70 1090
1090 70 1442
70 1090 1442
1210 488 637
637 488 1210
488 637 1210
1238 199 839
199 839 1238
839 199 1238
1253 892 1402
892 1253 1402
1402 892 1253
512 772 937
937 512 772
772 512 937
