2621 6920 10235
10235 2621 6920
6920 2621 10235
12284 6262 8663
6262 8663 12284
8663 6262 12284
5928 5658 13250
13250 5658 5928
5658 5928 13250
9168 3810 5772
3810 5772 9168
5772 3810 9168
10585 5014 8276
8276 5014 10585
5014 8276 10585
1720 3818 8015
3818 1720 8015
8015 1720 3818
11482 113 10033
113 10033 11482
10033 113 11482
11909 5652 7854
7854 5652 11909
5652 7854 11909
4019 1963 10266
10266 1963 4019
1963 4019 10266
9736 3922 5837
5837 3922 9736
3922 5837 9736
11685 1539 14974
1539 11685 14974
14974 1539 11685
6921 1214 4273
4273 1214 6921
1214 4273 6921
12488 5701 6145
6145 5701 12488
5701 6145 12488
3192 10554 13520
13520 3192 10554
10554 3192 13520
4472 3372 9579
3372 4472 9579
9579 3372 4472
342 706 3306
706 342 3306
3306 342 706
7511 3945 12941
12941 3945 7511
3945 7511 12941
10435 401 14806
14806 401 10435
401 10435 14806
6254 8825 14887
14887 6254 8825
8825 6254 14887
12379 2324 11182
11182 2324 12379
2324 11182 12379
1809 5424 5811
5424 1809 5811
5811 1809 5424
2661 315 11893
315 2661 11893
11893 315 2661
4995 5714 6908
6908 4995 5714
5714 4995 6908
10126 10316 11642
11642 10126 10316
10316 10126 11642
2611 938 13928
13928 938 2611
938 2611 13928
7490 1667 3131
3131 1667 7490
1667 3131 7490
3024 7140 12801
7140 3024 12801
12801 3024 7140
13216 2959 6410
2959 6410 13216
6410 2959 13216
3564 1743 3410
3410 1743 3564
1743 3410 3564
6208 1999 5995
5995 1999 6208
1999 5995 6208
1424 140 6128
140 1424 6128
6128 140 1424
2219 917 12667
12667 917 2219
917 2219 12667
12131 6783 8423
6783 8423 12131
8423 6783 12131
2947 5620 8662
5620 2947 8662
8662 2947 5620
11866 4631 5930
5930 4631 11866
4631 5930 11866
8099 1911 11592
1911 8099 11592
11592 1911 8099
9920 1867 5403
1867 5403 9920
5403 1867 9920
8772 5151 13296
5151 8772 13296
13296 5151 8772
7067 5469 5502
5469 5502 7067
5502 5469 7067
6248 2551 8029
2551 6248 8029
8029 2551 6248
8254 10771 12484
10771 8254 12484
12484 8254 10771
8664 8486 10267
10267 8486 8664
8486 8664 10267
3833 12143 14848
12143 3833 14848
14848 3833 12143
728 2612 13577
2612 728 13577
13577 728 2612
4212 6582 13807
13807 4212 6582
6582 4212 13807
9264 8992 14530
14530 8992 9264
8992 9264 14530
13998 2889 6446
2889 6446 13998
6446 2889 13998
9116 3217 12646
3217 9116 12646
12646 3217 9116
12459 3978 7307
3978 7307 12459
7307 3978 12459
2870 1201 13110
1201 2870 13110
13110 1201 2870
908 13269 14454
13269 908 14454
14454 908 13269
13837 5359 13646
13646 5359 13837
5359 13646 13837
14521 6126 10334
6126 10334 14521
10334 6126 14521
5817 5375 8095
8095 5375 5817
5375 5817 8095
9363 1470 7677
1470 7677 9363
7677 1470 9363
13895 7780 14151
7780 13895 14151
14151 7780 13895
1334 1888 6476
1888 1334 6476
6476 1334 1888
5694 7961 12546
12546 5694 7961
7961 5694 12546
8275 206 11488
11488 206 8275
206 8275 11488
13840 11429 14909
14909 11429 13840
11429 13840 14909
5707 3981 8852
3981 5707 8852
8852 3981 5707
1975 6966 12101
6966 1975 12101
12101 1975 6966
11409 5387 12625
5387 11409 12625
12625 5387 11409
416 935 9471
935 416 9471
9471 416 935
4181 4322 11723
4322 4181 11723
11723 4181 4322
5466 2085 8542
2085 5466 8542
8542 2085 5466
7285 5251 8085
8085 5251 7285
5251 7285 8085
5700 5767 12579
5767 5700 12579
12579 5700 5767
6417 3798 6123
6123 3798 6417
3798 6123 6417
10825 6926 12209
12209 6926 10825
6926 10825 12209
2305 13478 14669
14669 2305 13478
13478 2305 14669
1227 7291 11007
7291 1227 11007
11007 1227 7291
7934 10393 10813
10393 7934 10813
10813 7934 10393
5592 11022 14548
14548 5592 11022
11022 5592 14548
12987 2376 9639
9639 2376 12987
2376 9639 12987
10869 1059 3416
1059 3416 10869
3416 1059 10869
2999 5126 13025
5126 2999 13025
13025 2999 5126
1449 6065 12664
12664 1449 6065
6065 1449 12664
9254 11854 13869
13869 9254 11854
11854 9254 13869
12684 8687 8717
8717 8687 12684
8687 8717 12684
6706 10082 13378
10082 6706 13378
13378 6706 10082
13984 6418 7228
6418 7228 13984
7228 6418 13984
6929 4033 4573
4033 4573 6929
4573 4033 6929
5377 207 1732
207 1732 5377
1732 207 5377
5595 3633 10069
10069 3633 5595
3633 5595 10069
12822 1462 8709
8709 1462 12822
1462 8709 12822
10722 5432 6646
6646 5432 10722
5432 6646 10722
5051 3622 8184
3622 5051 8184
8184 3622 5051
722 2133 14830
2133 722 14830
14830 722 2133
3499 8408 14547
14547 3499 8408
8408 3499 14547
1190 2234 11261
2234 1190 11261
11261 1190 2234
6374 3887 9806
9806 3887 6374
3887 6374 9806
5619 14649 14891
14649 5619 14891
14891 5619 14649
2069 8937 14041
8937 2069 14041
14041 2069 8937
9999 3470 13903
3470 9999 13903
13903 3470 9999
6082 5343 5437
5343 5437 6082
5437 5343 6082
12736 7394 10455
10455 7394 12736
7394 10455 12736
4792 2563 8232
2563 4792 8232
8232 2563 4792
14685 12914 13031
13031 12914 14685
12914 13031 14685
9770 8653 11638
11638 8653 9770
8653 9770 11638
13950 3713 13026
3713 13026 13950
13026 3713 13950
8899 2877 3474
2877 3474 8899
3474 2877 8899
7545 1518 12089
1518 7545 12089
12089 1518 7545
104 7489 11079
11079 104 7489
7489 104 11079
5968 3604 11159
11159 3604 5968
3604 5968 11159
10784 8324 12114
8324 10784 12114
12114 8324 10784
8354 2071 14617
14617 2071 8354
2071 8354 14617
5736 1566 5617
5617 1566 5736
1566 5617 5736
11061 8161 14834
14834 8161 11061
8161 11061 14834
14059 8826 10868
8826 10868 14059
10868 8826 14059
13266 1805 12491
1805 12491 13266
12491 1805 13266
4706 13184 14309
14309 4706 13184
13184 4706 14309
3282 11173 11264
11264 3282 11173
11173 3282 11264
5474 6509 7765
6509 5474 7765
7765 5474 6509
3605 2635 11502
11502 2635 3605
2635 3605 11502
10421 4739 7680
4739 7680 10421
7680 4739 10421
5916 9813 12364
12364 5916 9813
9813 5916 12364
11276 276 4743
4743 276 11276
276 4743 11276
11746 24 12831
12831 24 11746
24 11746 12831
11972 1840 6385
1840 6385 11972
6385 1840 11972
11023 5905 14574
5905 11023 14574
14574 5905 11023
13659 12125 13496
12125 13496 13659
13496 12125 13659
5662 6059 14832
6059 5662 14832
14832 5662 6059
1430 1661 9532
9532 1430 1661
1661 1430 9532
6085 3828 10449
3828 6085 10449
10449 3828 6085
1483 833 10236
10236 833 1483
833 1483 10236
2001 2703 4242
4242 2001 2703
2703 2001 4242
5629 724 1523
724 1523 5629
1523 724 5629
4000 6272 7923
6272 4000 7923
7923 4000 6272
12663 1918 8956
1918 8956 12663
8956 1918 12663
7121 1988 4822
4822 1988 7121
1988 4822 7121
14087 5006 9349
5006 9349 14087
9349 5006 14087
12544 5633 10043
5633 10043 12544
10043 5633 12544
14499 10948 13414
10948 13414 14499
13414 10948 14499
8991 8784 13511
13511 8784 8991
8784 8991 13511
3160 6823 9576
9576 3160 6823
6823 3160 9576
6746 1314 7727
1314 6746 7727
7727 1314 6746
4045 2463 8082
8082 2463 4045
2463 4045 8082
13955 3720 7634
3720 7634 13955
7634 3720 13955
2732 3822 13748
13748 2732 3822
3822 2732 13748
5033 8905 14873
8905 5033 14873
14873 5033 8905
3690 652 13439
13439 652 3690
652 3690 13439
12744 3394 9022
9022 3394 12744
3394 9022 12744
3928 9565 14178
14178 3928 9565
9565 3928 14178
383 3585 11440
11440 383 3585
3585 383 11440
10220 907 9464
9464 907 10220
907 9464 10220
5539 2928 12922
12922 2928 5539
2928 5539 12922
7603 3563 8952
3563 7603 8952
8952 3563 7603
1907 6363 14845
6363 1907 14845
14845 1907 6363
13630 2516 4376
2516 4376 13630
4376 2516 13630
5937 730 14728
730 5937 14728
14728 730 5937
9662 1630 3728
1630 3728 9662
3728 1630 9662
13174 12281 13017
12281 13017 13174
13017 12281 13174
12451 11862 13379
11862 12451 13379
13379 11862 12451
10545 5768 6686
6686 5768 10545
5768 6686 10545
8620 8107 14312
14312 8107 8620
8107 8620 14312
14046 12222 13605
12222 13605 14046
13605 12222 14046
14529 10 6789
6789 10 14529
10 6789 14529
9137 3187 12028
12028 3187 9137
3187 9137 12028
13868 470 6732
470 6732 13868
6732 470 13868
7552 10016 14364
14364 7552 10016
10016 7552 14364
14128 241 13099
13099 241 14128
241 13099 14128
5244 332 1606
1606 332 5244
332 1606 5244
5327 570 6952
570 5327 6952
6952 570 5327
9981 268 429
429 268 9981
268 429 9981
11542 5559 12227
5559 11542 12227
12227 5559 11542
5070 10217 14511
14511 5070 10217
10217 5070 14511
14927 2532 5951
2532 5951 14927
5951 2532 14927
4425 450 4568
450 4425 4568
4568 450 4425
8869 2600 11703
11703 2600 8869
2600 8869 11703
13221 882 8331
8331 882 13221
882 8331 13221
8211 1036 10858
1036 8211 10858
10858 1036 8211
12620 7520 10023
7520 10023 12620
10023 7520 12620
8205 7049 13534
13534 7049 8205
7049 8205 13534
13315 3077 3627
3627 3077 13315
3077 3627 13315
4910 255 5267
255 4910 5267
5267 255 4910
1590 1413 2448
2448 1413 1590
1413 1590 2448
5724 3896 5731
3896 5724 5731
5731 3896 5724
10395 8736 12742
8736 10395 12742
12742 8736 10395
14757 4336 10896
4336 10896 14757
10896 4336 14757
9003 875 14819
875 9003 14819
14819 875 9003
5808 12816 13294
13294 5808 12816
12816 5808 13294
8336 8780 11087
11087 8336 8780
8780 8336 11087
7766 851 6360
851 6360 7766
6360 851 7766
4256 2031 12794
2031 4256 12794
12794 2031 4256
617 6617 13160
6617 617 13160
13160 617 6617
12171 5000 9280
9280 5000 12171
5000 9280 12171
6019 4861 7759
7759 4861 6019
4861 6019 7759
9602 319 11451
11451 319 9602
319 9602 11451
6369 8865 8893
8893 6369 8865
8865 6369 8893
9857 3598 14618
3598 9857 14618
14618 3598 9857
618 1893 2224
2224 618 1893
1893 618 2224
7597 5395 12921
5395 7597 12921
12921 5395 7597
11120 4444 7331
7331 4444 11120
4444 7331 11120
13560 8164 13078
8164 13078 13560
13078 8164 13560
8741 5683 14346
5683 8741 14346
14346 5683 8741
9666 9240 9874
9874 9240 9666
9240 9666 9874
2970 3081 3706
3081 2970 3706
3706 2970 3081
12799 10582 14692
10582 12799 14692
14692 10582 12799
4301 458 2643
458 2643 4301
2643 458 4301
11344 1705 10541
1705 10541 11344
10541 1705 11344
6721 3 13741
13741 3 6721
3 6721 13741
9407 13555 13667
13555 9407 13667
13667 9407 13555
4165 1378 11357
1378 4165 11357
11357 1378 4165
3408 1254 2697
1254 2697 3408
2697 1254 3408
3889 8945 11150
8945 3889 11150
11150 3889 8945
3948 3426 9881
9881 3426 3948
3426 3948 9881
4621 8044 12569
12569 4621 8044
8044 4621 12569
8043 1974 11910
1974 8043 11910
11910 1974 8043
4318 6152 7964
6152 4318 7964
7964 4318 6152
8690 9308 14711
9308 8690 14711
14711 8690 9308
9380 8591 12020
8591 9380 12020
12020 8591 9380
9300 7137 10283
7137 9300 10283
10283 7137 9300
11853 9915 10365
9915 10365 11853
10365 9915 11853
1344 11011 11721
11721 1344 11011
11011 1344 11721
7668 1186 13539
13539 1186 7668
1186 7668 13539
7661 1863 7683
7683 1863 7661
1863 7661 7683
12037 4092 8949
8949 4092 12037
4092 8949 12037
5747 2560 5623
2560 5623 5747
5623 2560 5747
10797 13778 13889
13778 10797 13889
13889 10797 13778
10888 9902 13832
9902 10888 13832
13832 9902 10888
8499 10273 11354
11354 8499 10273
10273 8499 11354
6247 2562 8274
2562 6247 8274
8274 2562 6247
5924 776 9704
776 5924 9704
9704 776 5924
11489 4878 13816
13816 4878 11489
4878 11489 13816
1587 2067 14855
2067 1587 14855
14855 1587 2067
13224 1203 5362
1203 5362 13224
5362 1203 13224
4676 515 14637
14637 515 4676
515 4676 14637
13181 5956 13736
5956 13181 13736
13736 5956 13181
13658 6820 7842
6820 7842 13658
7842 6820 13658
10933 6573 13906
6573 10933 13906
13906 6573 10933
2921 8145 11743
11743 2921 8145
8145 2921 11743
11495 1711 11643
11643 1711 11495
1711 11495 11643
8305 3752 12737
3752 8305 12737
12737 3752 8305
2812 9266 11209
9266 2812 11209
11209 2812 9266
616 9170 9746
9170 616 9746
9746 616 9170
8119 4546 6493
4546 6493 8119
6493 4546 8119
9311 10050 10788
10788 9311 10050
10050 9311 10788
13922 2489 8657
2489 8657 13922
8657 2489 13922
8506 5172 5422
5172 5422 8506
5422 5172 8506
3281 3141 11633
3141 3281 11633
11633 3141 3281
12727 2699 14371
14371 2699 12727
2699 12727 14371
11930 4316 9912
9912 4316 11930
4316 9912 11930
845 8507 9238
9238 845 8507
8507 845 9238
11556 1467 1794
1794 1467 11556
1467 1794 11556
4779 858 1775
1775 858 4779
858 1775 4779
1240 6643 7627
6643 1240 7627
7627 1240 6643
6807 199 4192
4192 199 6807
199 4192 6807
2753 605 12458
12458 605 2753
605 2753 12458
10067 3804 7748
3804 7748 10067
7748 3804 10067
2388 6091 6310
6091 2388 6310
6310 2388 6091
3123 3643 10754
3643 3123 10754
10754 3123 3643
12561 2759 7364
7364 2759 12561
2759 7364 12561
1051 10611 14700
10611 1051 14700
14700 1051 10611
10721 70 13921
70 10721 13921
13921 70 10721
4066 7231 11216
7231 4066 11216
11216 4066 7231
3946 5238 12080
12080 3946 5238
5238 3946 12080
9888 4652 9215
9215 4652 9888
4652 9215 9888
1943 1497 11457
11457 1497 1943
1497 1943 11457
3558 7047 11818
11818 3558 7047
7047 3558 11818
2253 3768 14828
14828 2253 3768
3768 2253 14828
8108 7935 14666
14666 7935 8108
7935 8108 14666
2794 7034 7675
7675 2794 7034
7034 2794 7675
9351 4027 13450
13450 4027 9351
4027 9351 13450
6707 7945 8323
8323 6707 7945
7945 6707 8323
7388 897 5113
897 5113 7388
5113 897 7388
360 1624 14085
14085 360 1624
1624 360 14085
9682 2129 8013
8013 2129 9682
2129 8013 9682
1771 5175 12819
5175 1771 12819
12819 1771 5175
9738 2451 5193
2451 5193 9738
5193 2451 9738
14170 1693 11858
1693 11858 14170
11858 1693 14170
13428 3738 7218
3738 7218 13428
7218 3738 13428
4828 7777 9837
7777 4828 9837
9837 4828 7777
5117 10173 11584
10173 5117 11584
11584 5117 10173
14800 9401 10791
9401 10791 14800
10791 9401 14800
8127 1375 7129
1375 7129 8127
7129 1375 8127
10996 1900 13161
1900 10996 13161
13161 1900 10996
5079 1681 4657
1681 4657 5079
4657 1681 5079
12733 839 9281
9281 839 12733
839 9281 12733
1249 3630 4896
4896 1249 3630
3630 1249 4896
9783 160 3730
3730 160 9783
160 3730 9783
12116 5341 11528
11528 5341 12116
5341 11528 12116
14896 1549 8450
1549 8450 14896
8450 1549 14896
14608 10685 11334
11334 10685 14608
10685 11334 14608
1910 726 11220
726 1910 11220
11220 726 1910
14234 88 8646
88 8646 14234
8646 88 14234
2954 7898 13824
7898 2954 13824
13824 2954 7898
6871 3291 4894
4894 3291 6871
3291 4894 6871
4807 1425 7173
7173 1425 4807
1425 4807 7173
11966 2462 11237
2462 11237 11966
11237 2462 11966
3252 4171 4326
4171 3252 4326
4326 3252 4171
11369 1247 4501
4501 1247 11369
1247 4501 11369
9275 13162 14431
13162 9275 14431
14431 9275 13162
4478 6086 6876
6876 4478 6086
6086 4478 6876
6373 3403 14633
14633 3403 6373
3403 6373 14633
14002 7323 8067
7323 8067 14002
8067 7323 14002
12828 7877 9657
7877 9657 12828
9657 7877 12828
10278 307 13467
307 10278 13467
13467 307 10278
3447 7830 11690
11690 3447 7830
7830 3447 11690
5258 11035 11816
11035 5258 11816
11816 5258 11035
10174 3170 10448
10448 3170 10174
3170 10174 10448
5961 2496 9416
9416 2496 5961
2496 5961 9416
1004 8460 10351
8460 1004 10351
10351 1004 8460
944 6916 14722
6916 944 14722
14722 944 6916
5958 8509 9966
9966 5958 8509
8509 5958 9966
6449 1276 14359
1276 6449 14359
14359 1276 6449
4064 349 2601
2601 349 4064
349 2601 4064
3279 6013 8716
6013 3279 8716
8716 3279 6013
12869 8179 8391
8391 8179 12869
8179 8391 12869
13464 2169 10329
10329 2169 13464
2169 10329 13464
2899 7983 12644
12644 2899 7983
7983 2899 12644
262 1294 12997
12997 262 1294
1294 262 12997
9050 109 12271
109 9050 12271
12271 109 9050
8014 2565 12425
2565 8014 12425
12425 2565 8014
12185 8401 13854
13854 8401 12185
8401 12185 13854
1708 4098 14412
4098 1708 14412
14412 1708 4098
4169 10618 11789
11789 4169 10618
10618 4169 11789
2006 5885 8410
8410 2006 5885
5885 2006 8410
8909 10815 12692
10815 8909 12692
12692 8909 10815
1731 1657 4947
1657 1731 4947
4947 1657 1731
14339 11774 12105
12105 11774 14339
11774 12105 14339
961 1634 7083
1634 961 7083
7083 961 1634
11899 67 7690
7690 67 11899
67 7690 11899
12162 4420 9130
4420 9130 12162
9130 4420 12162
8524 2208 3884
3884 2208 8524
2208 3884 8524
7205 4719 9009
4719 7205 9009
9009 4719 7205
14992 3895 10041
10041 3895 14992
3895 10041 14992
709 2561 5443
2561 709 5443
5443 709 2561
10028 2004 5908
5908 2004 10028
2004 5908 10028
9954 107 8903
8903 107 9954
107 8903 9954
12863 1073 10711
1073 10711 12863
10711 1073 12863
11353 8177 12328
8177 11353 12328
12328 8177 11353
7504 11362 14825
11362 7504 14825
14825 7504 11362
3739 8432 10593
8432 3739 10593
10593 3739 8432
13739 6692 8859
6692 8859 13739
8859 6692 13739
6481 4091 6602
4091 6481 6602
6602 4091 6481
3999 322 14840
14840 322 3999
322 3999 14840
10670 155 14213
14213 155 10670
155 10670 14213
8167 7478 12073
7478 8167 12073
12073 7478 8167
10617 6188 12996
12996 6188 10617
6188 10617 12996
1101 4094 14146
14146 1101 4094
4094 1101 14146
11744 5807 14121
14121 5807 11744
5807 11744 14121
6425 5932 11265
11265 5932 6425
5932 6425 11265
926 1359 8344
8344 926 1359
1359 926 8344
14616 5379 10992
5379 10992 14616
10992 5379 14616
7177 723 1484
723 1484 7177
1484 723 7177
8086 6252 11462
6252 8086 11462
11462 6252 8086
11228 7874 13933
7874 11228 13933
13933 7874 11228
5933 2633 3053
3053 2633 5933
2633 3053 5933
689 5134 9478
5134 689 9478
9478 689 5134
6941 7853 14079
7853 6941 14079
14079 6941 7853
5590 11720 14097
14097 5590 11720
11720 5590 14097
12640 1216 8787
1216 8787 12640
8787 1216 12640
11905 556 10669
10669 556 11905
556 10669 11905
4715 3052 11674
3052 4715 11674
11674 3052 4715
1852 3613 9119
3613 1852 9119
9119 1852 3613
2405 5074 12292
12292 2405 5074
5074 2405 12292
6513 4203 4401
4203 4401 6513
4401 4203 6513
10884 12359 14493
12359 10884 14493
14493 10884 12359
10479 5509 8541
8541 5509 10479
5509 8541 10479
3742 14009 14052
14052 3742 14009
14009 3742 14052
11807 1766 8006
1766 8006 11807
8006 1766 11807
5576 1965 12858
12858 1965 5576
1965 5576 12858
3556 8009 8868
8009 3556 8868
8868 3556 8009
5794 6101 9577
6101 5794 9577
9577 5794 6101
3267 5745 12980
5745 3267 12980
12980 3267 5745
13127 10297 14255
10297 13127 14255
14255 10297 13127
2145 12247 14605
14605 2145 12247
12247 2145 14605
10805 1238 4288
4288 1238 10805
1238 4288 10805
5160 4104 14485
4104 5160 14485
14485 4104 5160
9108 3453 14134
3453 9108 14134
14134 3453 9108
14130 10251 13708
10251 13708 14130
13708 10251 14130
11636 8465 10671
8465 10671 11636
10671 8465 11636
11529 4245 7574
7574 4245 11529
4245 7574 11529
4745 90 7509
7509 90 4745
90 4745 7509
2914 1881 6729
6729 1881 2914
1881 2914 6729
3791 10550 12124
10550 3791 12124
12124 3791 10550
14266 7796 9107
9107 7796 14266
7796 9107 14266
12233 2335 12703
2335 12233 12703
12703 2335 12233
2027 2714 8958
2714 2027 8958
8958 2027 2714
6100 11867 13770
13770 6100 11867
11867 6100 13770
10800 7100 9486
9486 7100 10800
7100 9486 10800
5959 5167 9728
5167 5959 9728
9728 5167 5959
230 9001 11538
11538 230 9001
9001 230 11538
103 11597 12903
12903 103 11597
11597 103 12903
4655 5067 10563
10563 4655 5067
5067 4655 10563
14490 1666 3093
3093 1666 14490
1666 3093 14490
11110 1832 10983
1832 10983 11110
10983 1832 11110
2300 6282 12144
12144 2300 6282
6282 2300 12144
6715 4702 4953
4953 4702 6715
4702 4953 6715
12623 2191 8581
2191 8581 12623
8581 2191 12623
2245 7693 9064
9064 2245 7693
7693 2245 9064
2690 2363 14369
2363 2690 14369
14369 2363 2690
8136 3507 14784
14784 3507 8136
3507 8136 14784
1934 5796 14946
14946 1934 5796
5796 1934 14946
13499 6121 10574
10574 6121 13499
6121 10574 13499
11815 169 7922
7922 169 11815
169 7922 11815
14730 813 4281
4281 813 14730
813 4281 14730
9101 8031 13705
13705 8031 9101
8031 9101 13705
3765 8575 13320
13320 3765 8575
8575 3765 13320
8796 3384 6650
3384 6650 8796
6650 3384 8796
5016 9739 11112
11112 5016 9739
9739 5016 11112
12466 1977 11964
11964 1977 12466
1977 11964 12466
10615 14022 14029
14029 10615 14022
14022 10615 14029
11601 228 2078
2078 228 11601
228 2078 11601
4701 6393 11710
6393 4701 11710
11710 4701 6393
837 6422 10203
10203 837 6422
6422 837 10203
2163 2022 10835
10835 2022 2163
2022 2163 10835
14311 7686 10371
10371 7686 14311
7686 10371 14311
7551 9744 10469
9744 7551 10469
10469 7551 9744
14089 7166 9510
9510 7166 14089
7166 9510 14089
9866 11034 12541
12541 9866 11034
11034 9866 12541
7310 8321 14726
14726 7310 8321
8321 7310 14726
9952 7164 10918
7164 9952 10918
10918 7164 9952
13615 5548 10701
5548 10701 13615
10701 5548 13615
14799 600 6884
6884 600 14799
600 6884 14799
6957 9501 9572
9572 6957 9501
9501 6957 9572
14735 9437 13820
13820 9437 14735
9437 13820 14735
11015 7688 14739
7688 11015 14739
14739 7688 11015
3642 931 8555
8555 931 3642
931 3642 8555
13084 194 12045
12045 194 13084
194 12045 13084
10439 5573 7455
7455 5573 10439
5573 7455 10439
1998 452 4907
4907 452 1998
452 1998 4907
5497 218 12049
12049 218 5497
218 5497 12049
12224 3270 5283
3270 5283 12224
5283 3270 12224
12246 3747 9067
3747 9067 12246
9067 3747 12246
10632 8904 14981
14981 8904 10632
8904 10632 14981
764 2746 14883
14883 764 2746
2746 764 14883
14791 7398 13971
13971 7398 14791
7398 13971 14791
6644 2755 6988
2755 6644 6988
6988 2755 6644
770 2829 6024
2829 770 6024
6024 770 2829
439 2016 13131
2016 439 13131
13131 439 2016
11814 2367 5484
2367 5484 11814
5484 2367 11814
1409 8908 14920
14920 1409 8908
8908 1409 14920
6048 3178 3754
3754 3178 6048
3178 3754 6048
5275 4160 12771
12771 4160 5275
4160 5275 12771
9571 482 14023
14023 482 9571
482 9571 14023
2154 6955 12634
6955 2154 12634
12634 2154 6955
9710 7189 7497
7497 7189 9710
7189 7497 9710
8471 9260 9534
9534 8471 9260
9260 8471 9534
10164 2358 10733
2358 10164 10733
10733 2358 10164
7857 4993 13359
13359 4993 7857
4993 7857 13359
6180 703 10808
10808 703 6180
703 6180 10808
4342 2922 3009
3009 2922 4342
2922 3009 4342
12880 10056 11316
10056 11316 12880
11316 10056 12880
10373 6279 7743
6279 7743 10373
7743 6279 10373
1307 677 2765
2765 677 1307
677 1307 2765
9586 5574 6090
5574 6090 9586
6090 5574 9586
5903 108 5861
5861 108 5903
108 5861 5903
13607 796 9663
9663 796 13607
796 9663 13607
5809 3316 9606
3316 5809 9606
9606 3316 5809
13227 2458 5825
2458 5825 13227
5825 2458 13227
1233 3934 9388
9388 1233 3934
3934 1233 9388
6018 1942 2499
1942 2499 6018
2499 1942 6018
8554 11655 13139
11655 8554 13139
13139 8554 11655
4644 9034 12050
12050 4644 9034
9034 4644 12050
3719 12718 14583
14583 3719 12718
12718 3719 14583
11657 8479 9789
8479 9789 11657
9789 8479 11657
5032 6358 7924
6358 5032 7924
7924 5032 6358
5713 2527 4041
4041 2527 5713
2527 4041 5713
11401 9750 13290
9750 11401 13290
13290 9750 11401
5316 10692 11164
10692 5316 11164
11164 5316 10692
9424 2025 10623
2025 9424 10623
10623 2025 9424
4869 1952 14393
14393 1952 4869
1952 4869 14393
5525 12132 12598
12598 5525 12132
12132 5525 12598
4703 219 2018
219 2018 4703
2018 219 4703
3479 353 7660
353 3479 7660
7660 353 3479
3882 9831 13697
9831 3882 13697
13697 3882 9831
1433 640 5241
640 1433 5241
5241 640 1433
13670 11243 11784
11243 11784 13670
11784 11243 13670
11787 676 13616
676 11787 13616
13616 676 11787
11897 4987 12551
4987 11897 12551
12551 4987 11897
1319 3698 8346
3698 1319 8346
8346 1319 3698
4891 12214 14252
14252 4891 12214
12214 4891 14252
10578 1289 7213
1289 7213 10578
7213 1289 10578
13404 1460 6276
6276 1460 13404
1460 6276 13404
4790 2874 3231
3231 2874 4790
2874 3231 4790
12427 3606 13683
3606 12427 13683
13683 3606 12427
1675 10000 13635
13635 1675 10000
10000 1675 13635
14954 9475 14875
14875 9475 14954
9475 14875 14954
3614 1936 12894
1936 3614 12894
12894 1936 3614
2629 621 12986
621 2629 12986
12986 621 2629
13815 502 1082
502 1082 13815
1082 502 13815
419 2035 4374
4374 419 2035
2035 419 4374
4163 8079 14024
8079 4163 14024
14024 4163 8079
11924 10258 14118
14118 10258 11924
10258 11924 14118
2984 8974 9091
8974 2984 9091
9091 2984 8974
221 7096 12829
7096 221 12829
12829 221 7096
254 4943 12854
12854 254 4943
4943 254 12854
14180 6212 13663
6212 13663 14180
13663 6212 14180
11378 12636 12696
12636 11378 12696
12696 11378 12636
814 1818 9599
9599 814 1818
1818 814 9599
5902 13038 14687
13038 5902 14687
14687 5902 13038
2802 441 12717
441 2802 12717
12717 441 2802
936 9462 11053
11053 936 9462
9462 936 11053
3173 2521 12158
12158 2521 3173
2521 3173 12158
6258 10414 12263
10414 6258 12263
12263 6258 10414
5294 541 12291
12291 541 5294
541 5294 12291
7635 5571 8569
5571 7635 8569
8569 5571 7635
14910 4783 8764
8764 4783 14910
4783 8764 14910
13542 9701 10492
10492 9701 13542
9701 10492 13542
7896 2681 8368
8368 2681 7896
2681 7896 8368
13946 6568 11197
6568 11197 13946
11197 6568 13946
13370 1418 1631
1418 1631 13370
1631 1418 13370
14967 12770 12981
12770 12981 14967
12981 12770 14967
5140 7237 9961
9961 5140 7237
7237 5140 9961
4015 1763 7725
1763 4015 7725
7725 1763 4015
10675 12585 14854
12585 10675 14854
14854 10675 12585
736 22 14091
22 736 14091
14091 22 736
5055 9598 10581
10581 5055 9598
9598 5055 10581
9452 4070 14708
14708 4070 9452
4070 9452 14708
8198 115 375
375 115 8198
115 375 8198
9339 6888 7342
7342 6888 9339
6888 7342 9339
11764 6041 8590
8590 6041 11764
6041 8590 11764
2651 5154 13418
13418 2651 5154
5154 2651 13418
9147 5835 6897
6897 5835 9147
5835 6897 9147
14415 3735 12999
12999 3735 14415
3735 12999 14415
10824 430 8285
430 8285 10824
8285 430 10824
9136 516 14949
14949 516 9136
516 9136 14949
14274 7393 8340
8340 7393 14274
7393 8340 14274
4593 13962 14287
13962 4593 14287
14287 4593 13962
6769 12197 12512
12512 6769 12197
12197 6769 12512
105 11544 12619
12619 105 11544
11544 105 12619
10633 4506 12118
4506 10633 12118
12118 4506 10633
177 3865 14882
3865 177 14882
14882 177 3865
4369 2840 9065
9065 2840 4369
2840 4369 9065
10387 4856 8016
8016 4856 10387
4856 8016 10387
3452 4261 14689
4261 3452 14689
14689 3452 4261
5717 4193 4873
4873 4193 5717
4193 4873 5717
2626 7144 9313
9313 2626 7144
7144 2626 9313
4325 1482 3062
3062 1482 4325
1482 3062 4325
8631 1724 14322
14322 1724 8631
1724 8631 14322
10987 2752 7671
7671 2752 10987
2752 7671 10987
7958 6159 12861
6159 7958 12861
12861 6159 7958
5680 4010 11487
11487 4010 5680
4010 5680 11487
11459 6936 7578
6936 7578 11459
7578 6936 11459
14325 810 13183
13183 810 14325
810 13183 14325
13723 981 1614
1614 981 13723
981 1614 13723
13543 2112 11453
2112 11453 13543
11453 2112 13543
147 11302 11986
11986 147 11302
11302 147 11986
8049 12884 13288
12884 8049 13288
13288 8049 12884
9722 2321 10772
10772 2321 9722
2321 9722 10772
5454 5077 9655
9655 5077 5454
5077 5454 9655
1835 997 8319
997 1835 8319
8319 997 1835
5601 1764 8103
1764 5601 8103
8103 1764 5601
11165 1680 4584
4584 1680 11165
1680 4584 11165
13328 8879 9177
8879 9177 13328
9177 8879 13328
11559 1752 4285
4285 1752 11559
1752 4285 11559
5786 7277 8926
8926 5786 7277
7277 5786 8926
1193 5734 11162
5734 1193 11162
11162 1193 5734
529 1908 9287
1908 529 9287
9287 529 1908
9204 9 4461
4461 9 9204
9 4461 9204
392 2618 8237
2618 392 8237
8237 392 2618
2997 1457 13077
13077 1457 2997
1457 2997 13077
5985 1613 9562
9562 1613 5985
1613 5985 9562
10828 3292 13597
13597 3292 10828
3292 10828 13597
12138 1519 7886
7886 1519 12138
1519 7886 12138
7655 4945 5349
5349 4945 7655
4945 5349 7655
14179 10261 11193
11193 10261 14179
10261 11193 14179
4270 2965 11358
11358 2965 4270
2965 4270 11358
4277 6322 10357
10357 4277 6322
6322 4277 10357
7963 5314 12755
12755 5314 7963
5314 7963 12755
10598 3273 12739
12739 3273 10598
3273 10598 12739
13551 4244 6595
6595 4244 13551
4244 6595 13551
2141 3448 5974
5974 2141 3448
3448 2141 5974
11684 3164 10039
10039 3164 11684
3164 10039 11684
11773 3010 10734
3010 10734 11773
10734 3010 11773
12265 952 10959
952 10959 12265
10959 952 12265
4257 7024 9231
7024 4257 9231
9231 4257 7024
3350 9259 13825
9259 3350 13825
13825 3350 9259
508 8750 12361
8750 508 12361
12361 508 8750
1880 3102 6335
6335 1880 3102
3102 1880 6335
11770 749 5726
749 5726 11770
5726 749 11770
7158 8126 8131
8131 7158 8126
8126 7158 8131
6324 144 10302
144 6324 10302
10302 144 6324
10660 6553 12508
6553 10660 12508
12508 6553 10660
11309 6491 10953
6491 10953 11309
10953 6491 11309
12889 932 13165
13165 932 12889
932 12889 13165
12414 11396 14082
11396 12414 14082
14082 11396 12414
9907 8272 10989
10989 8272 9907
8272 9907 10989
6115 1357 9092
1357 6115 9092
9092 1357 6115
9893 8304 11411
11411 8304 9893
8304 9893 11411
9284 1923 11929
1923 9284 11929
11929 1923 9284
6408 5990 7573
5990 6408 7573
7573 5990 6408
10712 11751 14959
14959 10712 11751
11751 10712 14959
5553 12417 13096
13096 5553 12417
12417 5553 13096
5880 8090 12907
12907 5880 8090
8090 5880 12907
3259 756 13056
13056 756 3259
756 3259 13056
7336 670 6944
6944 670 7336
670 6944 7336
7858 5536 14138
14138 5536 7858
5536 7858 14138
3298 679 4279
4279 679 3298
679 3298 4279
13847 184 9800
184 9800 13847
9800 184 13847
13415 2320 6875
6875 2320 13415
2320 6875 13415
12495 5467 8706
5467 8706 12495
8706 5467 12495
4916 12348 14231
12348 4916 14231
14231 4916 12348
11191 7505 9774
7505 9774 11191
9774 7505 11191
10762 12943 13568
13568 10762 12943
12943 10762 13568
6750 7011 11677
7011 6750 11677
11677 6750 7011
7590 3319 9448
3319 7590 9448
9448 3319 7590
12782 381 6831
381 6831 12782
6831 381 12782
11018 8558 11445
8558 11018 11445
11445 8558 11018
8223 6401 11902
6401 8223 11902
11902 6401 8223
3210 2721 3830
3830 2721 3210
2721 3210 3830
3413 2311 7921
2311 3413 7921
7921 2311 3413
11305 6521 7444
7444 6521 11305
6521 7444 11305
14756 7571 7849
7849 7571 14756
7571 7849 14756
12154 9376 10128
10128 9376 12154
9376 10128 12154
11605 13804 14786
13804 11605 14786
14786 11605 13804
12287 120 10442
10442 120 12287
120 10442 12287
3632 5504 7004
5504 3632 7004
7004 3632 5504
61 1443 3142
3142 61 1443
1443 61 3142
1109 5137 7002
7002 1109 5137
5137 1109 7002
7467 2475 2986
2986 2475 7467
2475 2986 7467
8004 8293 10756
10756 8004 8293
8293 8004 10756
649 887 1866
887 649 1866
1866 649 887
5784 7833 14990
14990 5784 7833
7833 5784 14990
14007 11249 13141
13141 11249 14007
11249 13141 14007
989 1932 6414
1932 989 6414
6414 989 1932
11185 146 7476
146 7476 11185
7476 146 11185
4881 5851 11707
5851 4881 11707
11707 4881 5851
695 4137 5050
4137 695 5050
5050 695 4137
7855 1341 2696
2696 1341 7855
1341 2696 7855
11532 6436 10819
10819 6436 11532
6436 10819 11532
12698 4026 7638
4026 7638 12698
7638 4026 12698
1045 1274 14657
1274 1045 14657
14657 1045 1274
12008 6912 12965
6912 12008 12965
12965 6912 12008
13702 3337 9087
3337 9087 13702
9087 3337 13702
6853 2528 12204
12204 2528 6853
2528 6853 12204
291 8378 10945
10945 291 8378
8378 291 10945
405 1369 6866
1369 405 6866
6866 405 1369
13041 9456 14350
14350 9456 13041
9456 13041 14350
8389 11739 14445
14445 8389 11739
11739 8389 14445
11390 2414 3988
2414 3988 11390
3988 2414 11390
10555 2343 2637
2343 2637 10555
2637 2343 10555
2593 76 5718
5718 76 2593
76 2593 5718
7238 6179 10232
6179 7238 10232
10232 6179 7238
14691 1985 10254
10254 1985 14691
1985 10254 14691
1916 909 14275
909 1916 14275
14275 909 1916
13907 384 6845
6845 384 13907
384 6845 13907
6124 1257 8685
1257 6124 8685
8685 1257 6124
12614 11099 14553
11099 12614 14553
14553 11099 12614
9646 883 5285
5285 883 9646
883 5285 9646
5347 992 5758
992 5347 5758
5758 992 5347
132 5264 12814
12814 132 5264
5264 132 12814
112 4364 10200
10200 112 4364
4364 112 10200
8313 3536 5847
3536 5847 8313
5847 3536 8313
9531 6427 9145
6427 9145 9531
9145 6427 9531
8990 10787 12216
10787 8990 12216
12216 8990 10787
13717 6177 7707
7707 6177 13717
6177 7707 13717
1823 6075 11689
11689 1823 6075
6075 1823 11689
9791 2953 7619
2953 7619 9791
7619 2953 9791
9530 5431 11566
11566 5431 9530
5431 9530 11566
8175 1944 8689
8689 1944 8175
1944 8175 8689
2043 7401 11000
11000 2043 7401
7401 2043 11000
1927 3660 6716
6716 1927 3660
3660 1927 6716
4105 367 10720
10720 367 4105
367 4105 10720
9553 7097 10780
10780 7097 9553
7097 9553 10780
968 4755 14283
4755 968 14283
14283 968 4755
1140 5116 10161
5116 1140 10161
10161 1140 5116
5783 5689 11046
5689 5783 11046
11046 5689 5783
8008 391 485
391 485 8008
485 391 8008
13732 12034 14591
12034 13732 14591
14591 12034 13732
6503 10966 13364
10966 6503 13364
13364 6503 10966
1919 12141 12974
12141 1919 12974
12974 1919 12141
11698 8911 14337
14337 8911 11698
8911 11698 14337
74 4108 9904
4108 74 9904
9904 74 4108
6396 10206 13495
13495 6396 10206
10206 6396 13495
3877 119 6028
6028 119 3877
119 3877 6028
3401 5886 10382
5886 3401 10382
10382 3401 5886
2628 6909 8320
8320 2628 6909
6909 2628 8320
3669 715 5005
5005 715 3669
715 3669 5005
12955 779 11941
779 11941 12955
11941 779 12955
12682 3705 7033
7033 3705 12682
3705 7033 12682
4789 3530 12584
3530 4789 12584
12584 3530 4789
3954 4559 6900
4559 3954 6900
6900 3954 4559
11799 2131 13706
2131 11799 13706
13706 2131 11799
10935 507 4846
507 4846 10935
4846 507 10935
11722 4434 4679
4434 4679 11722
4679 4434 11722
4350 10107 12340
12340 4350 10107
10107 4350 12340
7130 6078 9852
9852 6078 7130
6078 7130 9852
5816 12754 14293
14293 5816 12754
12754 5816 14293
8162 3931 12087
12087 3931 8162
3931 8162 12087
8246 1735 11144
1735 8246 11144
11144 1735 8246
10855 3913 7528
3913 7528 10855
7528 3913 10855
3857 1420 14611
14611 1420 3857
1420 3857 14611
12380 7369 10157
10157 7369 12380
7369 10157 12380
6260 10416 11522
10416 6260 11522
11522 6260 10416
6350 10163 11711
11711 6350 10163
10163 6350 11711
6924 258 9765
258 6924 9765
9765 258 6924
9282 1579 2152
2152 1579 9282
1579 2152 9282
9637 9060 11372
9060 9637 11372
11372 9060 9637
6142 1541 6064
1541 6064 6142
6064 1541 6142
830 1714 5052
5052 830 1714
1714 830 5052
8291 3304 8774
3304 8291 8774
8774 3304 8291
5926 9138 14126
14126 5926 9138
9138 5926 14126
1158 1423 2243
2243 1158 1423
1423 1158 2243
10313 6224 12740
12740 6224 10313
6224 10313 12740
14239 3732 8791
8791 3732 14239
3732 8791 14239
8011 6072 14509
14509 6072 8011
6072 8011 14509
9257 635 7880
7880 635 9257
635 7880 9257
11242 7563 7745
7745 7563 11242
7563 7745 11242
5026 9539 14924
14924 5026 9539
9539 5026 14924
3725 1615 14531
14531 1615 3725
1615 3725 14531
5787 3098 9382
3098 5787 9382
9382 3098 5787
4725 10995 13371
13371 4725 10995
10995 4725 13371
11791 161 2325
161 2325 11791
2325 161 11791
11199 9348 11329
11329 9348 11199
9348 11199 11329
8699 2946 4211
4211 2946 8699
2946 4211 8699
3018 2966 13819
13819 2966 3018
2966 3018 13819
4412 3991 12237
12237 3991 4412
3991 4412 12237
12453 4634 5761
5761 4634 12453
4634 5761 12453
4793 285 7564
7564 285 4793
285 4793 7564
8482 966 11754
966 8482 11754
11754 966 8482
14152 4334 5920
4334 5920 14152
5920 4334 14152
7210 10731 12358
10731 7210 12358
12358 7210 10731
3484 7775 13389
7775 3484 13389
13389 3484 7775
5521 8301 9017
8301 5521 9017
9017 5521 8301
4596 280 8503
280 4596 8503
8503 280 4596
8846 3710 6949
3710 6949 8846
6949 3710 8846
6171 4290 6060
4290 6060 6171
6060 4290 6171
11465 5177 12912
5177 11465 12912
12912 5177 11465
2125 1709 10812
1709 2125 10812
10812 1709 2125
4487 7948 13448
13448 4487 7948
7948 4487 13448
2429 4922 6651
6651 2429 4922
4922 2429 6651
14224 2962 10773
10773 2962 14224
2962 10773 14224
6842 5284 5830
5284 5830 6842
5830 5284 6842
10125 12354 13455
13455 10125 12354
12354 10125 13455
14564 2466 10340
2466 10340 14564
10340 2466 14564
8783 3180 13653
3180 8783 13653
13653 3180 8783
4059 1979 7250
7250 1979 4059
1979 4059 7250
13118 8289 13073
8289 13073 13118
13073 8289 13118
2868 1992 11151
11151 1992 2868
1992 2868 11151
8914 795 3957
3957 795 8914
795 3957 8914
10269 2164 7138
2164 7138 10269
7138 2164 10269
7290 3488 13743
13743 3488 7290
3488 7290 13743
6051 3759 12951
12951 3759 6051
3759 6051 12951
13459 7713 11545
11545 7713 13459
7713 11545 13459
12261 4732 11040
4732 11040 12261
11040 4732 12261
1700 1128 11588
1128 1700 11588
11588 1128 1700
12065 3911 13003
3911 12065 13003
13003 3911 12065
11435 6930 11104
11104 6930 11435
6930 11104 11435
13878 2836 12710
12710 2836 13878
2836 12710 13878
1330 13205 14823
13205 1330 14823
14823 1330 13205
771 11549 14546
11549 771 14546
14546 771 11549
9400 3734 7154
7154 3734 9400
3734 7154 9400
4636 3548 14464
3548 4636 14464
14464 3548 4636
2509 8129 14681
8129 2509 14681
14681 2509 8129
8792 12454 12553
12454 8792 12553
12553 8792 12454
4144 9815 12649
12649 4144 9815
9815 4144 12649
3855 7207 13850
13850 3855 7207
7207 3855 13850
5822 2734 9277
2734 5822 9277
9277 2734 5822
11949 10811 11188
11188 10811 11949
10811 11188 11949
13722 17 1055
17 1055 13722
1055 17 13722
4899 1068 5923
1068 4899 5923
5923 1068 4899
6629 5230 9968
5230 6629 9968
9968 5230 6629
2797 10816 12300
12300 2797 10816
10816 2797 12300
5779 4185 10481
4185 5779 10481
10481 4185 5779
14619 9008 13194
9008 13194 14619
13194 9008 14619
12765 9632 12013
12013 9632 12765
9632 12013 12765
9337 3144 5402
5402 3144 9337
3144 5402 9337
12601 4989 6965
4989 6965 12601
6965 4989 12601
13097 12901 14703
14703 12901 13097
12901 13097 14703
14259 13845 13851
13851 13845 14259
13845 13851 14259
7015 2439 9015
9015 2439 7015
2439 7015 9015
1208 2323 13939
13939 1208 2323
2323 1208 13939
5604 4117 10344
10344 4117 5604
4117 5604 10344
3726 4075 12009
12009 3726 4075
4075 3726 12009
10044 2932 8193
8193 2932 10044
2932 8193 10044
13340 12494 13500
13500 12494 13340
12494 13340 13500
13608 3571 6868
6868 3571 13608
3571 6868 13608
9680 1905 2890
1905 2890 9680
2890 1905 9680
957 451 1251
1251 451 957
451 957 1251
136 1248 13314
13314 136 1248
1248 136 13314
6688 2195 9025
2195 6688 9025
9025 2195 6688
1534 5307 5659
5307 1534 5659
5659 1534 5307
1018 5703 6541
5703 1018 6541
6541 1018 5703
14238 124 10981
124 10981 14238
10981 124 14238
8564 11640 12479
12479 8564 11640
11640 8564 12479
3342 2157 9848
9848 2157 3342
2157 3342 9848
13800 6001 7755
6001 7755 13800
7755 6001 13800
435 3268 5162
5162 435 3268
3268 435 5162
4552 10165 12757
12757 4552 10165
10165 4552 12757
4495 3365 13919
3365 4495 13919
13919 3365 4495
8714 3249 10323
3249 8714 10323
10323 3249 8714
7905 465 10238
10238 465 7905
465 7905 10238
13297 3099 13263
13263 3099 13297
3099 13263 13297
6808 6800 10956
10956 6800 6808
6800 6808 10956
13493 10850 14895
14895 10850 13493
10850 13493 14895
12708 720 14300
720 12708 14300
14300 720 12708
14923 6459 8551
6459 8551 14923
8551 6459 14923
6811 6841 13210
13210 6811 6841
6841 6811 13210
10974 4278 8629
4278 8629 10974
8629 4278 10974
7930 10372 11217
10372 7930 11217
11217 7930 10372
12441 3995 13688
3995 12441 13688
13688 3995 12441
5853 8654 13007
8654 5853 13007
13007 5853 8654
14952 4629 6457
4629 6457 14952
6457 4629 14952
2818 8644 14150
8644 2818 14150
14150 2818 8644
12135 7169 8462
7169 8462 12135
8462 7169 12135
6349 2923 7522
2923 6349 7522
7522 2923 6349
11204 7116 11543
11543 7116 11204
7116 11204 11543
11413 10683 13103
10683 11413 13103
13103 10683 11413
12778 8142 12758
12758 8142 12778
8142 12758 12778
2060 2228 2389
2228 2060 2389
2389 2060 2228
4363 7618 9938
7618 4363 9938
9938 4363 7618
14472 4647 7800
7800 4647 14472
4647 7800 14472
11092 3812 14838
3812 11092 14838
14838 3812 11092
11012 4017 11269
11269 4017 11012
4017 11012 11269
7429 1577 4323
4323 1577 7429
1577 4323 7429
716 2310 10830
2310 716 10830
10830 716 2310
3017 1280 5268
5268 1280 3017
1280 3017 5268
10968 5441 14032
14032 5441 10968
5441 10968 14032
4694 3997 13151
13151 3997 4694
3997 4694 13151
12302 4402 11923
11923 4402 12302
4402 11923 12302
6942 8282 14267
8282 6942 14267
14267 6942 8282
9796 1384 11415
11415 1384 9796
1384 9796 11415
5743 489 8836
489 5743 8836
8836 489 5743
999 7724 7794
7724 999 7794
7794 999 7724
2573 6139 8829
8829 2573 6139
6139 2573 8829
3687 4798 8055
4798 3687 8055
8055 3687 4798
10688 2070 5425
2070 5425 10688
5425 2070 10688
8058 1595 11297
11297 1595 8058
1595 8058 11297
5939 1553 6371
1553 5939 6371
6371 1553 5939
3188 3155 11919
11919 3155 3188
3155 3188 11919
14181 506 9631
9631 506 14181
506 9631 14181
5119 13811 14417
13811 5119 14417
14417 5119 13811
273 10883 14356
14356 273 10883
10883 273 14356
8182 697 9385
697 8182 9385
9385 697 8182
365 5204 7337
7337 365 5204
5204 365 7337
11097 3211 13953
3211 11097 13953
13953 3211 11097
13970 615 12571
615 12571 13970
12571 615 13970
4637 10248 10775
10775 4637 10248
10248 4637 10775
12533 1531 13421
1531 12533 13421
13421 1531 12533
3406 8318 12835
8318 3406 12835
12835 3406 8318
12812 1119 10940
10940 1119 12812
1119 10940 12812
6791 314 5261
314 5261 6791
5261 314 6791
6569 7692 14518
14518 6569 7692
7692 6569 14518
4563 1084 13714
1084 4563 13714
13714 1084 4563
8610 8967 11124
8967 8610 11124
11124 8610 8967
5892 4286 7328
4286 5892 7328
7328 4286 5892
323 3193 13219
3193 323 13219
13219 323 3193
6720 6073 10137
10137 6073 6720
6073 6720 10137
4380 13844 14983
13844 4380 14983
14983 4380 13844
180 6345 10447
10447 180 6345
6345 180 10447
6186 4607 14191
4607 6186 14191
