548 220 234
234 220 548
220 234 548
1493 1010 1406
1010 1406 1493
1406 1010 1493
704 1092 1200
1092 704 1200
1200 704 1092
2 580 1342
580 2 1342
1342 2 580
560 333 1004
1004 333 560
333 560 1004
487 114 293
114 293 487
293 114 487
843 70 605
70 605 843
605 70 843
38 785 1063
1063 38 785
785 38 1063
885 923 1002
923 885 1002
1002 885 923
1152 128 173
128 173 1152
173 128 1152
365 772 880
772 365 880
880 365 772
1114 709 1280
1280 709 1114
709 1114 1280
227 1039 1350
1039 227 1350
1350 227 1039
1373 444 922
922 444 1373
444 922 1373
1450 538 573
538 573 1450
573 538 1450
639 655 886
886 639 655
655 639 886
259 191 426
191 259 426
426 191 259
780 998 1171
1171 780 998
998 780 1171
966 69 1370
1370 69 966
69 966 1370
1197 135 397
397 135 1197
135 397 1197
1427 31 638
31 638 1427
638 31 1427
692 953 1413
1413 692 953
953 692 1413
1481 975 1101
975 1101 1481
1101 975 1481
1334 369 1116
1116 369 1334
369 1116 1334
646 1202 1223
1202 646 1223
1223 646 1202
558 41 1291
1291 41 558
41 558 1291
628 352 561
561 352 628
352 561 628
1022 817 852
817 852 1022
852 817 1022
59 172 446
172 59 446
446 59 172
212 568 1270
1270 212 568
568 212 1270
367 190 581
190 367 581
581 190 367
1086 479 1213
479 1086 1213
1213 479 1086
1414 336 962
962 336 1414
336 962 1414
1231 594 1266
1266 594 1231
594 1231 1266
1 800 1316
800 1 1316
1316 1 800
696 1276 1491
1276 696 1491
1491 696 1276
1241 417 728
417 728 1241
728 417 1241
1210 297 1299
1299 297 1210
297 1210 1299
825 462 481
462 481 825
481 462 825
330 113 734
734 113 330
113 330 734
713 674 1121
1121 674 713
674 713 1121
822 669 940
940 669 822
669 822 940
1165 575 1273
575 1165 1273
1273 575 1165
1179 209 847
209 847 1179
847 209 1179
247 862 1265
1265 247 862
862 247 1265
1430 949 1140
949 1140 1430
1140 949 1430
511 876 1144
1144 511 876
876 511 1144
900 1019 1485
1485 900 1019
1019 900 1485
470 278 1461
1461 278 470
278 470 1461
347 335 364
364 335 347
335 347 364
1220 7 358
7 358 1220
358 7 1220
456 1036 1409
1409 456 1036
1036 456 1409
310 382 766
766 310 382
382 310 766
249 92 845
92 249 845
845 92 249
37 844 1222
1222 37 844
844 37 1222
1056 79 607
607 79 1056
79 607 1056
119 339 1104
339 119 1104
1104 119 339
1315 1083 1097
1083 1097 1315
1097 1083 1315
148 517 1192
517 148 1192
1192 148 517
372 302 652
302 372 652
652 302 372
1132 1042 1153
1153 1042 1132
1042 1132 1153
461 89 239
89 239 461
239 89 461
332 539 1226
1226 332 539
539 332 1226
673 61 1459
1459 61 673
61 673 1459
1454 555 1025
1025 555 1454
555 1025 1454
705 571 726
571 705 726
726 571 705
273 274 1076
1076 273 274
274 273 1076
979 19 1359
1359 19 979
19 979 1359
680 622 1018
622 680 1018
1018 622 680
623 105 471
471 105 623
105 471 623
973 68 1150
1150 68 973
68 973 1150
786 527 1425
527 786 1425
1425 527 786
1486 26 194
26 194 1486
194 26 1486
20 666 1073
1073 20 666
666 20 1073
1307 454 990
990 454 1307
454 990 1307
820 181 458
181 458 820
458 181 820
1498 127 1123
127 1123 1498
1123 127 1498
248 206 410
206 248 410
410 206 248
621 124 985
985 124 621
124 621 985
753 710 1458
710 753 1458
1458 710 753
988 708 890
890 708 988
708 890 988
531 810 1148
1148 531 810
810 531 1148
742 266 914
266 742 914
914 266 742
1405 379 1038
379 1038 1405
1038 379 1405
1310 3 550
550 3 1310
3 550 1310
965 633 1432
633 965 1432
1432 633 965
386 42 908
908 42 386
42 386 908
634 745 1051
745 634 1051
1051 634 745
1443 827 1189
1189 827 1443
827 1189 1443
1191 1269 1477
1477 1191 1269
1269 1191 1477
541 176 1162
176 541 1162
1162 176 541
1127 611 958
611 958 1127
958 611 1127
465 653 1214
653 465 1214
1214 465 653
536 276 1026
276 536 1026
1026 276 536
662 137 778
137 662 778
778 137 662
665 794 1177
1177 665 794
794 665 1177
187 916 918
918 187 916
916 187 918
1268 98 183
98 183 1268
183 98 1268
421 80 1284
1284 80 421
80 421 1284
839 337 1327
1327 337 839
337 839 1327
828 87 504
87 504 828
504 87 828
1028 636 1088
1088 636 1028
636 1028 1088
937 563 1418
1418 563 937
563 937 1418
795 342 732
342 732 795
732 342 795
936 475 986
475 936 986
986 475 936
1303 164 1161
164 1161 1303
1161 164 1303
1462 917 1078
917 1078 1462
1078 917 1462
681 315 1274
315 681 1274
1274 315 681
215 139 1096
1096 139 215
139 215 1096
268 1236 1301
1301 268 1236
1236 268 1301
840 15 938
15 840 938
938 15 840
261 878 970
970 261 878
878 261 970
799 1259 1419
1419 799 1259
1259 799 1419
1465 111 725
111 725 1465
725 111 1465
1345 502 1344
1344 502 1345
502 1344 1345
1369 199 269
199 269 1369
269 199 1369
789 240 521
521 240 789
240 521 789
384 565 578
578 384 565
565 384 578
972 411 1313
411 972 1313
1313 411 972
1147 99 307
99 307 1147
307 99 1147
1128 798 1357
1357 798 1128
798 1128 1357
498 1384 1415
1384 498 1415
1415 498 1384
1383 117 994
117 994 1383
994 117 1383
374 389 801
801 374 389
389 374 801
650 763 765
763 650 765
765 650 763
171 1020 1102
1102 171 1020
1020 171 1102
1046 401 1172
1172 401 1046
401 1046 1172
353 455 782
455 353 782
782 353 455
1188 325 1374
1374 325 1188
325 1188 1374
853 73 218
218 73 853
73 218 853
110 83 793
793 83 110
83 110 793
177 102 163
102 163 177
163 102 177
400 326 871
871 326 400
326 400 871
316 154 526
154 316 526
526 154 316
1444 340 740
740 340 1444
340 740 1444
304 8 224
8 224 304
224 8 304
1106 781 1058
781 1058 1106
1058 781 1106
1047 43 201
43 201 1047
201 43 1047
318 606 1300
606 318 1300
1300 318 606
510 385 1178
1178 385 510
385 510 1178
1255 1258 1398
1398 1255 1258
1258 1255 1398
250 22 1479
22 250 1479
1479 22 250
888 927 1445
927 888 1445
1445 888 927
992 693 1288
693 992 1288
1288 693 992
486 1348 1416
1416 486 1348
1348 486 1416
854 595 1478
595 854 1478
1478 595 854
959 651 1353
651 959 1353
1353 651 959
1071 162 1279
162 1071 1279
1279 162 1071
246 373 1354
1354 246 373
373 246 1354
926 290 477
290 477 926
477 290 926
420 123 1296
1296 123 420
123 420 1296
699 661 1225
1225 661 699
661 699 1225
1229 33 393
33 393 1229
393 33 1229
168 13 1130
1130 13 168
13 168 1130
1484 516 1030
516 1030 1484
1030 516 1484
583 467 1184
1184 467 583
467 583 1184
208 806 913
913 208 806
806 208 913
829 30 301
30 301 829
301 30 829
185 755 1397
1397 185 755
755 185 1397
491 445 867
445 491 867
867 445 491
557 50 223
223 50 557
50 223 557
939 390 505
505 390 939
390 505 939
14 478 1335
1335 14 478
478 14 1335
12 241 906
241 12 906
906 12 241
203 1361 1446
1361 203 1446
1446 203 1361
1495 106 1095
106 1095 1495
1095 106 1495
676 175 1262
1262 175 676
175 676 1262
1497 614 952
952 614 1497
614 952 1497
744 941 1124
941 744 1124
1124 744 941
1388 57 104
104 57 1388
57 104 1388
1380 64 161
64 161 1380
161 64 1380
279 932 1099
1099 279 932
932 279 1099
291 219 730
730 219 291
219 291 730
819 90 1429
1429 90 819
90 819 1429
549 97 1000
97 549 1000
1000 97 549
832 418 841
418 832 841
841 418 832
747 522 641
522 641 747
641 522 747
722 343 1072
1072 343 722
343 722 1072
1467 675 813
813 675 1467
675 813 1467
1287 344 1290
344 1287 1290
1290 344 1287
1131 288 1257
288 1131 1257
1257 288 1131
1456 217 899
217 899 1456
899 217 1456
816 371 1356
371 816 1356
1356 371 816
1333 783 1240
783 1240 1333
1240 783 1333
553 743 834
834 553 743
743 553 834
981 395 1237
1237 395 981
395 981 1237
529 232 603
232 529 603
603 232 529
737 1143 1408
1408 737 1143
1143 737 1408
360 884 1238
884 360 1238
1238 360 884
902 46 1332
46 902 1332
1332 46 902
72 230 616
230 72 616
616 72 230
1473 1044 1263
1263 1044 1473
1044 1263 1473
131 272 430
430 131 272
272 131 430
686 285 1281
1281 285 686
285 686 1281
341 270 698
270 341 698
698 270 341
452 859 1180
1180 452 859
859 452 1180
1151 960 1338
960 1151 1338
1338 960 1151
716 1129 1170
1170 716 1129
1129 716 1170
387 619 1103
619 387 1103
1103 387 619
824 120 1389
1389 120 824
120 824 1389
296 942 1108
942 296 1108
1108 296 942
1199 378 909
378 909 1199
909 378 1199
879 1059 1208
1059 879 1208
1208 879 1059
451 36 391
36 391 451
391 36 451
377 188 1367
188 377 1367
1367 188 377
29 1037 1133
1037 29 1133
1133 29 1037
53 873 1483
1483 53 873
873 53 1483
320 787 956
787 320 956
956 320 787
1247 195 282
282 195 1247
195 282 1247
143 4 950
4 143 950
950 4 143
443 419 951
951 419 443
419 443 951
1031 251 424
424 251 1031
251 424 1031
671 256 654
654 256 671
256 654 671
532 507 1166
507 532 1166
1166 507 532
35 1117 1421
1117 35 1421
1421 35 1117
1375 243 1194
1194 243 1375
243 1194 1375
870 689 1451
689 870 1451
1451 689 870
1294 281 969
969 281 1294
281 969 1294
60 412 1246
412 60 1246
1246 60 412
313 883 1005
1005 313 883
883 313 1005
442 76 298
298 76 442
76 298 442
989 306 831
306 831 989
831 306 989
904 178 1243
178 904 1243
1243 178 904
598 1278 1475
1278 598 1475
1475 598 1278
658 10 905
905 10 658
10 658 905
1351 706 935
706 935 1351
935 706 1351
66 570 1464
570 66 1464
1464 66 570
348 338 1391
1391 338 348
338 348 1391
802 54 1196
54 802 1196
1196 54 802
715 354 1201
1201 354 715
354 715 1201
984 777 1043
1043 777 984
777 984 1043
93 727 892
892 93 727
727 93 892
863 434 500
434 500 863
500 434 863
520 630 997
630 520 997
997 520 630
1423 791 805
805 791 1423
791 805 1423
289 921 1346
1346 289 921
921 289 1346
499 155 895
895 155 499
155 499 895
319 1366 1371
1371 319 1366
1366 319 1371
663 1173 1438
1173 663 1438
1438 663 1173
773 200 1193
200 773 1193
1193 200 773
1159 685 877
877 685 1159
685 877 1159
170 955 1439
955 170 1439
1439 170 955
1410 546 1122
546 1122 1410
1122 546 1410
101 631 1041
1041 101 631
631 101 1041
534 67 1034
67 534 1034
1034 67 534
1322 118 1098
118 1098 1322
1098 118 1322
355 574 1433
574 355 1433
1433 355 574
383 287 907
907 287 383
287 383 907
483 121 836
836 121 483
121 483 836
657 515 1469
515 657 1469
1469 515 657
592 1080 1471
1471 592 1080
1080 592 1471
207 807 1460
807 207 1460
1460 207 807
626 225 1378
225 626 1378
1378 225 626
576 437 864
437 576 864
864 437 576
497 474 1217
474 497 1217
1217 474 497
1323 414 464
464 414 1323
414 464 1323
244 165 1007
165 244 1007
1007 165 244
186 533 815
815 186 533
533 186 815
1403 362 584
362 584 1403
584 362 1403
1176 569 980
980 569 1176
569 980 1176
1024 632 977
632 977 1024
977 632 1024
987 1016 1134
1134 987 1016
1016 987 1134
1320 712 1067
712 1067 1320
1067 712 1320
731 6 1500
6 731 1500
1500 6 731
1055 312 1404
312 1055 1404
1404 312 1055
912 1185 1449
1185 912 1449
1449 912 1185
1221 920 1003
1003 920 1221
920 1003 1221
1082 695 1463
1463 695 1082
695 1082 1463
758 25 729
729 25 758
25 729 758
523 253 308
308 253 523
253 308 523
1261 1120 1377
1377 1120 1261
1120 1261 1377
1029 299 1239
1239 299 1029
299 1029 1239
1306 1050 1499
1050 1306 1499
1499 1050 1306
151 643 1329
1329 151 643
643 151 1329
1487 1207 1394
1207 1394 1487
1394 1207 1487
1318 1066 1234
1066 1234 1318
1234 1066 1318
265 682 717
717 265 682
682 265 717
429 618 1198
618 429 1198
1198 429 618
1175 924 930
924 930 1175
930 924 1175
21 1325 1331
1325 21 1331
1331 21 1325
107 612 804
804 107 612
612 107 804
749 16 1386
16 749 1386
1386 16 749
1075 407 1260
1260 407 1075
407 1075 1260
760 597 1298
597 760 1298
1298 597 760
317 944 1049
944 317 1049
1049 317 944
1482 91 204
91 204 1482
204 91 1482
254 82 482
482 82 254
82 254 482
891 931 1155
931 891 1155
1155 891 931
759 167 1136
167 759 1136
1136 167 759
1252 796 933
796 933 1252
933 796 1252
381 690 1062
690 381 1062
1062 381 690
512 39 1304
1304 39 512
39 512 1304
1448 677 1387
677 1387 1448
1387 677 1448
321 17 260
17 260 321
260 17 321
967 857 865
865 857 967
857 865 967
700 1230 1492
1230 700 1492
1492 700 1230
1074 144 721
721 144 1074
144 721 1074
1319 216 703
216 703 1319
703 216 1319
1149 136 567
136 567 1149
567 136 1149
1227 425 848
425 848 1227
848 425 1227
625 180 439
180 439 625
439 180 625
961 1011 1035
1035 961 1011
1011 961 1035
610 179 1186
1186 179 610
179 610 1186
416 901 1422
1422 416 901
901 416 1422
284 45 294
45 284 294
294 45 284
158 351 590
590 158 351
351 158 590
405 488 838
838 405 488
488 405 838
1314 427 535
427 535 1314
535 427 1314
582 741 856
741 582 856
856 582 741
545 945 1085
1085 545 945
945 545 1085
1401 108 394
394 108 1401
108 394 1401
75 1014 1496
1014 75 1496
1496 75 1014
153 591 1048
1048 153 591
591 153 1048
300 122 821
821 122 300
122 300 821
490 189 720
189 490 720
720 189 490
1219 398 946
398 946 1219
946 398 1219
1435 1216 1244
1244 1216 1435
1216 1244 1435
739 551 1321
551 739 1321
1321 551 739
1272 496 1365
496 1272 1365
1365 496 1272
1181 202 235
235 202 1181
202 235 1181
928 350 881
881 350 928
350 881 928
660 1157 1396
1157 660 1396
1396 660 1157
735 493 1052
493 735 1052
1052 493 735
450 115 1474
1474 115 450
115 450 1474
267 894 1336
894 267 1336
1336 267 894
237 664 1158
664 237 1158
1158 237 664
1021 579 919
579 919 1021
919 579 1021
1060 150 1363
150 1060 1363
1363 150 1060
1317 514 1017
514 1017 1317
1017 514 1317
1245 999 1126
1126 999 1245
999 1126 1245
644 433 642
433 642 644
642 433 644
1400 27 52
27 52 1400
52 27 1400
126 238 775
775 126 238
238 126 775
968 790 1105
1105 790 968
790 968 1105
812 1079 1160
1079 812 1160
1160 812 1079
1285 784 1205
784 1205 1285
1205 784 1285
1100 305 600
305 600 1100
600 305 1100
1242 193 833
193 833 1242
833 193 1242
406 524 1077
524 406 1077
1077 406 524
255 432 1211
432 255 1211
1211 255 432
469 140 868
868 140 469
140 469 868
1412 103 1164
103 1164 1412
1164 103 1412
617 18 1349
18 617 1349
1349 18 617
599 1089 1437
1089 599 1437
1437 599 1089
1253 152 694
152 694 1253
694 152 1253
1339 572 1324
1324 572 1339
572 1324 1339
408 133 356
133 356 408
356 133 408
166 242 774
774 166 242
242 166 774
846 811 1190
811 846 1190
1190 811 846
1163 509 1390
1390 509 1163
509 1163 1390
327 751 842
751 327 842
842 327 751
1379 453 1328
1328 453 1379
453 1328 1379
1282 48 1286
48 1282 1286
1286 48 1282
1107 257 489
489 257 1107
257 489 1107
1271 679 1309
1309 679 1271
679 1271 1309
1145 855 925
855 925 1145
925 855 1145
659 196 1407
196 659 1407
1407 196 659
1440 995 1372
995 1372 1440
1372 995 1440
109 460 1358
460 109 1358
1358 109 460
1093 637 948
637 948 1093
948 637 1093
779 776 1187
776 779 1187
1187 776 779
738 596 1330
596 738 1330
1330 596 738
672 96 768
96 672 768
768 96 672
750 1032 1057
1032 750 1057
1057 750 1032
484 157 556
157 484 556
556 157 484
608 492 976
976 492 608
492 608 976
485 544 1040
1040 485 544
544 485 1040
589 77 1006
1006 77 589
77 589 1006
197 943 1326
943 197 1326
1326 197 943
719 399 593
593 399 719
399 593 719
818 159 1293
159 818 1293
1293 159 818
476 473 850
473 476 850
850 473 476
184 71 1068
1068 71 184
71 184 1068
1061 233 697
697 233 1061
233 697 1061
718 214 1137
214 718 1137
1137 214 718
1094 174 929
174 929 1094
929 174 1094
396 448 559
448 396 559
559 396 448
615 329 934
329 615 934
934 329 615
1480 910 1340
910 1340 1480
1340 910 1480
345 292 613
613 292 345
292 345 613
1015 562 748
562 748 1015
748 562 1015
1154 125 138
138 125 1154
125 138 1154
1218 1053 1457
1457 1053 1218
1053 1218 1457
211 88 1343
88 211 1343
1343 88 211
1254 769 1381
769 1254 1381
1381 769 1254
1091 361 366
361 366 1091
366 361 1091
647 701 1070
701 647 1070
1070 647 701
860 1308 1466
1466 860 1308
1308 860 1466
1302 328 602
328 602 1302
602 328 1302
1393 422 585
585 422 1393
422 585 1393
252 552 797
552 252 797
797 252 552
346 667 954
667 346 954
954 346 667
1118 472 688
688 472 1118
472 688 1118
160 295 495
295 160 495
495 160 295
1305 65 1084
1084 65 1305
65 1084 1305
978 1436 1476
1476 978 1436
1436 978 1476
147 44 258
44 147 258
258 44 147
9 311 604
604 9 311
311 9 604
264 887 1087
887 264 1087
1087 264 887
1311 1385 1488
1385 1311 1488
1488 1311 1385
1168 903 1112
903 1112 1168
1112 903 1168
1146 314 1142
314 1142 1146
1142 314 1146
1001 263 746
263 746 1001
746 263 1001
518 684 837
684 518 837
837 518 684
808 236 770
236 770 808
770 236 808
81 62 403
403 62 81
62 81 403
1295 231 993
231 993 1295
993 231 1295
415 86 1033
1033 86 415
86 415 1033
543 627 849
627 543 849
849 543 627
1182 116 974
974 116 1182
116 974 1182
947 629 1341
1341 629 947
629 947 1341
1364 322 1235
322 1235 1364
1235 322 1364
851 142 1382
142 851 1382
1382 142 851
963 28 47
47 28 963
28 47 963
1167 428 1434
428 1167 1434
1434 428 1167
1337 380 404
404 380 1337
380 404 1337
423 506 898
506 423 898
898 423 506
84 762 1169
762 84 1169
1169 84 762
245 32 678
32 245 678
678 32 245
635 691 830
691 635 830
830 635 691
1109 275 683
683 275 1109
275 683 1109
1428 51 1283
1283 51 1428
51 1283 1428
130 438 1275
438 130 1275
1275 130 438
1441 957 1453
1453 957 1441
957 1441 1453
1431 359 1420
359 1420 1431
1420 359 1431
1232 49 1069
49 1069 1232
1069 49 1232
803 55 711
55 711 803
711 55 803
792 156 858
858 156 792
156 792 858
991 640 736
640 736 991
736 640 991
869 431 1206
1206 431 869
431 869 1206
1228 1392 1490
1392 1228 1490
1490 1228 1392
1023 74 1494
74 1023 1494
1494 74 1023
826 149 1215
149 826 1215
1215 149 826
1256 1135 1233
1135 1233 1256
1233 1135 1256
540 277 280
277 280 540
280 277 540
205 213 1125
1125 205 213
213 205 1125
1045 866 1426
1426 866 1045
866 1045 1426
1468 392 624
624 392 1468
392 624 1468
1264 788 882
788 882 1264
882 788 1264
1081 303 334
303 334 1081
334 303 1081
323 78 440
78 323 440
440 78 323
228 34 63
34 63 228
63 34 228
874 23 141
23 141 874
141 23 874
537 58 754
58 537 754
754 58 537
1352 436 723
436 723 1352
723 436 1352
1203 530 971
971 530 1203
530 971 1203
132 368 1064
1064 132 368
368 132 1064
1267 56 893
56 893 1267
893 56 1267
756 494 1139
494 756 1139
1139 494 756
566 1251 1447
1447 566 1251
1251 566 1447
861 85 1376
1376 85 861
85 861 1376
229 656 752
752 229 656
656 229 752
702 388 1156
1156 388 702
388 702 1156
112 1027 1113
1113 112 1027
1027 112 1113
542 547 577
547 542 577
577 542 547
649 463 1455
1455 463 649
463 649 1455
1009 11 1402
1402 11 1009
11 1009 1402
983 5 564
5 564 983
564 5 983
466 519 588
519 466 588
588 466 519
349 192 221
221 192 349
192 221 349
1424 145 687
687 145 1424
145 687 1424
1141 1212 1362
1212 1141 1362
1362 1141 1212
363 100 724
724 100 363
100 363 724
1399 1347 1442
1347 1399 1442
1442 1347 1399
767 503 1008
1008 503 767
503 767 1008
764 375 513
375 513 764
513 375 764
459 528 1248
1248 459 528
528 459 1248
609 996 1090
1090 609 996
996 609 1090
915 222 413
222 413 915
413 222 915
896 648 1355
648 896 1355
1355 648 896
733 501 814
814 501 733
501 733 814
1417 1292 1360
1360 1292 1417
1292 1360 1417
1368 1012 1183
1183 1012 1368
1012 1183 1368
897 309 587
587 309 897
309 587 897
134 286 761
761 134 286
286 134 761
210 324 889
889 210 324
324 210 889
1395 146 1115
1115 146 1395
146 1115 1395
226 1250 1489
1489 226 1250
1250 226 1489
447 271 670
271 447 670
670 271 447
409 95 1472
95 409 1472
1472 95 409
1411 262 441
262 441 1411
441 262 1411
1249 911 964
911 964 1249
964 911 1249
370 823 1065
1065 370 823
823 370 1065
1224 94 283
94 283 1224
283 94 1224
508 757 1119
1119 508 757
757 508 1119
1111 707 1312
1312 707 1111
707 1111 1312
1297 1204 1277
1277 1204 1297
1204 1277 1297
449 809 1013
1013 449 809
809 449 1013
457 668 1470
1470 457 668
668 457 1470
620 182 645
182 620 645
645 182 620
198 872 1195
872 198 1195
1195 198 872
1138 714 1289
1289 714 1138
714 1138 1289
554 331 480
480 331 554
331 480 554
1110 468 1209
1209 468 1110
468 1110 1209
129 435 525
525 129 435
435 129 525
169 601 875
875 169 601
601 169 875
1452 835 982
982 835 1452
835 982 1452
1174 24 402
402 24 1174
24 402 1174
376 357 1054
357 376 1054
1054 357 376
586 40 771
40 586 771
771 40 586
