7829 443 4946
443 4946 7829
4946 443 7829
1409 105 9227
105 1409 9227
9227 105 1409
12071 498 12208
12208 498 12071
498 12071 12208
3624 8115 9037
9037 3624 8115
8115 3624 9037
8174 1257 13515
1257 8174 13515
13515 1257 8174
2012 7458 10865
7458 2012 10865
10865 2012 7458
7866 3622 10753
3622 7866 10753
10753 3622 7866
10592 6049 8964
8964 6049 10592
6049 8964 10592
10707 5810 12720
12720 5810 10707
5810 10707 12720
10083 1980 5493
5493 1980 10083
1980 5493 10083
7707 10065 10744
10065 7707 10744
10744 7707 10065
2310 9777 14591
14591 2310 9777
9777 2310 14591
10914 5428 12924
12924 5428 10914
5428 10914 12924
13828 1205 3506
1205 3506 13828
3506 1205 13828
8450 1006 10231
10231 1006 8450
1006 8450 10231
7380 6173 11546
6173 7380 11546
11546 6173 7380
4415 10593 12492
10593 4415 12492
12492 4415 10593
3432 836 4720
836 3432 4720
4720 836 3432
12889 451 13153
451 12889 13153
13153 451 12889
7460 8461 11588
11588 7460 8461
8461 7460 11588
1459 3916 7637
7637 1459 3916
3916 1459 7637
12466 542 5072
5072 542 12466
542 5072 12466
1832 7174 11951
7174 1832 11951
11951 1832 7174
13039 6329 8258
6329 8258 13039
8258 6329 13039
9902 7405 11839
7405 9902 11839
11839 7405 9902
3303 7722 13302
7722 3303 13302
13302 3303 7722
7187 6217 8394
8394 6217 7187
6217 7187 8394
979 13063 13480
13480 979 13063
13063 979 13480
14190 4959 6085
6085 4959 14190
4959 6085 14190
1860 3899 9076
9076 1860 3899
3899 1860 9076
2402 11789 14141
11789 2402 14141
14141 2402 11789
2993 3244 12848
3244 2993 12848
12848 2993 3244
6651 3877 11550
11550 3877 6651
3877 6651 11550
12509 95 2585
95 2585 12509
2585 95 12509
694 3132 5499
5499 694 3132
3132 694 5499
11485 1682 14426
14426 1682 11485
1682 11485 14426
7428 6118 13751
6118 7428 13751
13751 6118 7428
10393 3570 10105
10105 3570 10393
3570 10105 10393
6353 6773 14901
14901 6353 6773
6773 6353 14901
112 2696 3332
2696 112 3332
3332 112 2696
11599 1736 13562
13562 1736 11599
1736 11599 13562
6708 12815 13263
13263 6708 12815
12815 6708 13263
5796 11070 12864
11070 5796 12864
12864 5796 11070
5368 776 2917
2917 776 5368
776 2917 5368
103 13429 14775
13429 103 14775
14775 103 13429
9844 1784 3890
3890 1784 9844
1784 3890 9844
4218 9380 10444
9380 4218 10444
10444 4218 9380
1911 9148 12010
9148 1911 12010
12010 1911 9148
589 942 3559
942 589 3559
3559 589 942
13474 5356 11704
11704 5356 13474
5356 11704 13474
1463 3473 4392
4392 1463 3473
3473 1463 4392
1861 12392 13154
13154 1861 12392
12392 1861 13154
8830 1190 12110
1190 8830 12110
12110 1190 8830
8099 2620 4296
4296 2620 8099
2620 4296 8099
6143 1179 6836
6836 1179 6143
1179 6143 6836
1057 2138 3883
2138 1057 3883
3883 1057 2138
7069 2462 6323
6323 2462 7069
2462 6323 7069
13150 11545 14181
14181 11545 13150
11545 13150 14181
5247 4601 6861
6861 4601 5247
4601 5247 6861
12379 9353 13497
9353 12379 13497
13497 9353 12379
2914 989 5173
989 2914 5173
5173 989 2914
4299 215 10629
215 4299 10629
10629 215 4299
11692 1913 13389
13389 1913 11692
1913 11692 13389
7652 3695 5939
5939 3695 7652
3695 5939 7652
3032 1195 14120
1195 3032 14120
14120 1195 3032
2057 267 5669
267 2057 5669
5669 267 2057
6010 9313 9918
9313 6010 9918
9918 6010 9313
11283 6576 9627
6576 9627 11283
9627 6576 11283
6126 11159 11444
11444 6126 11159
11159 6126 11444
8148 10111 10381
10111 8148 10381
10381 8148 10111
5997 1513 8586
1513 5997 8586
8586 1513 5997
6675 3525 10380
3525 6675 10380
10380 3525 6675
449 1692 5442
1692 449 5442
5442 449 1692
14652 901 5468
5468 901 14652
901 5468 14652
6565 10662 14094
10662 6565 14094
14094 6565 10662
7240 3314 13214
3314 7240 13214
13214 3314 7240
3984 5933 11598
5933 3984 11598
11598 3984 5933
4662 6511 10187
6511 4662 10187
10187 4662 6511
4033 2730 9383
9383 2730 4033
2730 4033 9383
3705 4319 12325
4319 3705 12325
12325 3705 4319
3161 7043 8147
8147 3161 7043
7043 3161 8147
4547 13295 13800
13800 4547 13295
13295 4547 13800
10166 1222 14723
14723 1222 10166
1222 10166 14723
11482 7407 8240
7407 8240 11482
8240 7407 11482
6073 7284 13644
13644 6073 7284
7284 6073 13644
11178 3427 12741
3427 11178 12741
12741 3427 11178
10843 2545 3729
2545 3729 10843
3729 2545 10843
9047 2199 8769
2199 8769 9047
8769 2199 9047
8171 10582 11887
10582 8171 11887
11887 8171 10582
4202 2429 4495
2429 4202 4495
4495 2429 4202
4078 4307 7071
7071 4078 4307
4307 4078 7071
4317 10038 10504
10504 4317 10038
10038 4317 10504
3291 391 6448
391 3291 6448
6448 391 3291
14666 943 4237
943 4237 14666
4237 943 14666
11694 9908 14204
14204 9908 11694
9908 11694 14204
5879 260 9565
9565 260 5879
260 5879 9565
13722 12175 13054
12175 13054 13722
13054 12175 13722
10435 471 5473
5473 471 10435
471 5473 10435
6754 8893 11940
11940 6754 8893
8893 6754 11940
4629 1731 6026
1731 4629 6026
6026 1731 4629
4710 4400 11729
4400 4710 11729
11729 4400 4710
9081 5 10571
10571 5 9081
5 9081 10571
2962 1431 5882
5882 1431 2962
1431 2962 5882
12710 1094 1768
1768 1094 12710
1094 1768 12710
11518 6991 14786
14786 6991 11518
6991 11518 14786
7054 11345 13816
13816 7054 11345
11345 7054 13816
555 196 14326
196 555 14326
14326 196 555
5980 4763 14674
14674 4763 5980
4763 5980 14674
9951 3491 6079
6079 3491 9951
3491 6079 9951
3034 2195 14090
14090 2195 3034
2195 3034 14090
10193 9712 10610
9712 10193 10610
10610 9712 10193
3298 1699 12048
12048 1699 3298
1699 3298 12048
6103 5732 8618
5732 6103 8618
8618 5732 6103
13999 10845 11446
10845 11446 13999
11446 10845 13999
12644 7482 10740
7482 10740 12644
10740 7482 12644
14272 4443 9649
4443 9649 14272
9649 4443 14272
7748 10646 14286
10646 7748 14286
14286 7748 10646
9045 6146 8603
6146 8603 9045
8603 6146 9045
11600 594 5531
594 5531 11600
5531 594 11600
10643 2297 4466
4466 2297 10643
2297 4466 10643
5432 12101 14307
14307 5432 12101
12101 5432 14307
9262 3963 13324
13324 3963 9262
3963 9262 13324
9731 10613 11701
11701 9731 10613
10613 9731 11701
4908 1270 13051
1270 4908 13051
13051 1270 4908
7780 10169 14867
10169 7780 14867
14867 7780 10169
5904 2263 11759
11759 2263 5904
2263 5904 11759
5577 7057 10136
10136 5577 7057
7057 5577 10136
9371 4197 13906
13906 4197 9371
4197 9371 13906
2362 1920 5159
1920 2362 5159
5159 1920 2362
9691 3977 6449
6449 3977 9691
3977 6449 9691
2764 9803 10379
10379 2764 9803
9803 2764 10379
10318 998 1338
1338 998 10318
998 1338 10318
10017 2781 3009
3009 2781 10017
2781 3009 10017
5488 1974 7658
1974 5488 7658
7658 1974 5488
7427 9065 11909
9065 7427 11909
11909 7427 9065
6600 12712 14818
14818 6600 12712
12712 6600 14818
13358 6396 14608
14608 6396 13358
6396 13358 14608
13615 7687 8236
7687 8236 13615
8236 7687 13615
9879 11920 14753
11920 9879 14753
14753 9879 11920
5550 2683 13579
2683 5550 13579
13579 2683 5550
12908 3221 12035
3221 12035 12908
12035 3221 12908
14720 3174 6267
6267 3174 14720
3174 6267 14720
13951 454 2139
2139 454 13951
454 2139 13951
7195 2245 3117
3117 2245 7195
2245 3117 7195
5559 321 4775
321 4775 5559
4775 321 5559
5676 7418 11378
7418 5676 11378
11378 5676 7418
4551 1642 6271
6271 1642 4551
1642 4551 6271
10124 3350 10278
10278 3350 10124
3350 10124 10278
13454 438 2526
438 2526 13454
2526 438 13454
8768 3110 5923
5923 3110 8768
3110 5923 8768
1941 7867 11762
7867 1941 11762
11762 1941 7867
13112 10496 13209
10496 13112 13209
13209 10496 13112
13314 1031 5910
5910 1031 13314
1031 5910 13314
5146 5639 8605
8605 5146 5639
5639 5146 8605
6326 8211 12164
8211 6326 12164
12164 6326 8211
13880 4181 12291
4181 12291 13880
12291 4181 13880
2773 2254 4087
2254 2773 4087
4087 2254 2773
9680 4007 12929
12929 4007 9680
4007 9680 12929
6596 9830 13797
9830 6596 13797
13797 6596 9830
11554 4051 11587
4051 11554 11587
11587 4051 11554
12260 2208 3953
2208 3953 12260
3953 2208 12260
11288 1029 10362
10362 1029 11288
1029 10362 11288
2465 4622 11812
11812 2465 4622
4622 2465 11812
4414 1996 14382
1996 4414 14382
14382 1996 4414
1279 746 14099
14099 746 1279
746 1279 14099
126 2955 3342
2955 126 3342
3342 126 2955
12308 7437 8541
7437 8541 12308
8541 7437 12308
4940 6637 10001
6637 4940 10001
10001 4940 6637
12201 9042 13998
9042 12201 13998
13998 9042 12201
6016 2563 10190
10190 2563 6016
2563 6016 10190
9370 1499 3594
1499 3594 9370
3594 1499 9370
7820 4791 13204
13204 4791 7820
4791 7820 13204
2615 2327 3974
2327 2615 3974
3974 2327 2615
14475 1218 1390
1218 1390 14475
1390 1218 14475
12640 3052 11483
3052 11483 12640
11483 3052 12640
3979 475 3046
3046 475 3979
475 3046 3979
1448 3954 8758
3954 1448 8758
8758 1448 3954
7941 635 13845
635 7941 13845
13845 635 7941
10619 3588 9566
3588 9566 10619
9566 3588 10619
13595 3958 14462
14462 3958 13595
3958 13595 14462
10852 2031 11113
11113 2031 10852
2031 10852 11113
8969 1003 5573
1003 5573 8969
5573 1003 8969
4777 1104 13085
13085 1104 4777
1104 4777 13085
7341 12792 14384
14384 7341 12792
12792 7341 14384
3822 734 933
933 734 3822
734 933 3822
3262 2800 8776
8776 2800 3262
2800 3262 8776
3870 670 1663
1663 670 3870
670 1663 3870
5252 4355 8950
4355 5252 8950
8950 4355 5252
10394 7287 11744
7287 10394 11744
11744 7287 10394
1080 4278 7538
4278 1080 7538
7538 1080 4278
4824 161 3360
3360 161 4824
161 3360 4824
13545 11475 12046
11475 12046 13545
12046 11475 13545
6050 1203 7159
7159 1203 6050
1203 6050 7159
12650 2648 3091
2648 3091 12650
3091 2648 12650
4858 1316 14289
14289 1316 4858
1316 4858 14289
2201 7455 8238
8238 2201 7455
7455 2201 8238
4042 9286 13850
9286 4042 13850
13850 4042 9286
6779 4354 9075
4354 6779 9075
9075 4354 6779
14225 9955 9996
9996 9955 14225
9955 9996 14225
1901 1543 6343
6343 1543 1901
1543 1901 6343
8356 11672 14578
11672 8356 14578
14578 8356 11672
10405 5167 7344
5167 7344 10405
7344 5167 10405
4173 9525 12239
9525 4173 12239
12239 4173 9525
13197 8465 10778
10778 8465 13197
8465 10778 13197
9043 4922 13059
13059 4922 9043
4922 9043 13059
1951 6519 7404
6519 1951 7404
7404 1951 6519
5873 6321 9316
6321 5873 9316
9316 5873 6321
899 7021 11291
7021 899 11291
11291 899 7021
5482 7864 10264
10264 5482 7864
7864 5482 10264
13317 1016 10491
10491 1016 13317
1016 10491 13317
10759 613 12695
613 10759 12695
12695 613 10759
13997 2200 8804
8804 2200 13997
2200 8804 13997
1991 8953 10021
8953 1991 10021
10021 1991 8953
11223 3920 7990
3920 7990 11223
7990 3920 11223
168 6451 11193
11193 168 6451
6451 168 11193
8245 6669 12820
6669 8245 12820
12820 6669 8245
2612 3537 7176
7176 2612 3537
3537 2612 7176
2606 6121 14133
14133 2606 6121
6121 2606 14133
8111 4965 9646
4965 8111 9646
9646 4965 8111
10671 7260 13855
7260 10671 13855
13855 7260 10671
6219 8316 10376
8316 6219 10376
10376 6219 8316
9550 6728 13465
13465 6728 9550
6728 9550 13465
2475 1588 12261
1588 2475 12261
12261 1588 2475
8766 1449 10357
1449 8766 10357
10357 1449 8766
5505 7951 13285
13285 5505 7951
7951 5505 13285
12988 949 12851
12851 949 12988
949 12851 12988
956 5552 7842
5552 956 7842
7842 956 5552
12053 6886 8220
6886 8220 12053
8220 6886 12053
1171 5411 10012
5411 1171 10012
10012 1171 5411
12338 1947 4348
1947 4348 12338
4348 1947 12338
2990 697 4636
697 2990 4636
4636 697 2990
9293 4613 6725
4613 6725 9293
6725 4613 9293
3634 2677 5008
2677 3634 5008
5008 2677 3634
12313 5609 8884
5609 8884 12313
8884 5609 12313
833 12144 12705
12705 833 12144
12144 833 12705
9964 232 5772
232 5772 9964
5772 232 9964
4114 9563 13287
13287 4114 9563
9563 4114 13287
1542 852 7641
7641 852 1542
852 1542 7641
8668 639 12608
639 8668 12608
12608 639 8668
6254 4572 8157
8157 4572 6254
4572 6254 8157
13936 11893 13274
13274 11893 13936
11893 13274 13936
1374 2820 12483
12483 1374 2820
2820 1374 12483
14210 9840 13867
9840 13867 14210
13867 9840 14210
14051 11825 13818
11825 13818 14051
13818 11825 14051
5995 1563 11802
1563 5995 11802
11802 1563 5995
4943 6552 8309
6552 4943 8309
8309 4943 6552
9382 2517 7565
7565 2517 9382
2517 7565 9382
4483 8109 13476
8109 4483 13476
13476 4483 8109
11049 10171 11437
11437 10171 11049
10171 11049 11437
3096 2383 13419
2383 3096 13419
13419 2383 3096
4730 6015 6074
6015 4730 6074
6074 4730 6015
13415 4628 10408
4628 10408 13415
10408 4628 13415
10249 4703 13022
4703 10249 13022
13022 4703 10249
12936 3632 12776
3632 12776 12936
12776 3632 12936
2650 1968 7092
7092 1968 2650
1968 2650 7092
7063 2095 2771
2095 2771 7063
2771 2095 7063
6365 1817 2153
2153 1817 6365
1817 2153 6365
2262 9723 14760
9723 2262 14760
14760 2262 9723
13251 695 5507
695 5507 13251
5507 695 13251
13076 3054 13898
3054 13076 13898
13898 3054 13076
10205 5945 6785
5945 6785 10205
6785 5945 10205
5344 488 9354
9354 488 5344
488 5344 9354
3804 42 13738
42 3804 13738
13738 42 3804
3663 5318 13604
13604 3663 5318
5318 3663 13604
909 3274 6587
6587 909 3274
3274 909 6587
6289 777 6586
777 6289 6586
6586 777 6289
10462 4249 13697
4249 10462 13697
13697 4249 10462
8102 1128 7838
1128 7838 8102
7838 1128 8102
3196 1822 5985
5985 1822 3196
1822 3196 5985
4200 2445 9737
9737 2445 4200
2445 4200 9737
4014 3688 11087
3688 4014 11087
11087 3688 4014
591 140 10557
140 591 10557
10557 140 591
8333 4561 14691
14691 4561 8333
4561 8333 14691
10151 5613 8787
8787 5613 10151
5613 8787 10151
12088 2834 6516
2834 6516 12088
6516 2834 12088
4809 877 3493
877 3493 4809
3493 877 4809
13106 3333 5800
3333 5800 13106
5800 3333 13106
10763 1878 4870
4870 1878 10763
1878 4870 10763
242 4714 8564
4714 242 8564
8564 242 4714
3119 1099 7053
7053 1099 3119
1099 3119 7053
5501 5416 11746
11746 5416 5501
5416 5501 11746
10642 188 14421
188 10642 14421
14421 188 10642
6917 4890 7472
4890 6917 7472
7472 4890 6917
945 8861 11619
11619 945 8861
8861 945 11619
10943 1292 14931
1292 10943 14931
14931 1292 10943
8293 6957 14100
6957 8293 14100
14100 6957 8293
1314 1655 3435
3435 1314 1655
1655 1314 3435
906 838 9998
9998 838 906
838 906 9998
12707 11168 11949
11949 11168 12707
11168 11949 12707
14733 362 11648
11648 362 14733
362 11648 14733
14053 10276 14848
14848 10276 14053
10276 14053 14848
6912 2515 7070
7070 2515 6912
2515 6912 7070
668 3658 10082
10082 668 3658
3658 668 10082
8367 5101 5261
5261 5101 8367
5101 5261 8367
3429 672 3728
672 3429 3728
3728 672 3429
7857 4056 14295
4056 7857 14295
14295 4056 7857
9175 4356 8305
4356 8305 9175
8305 4356 9175
13551 5431 13185
13185 5431 13551
5431 13185 13551
93 9816 12023
12023 93 9816
9816 93 12023
9832 4213 8880
4213 8880 9832
8880 4213 9832
7792 3609 11581
11581 3609 7792
3609 7792 11581
6734 6663 8177
6663 6734 8177
8177 6663 6734
2206 5331 11524
11524 2206 5331
5331 2206 11524
5452 2735 6419
6419 2735 5452
2735 5452 6419
10747 1604 7186
7186 1604 10747
1604 7186 10747
14515 8670 11956
8670 11956 14515
11956 8670 14515
9984 6182 8137
6182 8137 9984
8137 6182 9984
3606 12171 12863
12171 3606 12863
12863 3606 12171
10029 2005 8491
8491 2005 10029
2005 8491 10029
4424 2536 5770
5770 2536 4424
2536 4424 5770
9631 1462 11181
11181 1462 9631
1462 9631 11181
481 11661 13336
13336 481 11661
11661 481 13336
9219 9530 13929
9530 9219 13929
13929 9219 9530
12887 9273 12810
12810 9273 12887
9273 12810 12887
7803 1652 9650
9650 1652 7803
1652 7803 9650
13655 4548 7771
7771 4548 13655
4548 7771 13655
10920 4819 5151
5151 4819 10920
4819 5151 10920
6239 534 3397
534 3397 6239
3397 534 6239
5598 6726 13717
6726 5598 13717
13717 5598 6726
3353 7529 8429
7529 3353 8429
8429 3353 7529
10946 3322 8433
8433 3322 10946
3322 8433 10946
12369 2979 7564
7564 2979 12369
2979 7564 12369
13294 1643 4634
1643 4634 13294
4634 1643 13294
13716 5892 9685
9685 5892 13716
5892 9685 13716
8103 8344 10048
8344 8103 10048
10048 8103 8344
2305 8493 10923
8493 2305 10923
10923 2305 8493
11449 5562 5778
5562 5778 11449
5778 5562 11449
5888 11927 14864
14864 5888 11927
11927 5888 14864
13136 10208 12950
10208 12950 13136
12950 10208 13136
8296 3012 7938
3012 7938 8296
7938 3012 8296
12146 12986 14986
14986 12146 12986
12986 12146 14986
4274 8277 14847
14847 4274 8277
8277 4274 14847
3055 3689 8908
3689 3055 8908
8908 3055 3689
1840 5081 9878
9878 1840 5081
5081 1840 9878
13131 6567 8284
8284 6567 13131
6567 8284 13131
5871 2840 10113
2840 5871 10113
10113 2840 5871
5049 9743 11584
11584 5049 9743
9743 5049 11584
5832 6338 10387
10387 5832 6338
6338 5832 10387
11265 3547 6278
6278 3547 11265
3547 6278 11265
3304 9683 12468
9683 3304 12468
12468 3304 9683
10056 5483 13526
13526 5483 10056
5483 10056 13526
10186 3351 11639
3351 10186 11639
11639 3351 10186
2881 6610 11814
11814 2881 6610
6610 2881 11814
9439 1713 8094
8094 1713 9439
1713 8094 9439
12677 3791 6345
3791 6345 12677
6345 3791 12677
7423 7188 12507
7188 7423 12507
12507 7188 7423
104 4162 13950
13950 104 4162
4162 104 13950
9797 9716 10527
10527 9716 9797
9716 9797 10527
6156 8142 14140
14140 6156 8142
8142 6156 14140
4459 1557 12578
12578 1557 4459
1557 4459 12578
3538 627 12136
12136 627 3538
627 3538 12136
3410 4837 6935
4837 3410 6935
6935 3410 4837
12076 1850 5805
5805 1850 12076
1850 5805 12076
917 606 7436
7436 606 917
606 917 7436
6593 156 12307
12307 156 6593
156 6593 12307
14182 4746 6486
4746 6486 14182
6486 4746 14182
7549 10530 12838
10530 7549 12838
12838 7549 10530
5139 7267 10607
7267 5139 10607
10607 5139 7267
11310 7311 12702
7311 11310 12702
12702 7311 11310
11931 3103 14070
3103 11931 14070
14070 3103 11931
11062 2565 4856
4856 2565 11062
2565 4856 11062
10695 11714 12344
12344 10695 11714
11714 10695 12344
10794 10770 12034
10770 10794 12034
12034 10770 10794
2288 138 13164
138 2288 13164
13164 138 2288
8302 4376 9475
9475 4376 8302
4376 8302 9475
7296 4329 5630
5630 4329 7296
4329 5630 7296
4252 4882 5626
4882 4252 5626
5626 4252 4882
5464 5938 12248
12248 5464 5938
5938 5464 12248
11245 9933 10165
10165 9933 11245
9933 10165 11245
97 2249 7873
2249 97 7873
7873 97 2249
8053 9139 13019
13019 8053 9139
9139 8053 13019
13779 7463 14741
14741 7463 13779
7463 13779 14741
6824 4058 5275
4058 5275 6824
5275 4058 6824
8779 360 2264
2264 360 8779
360 2264 8779
4955 9350 13732
9350 4955 13732
13732 4955 9350
4796 1107 10887
10887 1107 4796
1107 4796 10887
6902 674 13244
13244 674 6902
674 6902 13244
11731 8250 14482
8250 11731 14482
14482 8250 11731
4521 5590 6471
5590 4521 6471
6471 4521 5590
6194 1717 12704
1717 6194 12704
12704 1717 6194
2300 9142 12487
9142 2300 12487
12487 2300 9142
4724 3395 14565
3395 4724 14565
14565 3395 4724
9709 6758 12441
12441 6758 9709
6758 9709 12441
14918 4508 10066
4508 10066 14918
10066 4508 14918
8712 3394 11271
3394 8712 11271
11271 3394 8712
1647 2891 10217
10217 1647 2891
2891 1647 10217
1250 12698 13645
13645 1250 12698
12698 1250 13645
7995 3036 12124
12124 3036 7995
3036 7995 12124
12277 9385 12773
12773 9385 12277
9385 12277 12773
11708 1165 2426
2426 1165 11708
1165 2426 11708
7978 13396 14863
13396 7978 14863
14863 7978 13396
7011 9739 12445
9739 7011 12445
12445 7011 9739
13670 7257 12511
12511 7257 13670
7257 12511 13670
6322 7253 7420
7253 6322 7420
7420 6322 7253
1565 9829 13823
13823 1565 9829
9829 1565 13823
14656 1258 3234
3234 1258 14656
1258 3234 14656
9500 1396 2825
1396 2825 9500
2825 1396 9500
6223 4017 13084
4017 6223 13084
13084 4017 6223
13364 446 579
579 446 13364
446 579 13364
3669 5198 6282
6282 3669 5198
5198 3669 6282
1897 812 13549
812 1897 13549
13549 812 1897
3396 8527 13853
13853 3396 8527
8527 3396 13853
3385 4186 10426
4186 3385 10426
10426 3385 4186
4448 4062 7232
7232 4062 4448
4062 4448 7232
11713 1514 12958
12958 1514 11713
1514 11713 12958
2239 6777 7488
6777 2239 7488
7488 2239 6777
9607 4934 8894
8894 4934 9607
4934 8894 9607
12596 4905 7642
4905 7642 12596
7642 4905 12596
12861 6301 12429
6301 12429 12861
12429 6301 12861
7375 7512 13835
13835 7375 7512
7512 7375 13835
12247 9618 12210
12210 9618 12247
9618 12210 12247
12304 3078 5334
3078 5334 12304
5334 3078 12304
2871 4698 11657
11657 2871 4698
4698 2871 11657
3555 2076 8761
2076 3555 8761
8761 2076 3555
7963 736 1851
736 1851 7963
1851 736 7963
14150 13651 14270
14270 13651 14150
13651 14150 14270
12442 7215 11055
7215 11055 12442
11055 7215 12442
8214 380 11772
380 8214 11772
11772 380 8214
878 2395 11526
11526 878 2395
2395 878 11526
9189 2204 7292
2204 7292 9189
7292 2204 9189
4725 3976 12568
12568 3976 4725
3976 4725 12568
7613 2649 9018
2649 7613 9018
9018 2649 7613
5757 2811 8583
8583 2811 5757
2811 5757 8583
11402 12411 12775
12411 11402 12775
12775 11402 12411
14764 9510 11582
9510 11582 14764
11582 9510 14764
10298 8466 9807
9807 8466 10298
8466 9807 10298
13408 134 8023
8023 134 13408
134 8023 13408
10490 7078 11491
7078 10490 11491
11491 7078 10490
3518 6986 7573
7573 3518 6986
6986 3518 7573
7179 4608 8139
8139 4608 7179
4608 7179 8139
3996 2132 2645
2645 2132 3996
2132 2645 3996
11111 12220 13819
12220 11111 13819
13819 11111 12220
7869 2428 13785
13785 2428 7869
2428 7869 13785
6306 12832 13469
13469 6306 12832
12832 6306 13469
8274 351 2703
2703 351 8274
351 2703 8274
7136 3638 11552
11552 3638 7136
3638 7136 11552
3462 23 3668
23 3462 3668
3668 23 3462
7625 408 11589
408 7625 11589
11589 408 7625
8836 601 10102
601 8836 10102
10102 601 8836
244 2499 13217
2499 244 13217
13217 244 2499
3086 9753 13839
13839 3086 9753
9753 3086 13839
1010 1453 2133
1453 1010 2133
2133 1010 1453
13510 2302 4379
4379 2302 13510
2302 4379 13510
14323 6361 13200
13200 6361 14323
6361 13200 14323
9567 7608 13568
13568 7608 9567
7608 9567 13568
863 8509 10795
8509 863 10795
10795 863 8509
6716 1216 5731
1216 5731 6716
5731 1216 6716
11452 2109 12831
2109 11452 12831
12831 2109 11452
14091 2334 13564
13564 2334 14091
2334 13564 14091
1787 13342 14052
13342 1787 14052
14052 1787 13342
2767 6283 12724
12724 2767 6283
6283 2767 12724
3885 11844 14970
11844 3885 14970
14970 3885 11844
6613 2424 13489
2424 6613 13489
13489 2424 6613
11880 14 830
830 14 11880
14 830 11880
4834 194 11323
11323 194 4834
194 4834 11323
4887 8226 12179
12179 4887 8226
8226 4887 12179
1181 7982 9378
9378 1181 7982
7982 1181 9378
10296 2463 8672
2463 8672 10296
8672 2463 10296
4794 5982 7665
7665 4794 5982
5982 4794 7665
14428 4765 14922
14922 4765 14428
4765 14428 14922
9364 1172 8834
8834 1172 9364
1172 8834 9364
3145 305 14376
14376 305 3145
305 3145 14376
6969 583 2932
2932 583 6969
583 2932 6969
11855 7255 13260
7255 11855 13260
13260 7255 11855
13664 6221 8003
6221 8003 13664
8003 6221 13664
2504 2291 7624
2291 2504 7624
7624 2291 2504
9231 11774 14343
11774 9231 14343
14343 9231 11774
3528 3241 10339
10339 3241 3528
3241 3528 10339
2401 6412 10396
10396 2401 6412
6412 2401 10396
1337 3413 7578
7578 1337 3413
3413 1337 7578
13993 921 7049
921 7049 13993
7049 921 13993
5814 4792 14990
14990 4792 5814
4792 5814 14990
967 1040 4166
4166 967 1040
1040 967 4166
7601 10617 12278
10617 7601 12278
12278 7601 10617
1719 8803 13008
8803 1719 13008
13008 1719 8803
1482 1436 13661
1436 1482 13661
13661 1436 1482
4406 4064 13282
4064 4406 13282
13282 4064 4406
5520 139 222
139 222 5520
222 139 5520
4028 3240 10562
3240 4028 10562
10562 3240 4028
2785 4327 11141
4327 2785 11141
11141 2785 4327
12548 433 3824
3824 433 12548
433 3824 12548
3607 5638 12696
12696 3607 5638
5638 3607 12696
120 3526 4969
3526 120 4969
4969 120 3526
5725 3279 9636
9636 3279 5725
3279 5725 9636
1353 3789 14697
3789 1353 14697
14697 1353 3789
8184 4277 10138
4277 8184 10138
10138 4277 8184
7611 7972 14555
7972 7611 14555
14555 7611 7972
2669 8510 9288
8510 2669 9288
9288 2669 8510
5883 9432 11941
11941 5883 9432
9432 5883 11941
13264 4279 12624
4279 12624 13264
12624 4279 13264
13445 3686 9194
3686 9194 13445
9194 3686 13445
4711 2039 9484
2039 4711 9484
9484 2039 4711
9741 11747 14729
14729 9741 11747
11747 9741 14729
7217 6268 11158
6268 7217 11158
11158 6268 7217
6546 10354 10665
10665 6546 10354
10354 6546 10665
14844 10611 13332
10611 13332 14844
13332 10611 14844
14948 3276 8259
3276 8259 14948
8259 3276 14948
11755 2872 3049
2872 3049 11755
3049 2872 11755
12252 513 5846
513 5846 12252
5846 513 12252
2167 2737 9233
2737 2167 9233
9233 2167 2737
10807 6763 14404
14404 6763 10807
6763 10807 14404
2787 4587 13573
4587 2787 13573
13573 2787 4587
11616 3008 8802
8802 3008 11616
3008 8802 11616
6930 8430 11477
11477 6930 8430
8430 6930 11477
2640 8445 10602
10602 2640 8445
8445 2640 10602
5593 649 5937
649 5593 5937
5937 649 5593
11596 3562 8202
3562 8202 11596
8202 3562 11596
7412 13162 14579
14579 7412 13162
13162 7412 14579
11658 1381 13528
1381 11658 13528
13528 1381 11658
14759 586 872
586 872 14759
872 586 14759
14886 4487 13009
13009 4487 14886
4487 13009 14886
1044 5135 5215
5215 1044 5135
5135 1044 5215
4258 8533 14704
8533 4258 14704
14704 4258 8533
81 7348 14751
7348 81 14751
14751 81 7348
4951 5108 5790
5790 4951 5108
5108 4951 5790
6416 1403 8704
8704 1403 6416
1403 6416 8704
2494 9118 14611
9118 2494 14611
14611 2494 9118
11424 8504 12139
8504 11424 12139
12139 8504 11424
8490 1561 4230
1561 4230 8490
4230 1561 8490
13822 76 3756
76 3756 13822
3756 76 13822
9390 4081 11682
4081 9390 11682
11682 4081 9390
11490 929 6344
929 6344 11490
6344 929 11490
13982 6398 13490
13490 6398 13982
6398 13490 13982
10670 11848 12674
11848 10670 12674
12674 10670 11848
14353 2885 11203
2885 11203 14353
11203 2885 14353
7108 6723 12329
6723 7108 12329
12329 6723 7108
2991 6214 11029
6214 2991 11029
11029 2991 6214
10334 7863 14187
14187 7863 10334
7863 10334 14187
14222 4100 13691
4100 13691 14222
13691 4100 14222
7678 6924 11547
11547 6924 7678
6924 7678 11547
4816 5915 9007
9007 4816 5915
5915 4816 9007
796 5460 9547
9547 796 5460
5460 796 9547
2372 7571 8785
8785 2372 7571
7571 2372 8785
13166 7582 10730
10730 7582 13166
7582 10730 13166
3186 6877 10555
10555 3186 6877
6877 3186 10555
9199 2281 2965
2965 2281 9199
2281 2965 9199
7076 3250 5345
5345 3250 7076
3250 5345 7076
12228 11025 11308
11308 11025 12228
11025 11308 12228
10062 612 7954
612 7954 10062
7954 612 10062
12272 2385 10218
10218 2385 12272
2385 10218 12272
14068 12967 14634
14634 12967 14068
12967 14068 14634
5532 57 7282
7282 57 5532
57 5532 7282
8926 2553 8474
2553 8474 8926
8474 2553 8926
8134 9029 13459
9029 8134 13459
13459 8134 9029
9073 7926 12052
12052 7926 9073
7926 9073 12052
4223 4140 13608
13608 4140 4223
4140 4223 13608
7091 2550 12906
12906 2550 7091
2550 7091 12906
9611 5395 6928
6928 5395 9611
5395 6928 9611
1077 1940 6920
1940 1077 6920
6920 1077 1940
14714 1405 6035
1405 6035 14714
6035 1405 14714
11167 9883 12259
9883 11167 12259
12259 9883 11167
14251 4546 11585
4546 11585 14251
11585 4546 14251
11992 10563 13182
13182 10563 11992
10563 11992 13182
7183 6641 14667
6641 7183 14667
14667 6641 7183
9408 5116 13321
5116 9408 13321
13321 5116 9408
9239 1220 13236
13236 1220 9239
1220 9239 13236
8634 12980 14803
12980 8634 14803
14803 8634 12980
3719 1872 13775
1872 3719 13775
13775 1872 3719
13954 364 10521
10521 364 13954
364 10521 13954
10815 2434 6434
2434 6434 10815
6434 2434 10815
3510 1770 7081
7081 1770 3510
1770 3510 7081
2126 2700 11849
2700 2126 11849
11849 2126 2700
8632 5811 10175
10175 5811 8632
5811 8632 10175
136 25 8395
25 136 8395
8395 25 136
4782 12839 14631
14631 4782 12839
12839 4782 14631
6093 12869 14915
14915 6093 12869
12869 6093 14915
14524 8698 9416
8698 9416 14524
9416 8698 14524
2742 1831 13750
1831 2742 13750
13750 1831 2742
4525 1776 13347
13347 1776 4525
1776 4525 13347
13896 147 13298
147 13298 13896
13298 147 13896
7046 2592 5570
2592 5570 7046
5570 2592 7046
13866 1215 2271
2271 1215 13866
1215 2271 13866
10809 5016 10935
5016 10809 10935
10935 5016 10809
8010 489 1312
489 1312 8010
1312 489 8010
10604 5057 13933
5057 10604 13933
13933 5057 10604
2038 9613 14413
14413 2038 9613
9613 2038 14413
11460 6351 7265
6351 7265 11460
7265 6351 11460
247 8897 9764
8897 247 9764
9764 247 8897
10965 2466 5106
5106 2466 10965
2466 5106 10965
3208 5323 14368
5323 3208 14368
14368 3208 5323
14430 6648 12133
12133 6648 14430
6648 12133 14430
3436 108 6116
6116 108 3436
108 3436 6116
13605 11660 13151
11660 13151 13605
13151 11660 13605
9181 2867 5172
2867 5172 9181
5172 2867 9181
8909 6520 9244
6520 8909 9244
9244 6520 8909
4477 11571 14852
11571 4477 14852
14852 4477 11571
1412 1893 6665
6665 1412 1893
1893 1412 6665
4304 2907 7719
2907 4304 7719
7719 2907 4304
6718 5572 14045
5572 6718 14045
14045 5572 6718
11317 4272 8371
4272 8371 11317
8371 4272 11317
192 1087 3299
1087 192 3299
3299 192 1087
10167 2056 3552
2056 3552 10167
3552 2056 10167
9049 279 1969
279 1969 9049
1969 279 9049
3896 13141 14300
14300 3896 13141
13141 3896 14300
7583 1185 14011
1185 7583 14011
14011 1185 7583
9589 4447 9989
9989 4447 9589
4447 9589 9989
6787 5496 6794
5496 6787 6794
6794 5496 6787
9976 9708 11220
9708 9976 11220
11220 9708 9976
9676 1976 7251
1976 7251 9676
7251 1976 9676
3272 11566 13284
11566 3272 13284
13284 3272 11566
7153 8929 11902
11902 7153 8929
8929 7153 11902
11263 3056 14279
14279 3056 11263
3056 11263 14279
3142 3021 6528
6528 3021 3142
3021 3142 6528
3993 4500 9188
4500 3993 9188
9188 3993 4500
11888 4682 14151
4682 11888 14151
14151 4682 11888
10115 205 13874
205 10115 13874
13874 205 10115
9666 1075 7784
1075 7784 9666
7784 1075 9666
2112 671 10590
671 2112 10590
10590 671 2112
3598 4566 13614
4566 3598 13614
13614 3598 4566
12334 10783 11354
10783 11354 12334
11354 10783 12334
6979 9249 9296
9296 6979 9249
9249 6979 9296
4776 10297 14478
10297 4776 14478
14478 4776 10297
2235 2343 5514
5514 2235 2343
2343 2235 5514
8555 11771 11907
11907 8555 11771
11771 8555 11907
9345 1616 14275
14275 1616 9345
1616 9345 14275
8924 8637 8815
8815 8637 8924
8637 8815 8924
4099 5728 9110
5728 4099 9110
9110 4099 5728
9200 2159 11950
2159 9200 11950
11950 2159 9200
8887 5623 6469
6469 5623 8887
5623 6469 8887
4686 6780 10775
6780 4686 10775
10775 4686 6780
3422 4876 8554
8554 3422 4876
4876 3422 8554
10262 9891 11895
9891 10262 11895
11895 9891 10262
13420 5156 10954
5156 10954 13420
10954 5156 13420
4353 756 11736
11736 756 4353
756 4353 11736
8813 5765 13011
13011 5765 8813
5765 8813 13011
7536 4880 13630
13630 4880 7536
4880 7536 13630
2165 597 7971
7971 597 2165
597 2165 7971
4388 4541 7031
4541 4388 7031
7031 4388 4541
1948 9328 9855
9855 1948 9328
9328 1948 9855
13980 4977 13380
13380 4977 13980
4977 13380 13980
4678 1594 11366
11366 1594 4678
1594 4678 11366
10609 10766 11739
11739 10609 10766
10766 10609 11739
2290 10655 14321
14321 2290 10655
10655 2290 14321
1545 2357 9348
9348 1545 2357
2357 1545 9348
12044 8390 13310
13310 8390 12044
8390 12044 13310
96 9751 11799
9751 96 11799
11799 96 9751
8070 173 3106
173 3106 8070
3106 173 8070
14097 3962 7522
3962 7522 14097
7522 3962 14097
3354 843 12150
12150 843 3354
843 3354 12150
1575 3512 11443
3512 1575 11443
11443 1575 3512
2092 5947 8937
8937 2092 5947
5947 2092 8937
11676 10567 14179
14179 10567 11676
10567 11676 14179
12940 3309 13925
3309 12940 13925
13925 3309 12940
3706 8875 13094
13094 3706 8875
8875 3706 13094
12152 5958 9060
9060 5958 12152
5958 9060 12152
11068 8662 12954
12954 8662 11068
8662 11068 12954
2437 982 12453
12453 982 2437
982 2437 12453
10674 1619 3969
1619 3969 10674
3969 1619 10674
7660 10514 10750
10514 7660 10750
10750 7660 10514
13514 2894 2939
2939 2894 13514
2894 2939 13514
9410 11170 13593
13593 9410 11170
11170 9410 13593
6433 1456 13109
1456 6433 13109
13109 1456 6433
3154 4671 11551
11551 3154 4671
4671 3154 11551
12417 3344 12413
12413 3344 12417
3344 12413 12417
2023 7638 11186
7638 2023 11186
11186 2023 7638
785 12017 14933
14933 785 12017
12017 785 14933
7457 3898 10470
10470 3898 7457
3898 7457 10470
11930 12938 13570
12938 11930 13570
13570 11930 12938
9694 7494 7631
7631 7494 9694
7494 7631 9694
10402 14266 14546
14546 10402 14266
14266 10402 14546
4026 8740 10253
10253 4026 8740
8740 4026 10253
14755 352 8680
8680 352 14755
352 8680 14755
5104 6057 6136
6136 5104 6057
6057 5104 6136
7900 3718 14232
3718 7900 14232
14232 3718 7900
5718 1633 5414
1633 5414 5718
5414 1633 5718
14571 5668 8547
5668 8547 14571
8547 5668 14571
294 3178 14352
14352 294 3178
3178 294 14352
10575 11808 13461
13461 10575 11808
11808 10575 13461
12479 4569 8487
4569 8487 12479
8487 4569 12479
1054 5376 12014
5376 1054 12014
12014 1054 5376
7805 5394 7478
7478 5394 7805
5394 7478 7805
3040 2413 6799
6799 2413 3040
2413 3040 6799
12680 3636 8788
3636 8788 12680
8788 3636 12680
14485 6431 12312
12312 6431 14485
6431 12312 14485
3060 5005 7009
5005 3060 7009
7009 3060 5005
12190 9100 12085
12085 9100 12190
9100 12085 12190
12039 2753 6054
2753 6054 12039
6054 2753 12039
7448 3293 8162
3293 7448 8162
8162 3293 7448
12829 6169 10183
6169 10183 12829
10183 6169 12829
867 1726 2780
2780 867 1726
1726 867 2780
13909 3556 8755
8755 3556 13909
3556 8755 13909
11185 13885 14160
13885 11185 14160
14160 11185 13885
7589 7202 9361
9361 7202 7589
7202 7589 9361
10287 3841 3858
3858 3841 10287
3841 3858 10287
11982 176 9034
9034 176 11982
176 9034 11982
6770 9063 11177
9063 6770 11177
11177 6770 9063
12916 8495 13450
13450 8495 12916
8495 12916 13450
12283 1033 5597
1033 5597 12283
5597 1033 12283
195 4345 8138
4345 195 8138
8138 195 4345
2210 9609 11835
11835 2210 9609
9609 2210 11835
11344 3457 7429
7429 3457 11344
3457 7429 11344
52 1760 2259
2259 52 1760
1760 52 2259
10956 2708 13768
13768 2708 10956
2708 10956 13768
11361 8031 11216
11216 8031 11361
8031 11216 11361
2984 3261 7958
3261 2984 7958
7958 2984 3261
8392 1807 6461
6461 1807 8392
1807 6461 8392
4313 10880 13075
13075 4313 10880
10880 4313 13075
14908 1007 4247
1007 4247 14908
4247 1007 14908
14975 11999 14470
14470 11999 14975
11999 14470 14975
4095 3601 5170
5170 3601 4095
3601 4095 5170
3647 10676 14514
14514 3647 10676
10676 3647 14514
3578 3362 10117
3362 3578 10117
10117 3362 3578
14363 7167 13967
7167 13967 14363
13967 7167 14363
9684 1023 13276
13276 1023 9684
1023 9684 13276
8304 2808 7860
2808 7860 8304
7860 2808 8304
6634 12234 14506
12234 6634 14506
14506 6634 12234
416 1696 10147
1696 416 10147
10147 416 1696
5035 3891 10663
3891 5035 10663
10663 3891 5035
11775 5378 8888
5378 8888 11775
8888 5378 11775
4111 5400 9306
5400 4111 9306
9306 4111 5400
7002 11451 12409
12409 7002 11451
11451 7002 12409
8055 1530 14871
1530 8055 14871
14871 1530 8055
9072 109 9294
9294 109 9072
109 9072 9294
8312 422 5269
5269 422 8312
422 5269 8312
5479 7001 10960
10960 5479 7001
7001 5479 10960
1894 3892 4998
3892 1894 4998
4998 1894 3892
5887 2168 6998
6998 2168 5887
2168 5887 6998
7105 12359 13548
13548 7105 12359
12359 7105 13548
3495 4022 8622
4022 3495 8622
8622 3495 4022
8774 448 14019
14019 448 8774
448 8774 14019
3407 2847 7987
7987 2847 3407
2847 3407 7987
7204 640 11520
11520 640 7204
640 7204 11520
10723 1324 10176
1324 10176 10723
10176 1324 10723
11766 2368 8498
2368 8498 11766
8498 2368 11766
3779 2513 4244
4244 2513 3779
2513 3779 4244
9460 3592 4772
3592 4772 9460
4772 3592 9460
14356 2024 12655
12655 2024 14356
2024 12655 14356
3857 13648 14854
13648 3857 14854
14854 3857 13648
10538 7914 10589
10589 7914 10538
7914 10538 10589
8889 5723 9237
9237 5723 8889
5723 8889 9237
1042 4268 4759
4268 1042 4759
4759 1042 4268
13122 207 2960
207 2960 13122
2960 207 13122
10718 1280 14344
14344 1280 10718
1280 10718 14344
10336 3247 7524
3247 7524 10336
7524 3247 10336
5242 773 8684
773 5242 8684
8684 773 5242
4947 6603 8272
6603 4947 8272
8272 4947 6603
13761 5194 7911
7911 5194 13761
5194 7911 13761
4057 7759 8257
8257 4057 7759
7759 4057 8257
12797 8051 13606
8051 12797 13606
13606 8051 12797
13731 2919 10100
2919 10100 13731
10100 2919 13731
14172 1162 10073
1162 10073 14172
10073 1162 14172
3286 6942 13922
6942 3286 13922
13922 3286 6942
8136 8629 11651
8629 8136 11651
11651 8136 8629
7725 5928 14610
5928 7725 14610
14610 5928 7725
12030 6473 14560
6473 12030 14560
14560 6473 12030
8780 3433 8923
8923 3433 8780
3433 8780 8923
12847 2833 14271
14271 2833 12847
2833 12847 14271
3918 1803 5227
1803 3918 5227
5227 1803 3918
13098 545 12354
545 12354 13098
12354 545 13098
1869 3443 9155
3443 1869 9155
9155 1869 3443
6453 11511 14184
14184 6453 11511
11511 6453 14184
896 1587 13567
13567 896 1587
1587 896 13567
4054 7286 7473
7286 4054 7473
7473 4054 7286
64 5981 6151
6151 64 5981
5981 64 6151
2354 8821 10947
8821 2354 10947
10947 2354 8821
14946 6615 6766
6766 6615 14946
6615 6766 14946
6231 3438 12529
12529 3438 6231
3438 6231 12529
592 7636 7763
7636 592 7763
7763 592 7636
12961 8609 12400
12400 8609 12961
8609 12400 12961
10488 12357 14383
12357 10488 14383
14383 10488 12357
1546 2636 3317
3317 1546 2636
2636 1546 3317
12237 3383 14029
14029 3383 12237
3383 12237 14029
9985 3182 9297
9297 3182 9985
3182 9297 9985
6207 13496 14681
14681 6207 13496
13496 6207 14681
1929 3733 7553
3733 1929 7553
7553 1929 3733
7152 4070 12964
4070 7152 12964
12964 4070 7152
5792 2444 11222
11222 2444 5792
2444 5792 11222
4152 10146 11050
10146 4152 11050
11050 4152 10146
6209 1753 14533
14533 1753 6209
1753 6209 14533
9394 2064 14732
14732 2064 9394
2064 9394 14732
9732 645 7858
7858 645 9732
645 7858 9732
12817 987 1636
987 1636 12817
1636 987 12817
6583 2349 3615
2349 3615 6583
3615 2349 6583
2144 243 3957
3957 243 2144
243 2144 3957
4325 7374 14756
7374 4325 14756
14756 4325 7374
1939 916 13434
13434 916 1939
916 1939 13434
6145 82 6821
6821 82 6145
82 6145 6821
174 8570 14269
14269 174 8570
8570 174 14269
9875 2130 4499
4499 2130 9875
2130 4499 9875
4526 2244 10550
10550 2244 4526
2244 4526 10550
3257 405 7016
405 3257 7016
7016 405 3257
12099 5525 9168
9168 5525 12099
5525 9168 12099
8278 7628 11555
11555 7628 8278
7628 8278 11555
4452 1187 9431
1187 4452 9431
9431 1187 4452
504 13234 14896
13234 504 14896
14896 504 13234
4445 12923 14740
12923 4445 14740
14740 4445 12923
1305 763 13289
763 1305 13289
13289 763 1305
14955 10445 10823
10823 10445 14955
10445 10823 14955
9002 5284 10315
10315 5284 9002
5284 9002 10315
12287 13724 14132
13724 12287 14132
14132 12287 13724
5679 4753 9195
9195 4753 5679
4753 5679 9195
13256 6334 12643
12643 6334 13256
6334 12643 13256
14334 2931 10551
2931 10551 14334
10551 2931 14334
4211 8559 14134
8559 4211 14134
14134 4211 8559
5951 13078 13088
13078 5951 13088
13088 5951 13078
9006 5066 8842
8842 5066 9006
5066 8842 9006
2702 12742 14855
12742 2702 14855
14855 2702 12742
5806 2988 8931
2988 5806 8931
8931 2988 5806
13484 946 12154
12154 946 13484
946 12154 13484
8057 559 915
915 559 8057
559 915 8057
4632 926 2996
926 2996 4632
2996 926 4632
1950 1043 14645
14645 1043 1950
1043 1950 14645
10721 3355 6328
3355 6328 10721
6328 3355 10721
14245 8703 11284
11284 8703 14245
8703 11284 14245
12406 5360 12412
12412 5360 12406
5360 12406 12412
6003 7983 12163
12163 6003 7983
7983 6003 12163
7739 5533 5727
5533 5727 7739
5727 5533 7739
2679 6491 13073
6491 2679 13073
13073 2679 6491
12543 1175 4801
4801 1175 12543
1175 4801 12543
4884 4484 8176
4484 4884 8176
8176 4484 4884
2541 7684 12218
7684 2541 12218
12218 2541 7684
1 5663 12520
5663 1 12520
12520 1 5663
6827 9025 13542
9025 6827 13542
13542 6827 9025
6956 1945 2566
1945 2566 6956
2566 1945 6956
11198 1041 9478
9478 1041 11198
1041 9478 11198
831 4957 8291
4957 831 8291
8291 831 4957
3065 2082 5957
5957 2082 3065
2082 3065 5957
5907 1685 4973
4973 1685 5907
1685 4973 5907
4877 4259 5931
5931 4259 4877
4259 4877 5931
9115 3220 14715
3220 9115 14715
14715 3220 9115
840 1627 14750
14750 840 1627
1627 840 14750
5906 4623 13653
13653 4623 5906
4623 5906 13653
6755 8728 13456
13456 6755 8728
8728 6755 13456
11770 826 3164
826 3164 11770
3164 826 11770
2054 2033 11971
11971 2033 2054
2033 2054 11971
10637 4616 7182
7182 4616 10637
4616 7182 10637
822 1267 1927
1267 822 1927
1927 822 1267
2238 3017 9937
9937 2238 3017
3017 2238 9937
10301 5588 9178
9178 5588 10301
5588 9178 10301
5535 4012 14984
4012 5535 14984
14984 4012 5535
10215 2227 9584
9584 2227 10215
2227 9584 10215
10659 5311 14834
14834 5311 10659
5311 10659 14834
2311 13780 13796
13796 2311 13780
13780 2311 13796
13273 2935 12684
12684 2935 13273
2935 12684 13273
7310 9839 11132
9839 7310 11132
11132 7310 9839
8351 413 10536
10536 413 8351
413 8351 10536
964 1021 2007
1021 964 2007
2007 964 1021
5357 2896 4920
2896 4920 5357
4920 2896 5357
14581 4511 13736
4511 13736 14581
13736 4511 14581
6622 5231 8122
5231 6622 8122
8122 5231 6622
7943 7481 9141
7481 7943 9141
9141 7481 7943
10651 1388 5530
5530 1388 10651
1388 5530 10651
13397 6117 11013
11013 6117 13397
6117 11013 13397
12066 4120 14016
4120 12066 14016
14016 4120 12066
7802 3085 12534
12534 3085 7802
