89933 19386 86355
19386 86355 89933
86355 19386 89933
17865 50431 98261
50431 17865 98261
98261 17865 50431
18827 44720 107721
44720 18827 107721
107721 18827 44720
150000 44744 73858
73858 44744 150000
44744 73858 150000
97934 122529 147958
147958 97934 122529
122529 97934 147958
51168 91755 101605
91755 51168 101605
101605 51168 91755
65821 7498 124088
7498 65821 124088
124088 7498 65821
16596 15754 98151
98151 15754 16596
15754 16596 98151
113395 112949 119936
112949 113395 119936
119936 112949 113395
70427 48390 65167
48390 65167 70427
65167 48390 70427
41148 140965 147360
140965 41148 147360
147360 41148 140965
68693 68699 111652
111652 68693 68699
68699 68693 111652
119938 30271 108871
30271 108871 119938
108871 30271 119938
35290 33168 92977
33168 35290 92977
92977 33168 35290
131467 60017 113405
60017 113405 131467
113405 60017 131467
31220 34050 148050
148050 31220 34050
34050 31220 148050
23483 18508 110848
18508 23483 110848
110848 18508 23483
37023 38391 48288
38391 37023 48288
48288 37023 38391
128102 668 85145
668 85145 128102
85145 668 128102
149512 40615 94434
94434 40615 149512
40615 94434 149512
100112 22956 52107
22956 52107 100112
52107 22956 100112
119042 7702 148868
148868 7702 119042
7702 119042 148868
38439 11494 76312
11494 38439 76312
76312 11494 38439
8486 41964 130541
130541 8486 41964
41964 8486 130541
133991 86090 149014
86090 133991 149014
149014 86090 133991
25296 96380 116634
96380 25296 116634
116634 25296 96380
12060 83964 139875
83964 12060 139875
139875 12060 83964
56369 24732 144914
24732 56369 144914
144914 24732 56369
4313 6932 107833
107833 4313 6932
6932 4313 107833
120779 96194 119484
96194 119484 120779
119484 96194 120779
31382 65697 114635
114635 31382 65697
65697 31382 114635
141888 8393 66554
8393 66554 141888
66554 8393 141888
12971 30997 64439
64439 12971 30997
30997 12971 64439
64389 805 136959
136959 805 64389
805 64389 136959
26130 68418 102142
102142 26130 68418
68418 26130 102142
17269 10149 45324
45324 10149 17269
10149 17269 45324
142549 46335 124500
124500 46335 142549
46335 124500 142549
39426 47311 103524
103524 39426 47311
47311 39426 103524
147451 13445 31116
31116 13445 147451
13445 31116 147451
124676 60121 135423
135423 60121 124676
60121 124676 135423
35844 12321 129341
129341 12321 35844
12321 35844 129341
82130 7117 59990
59990 7117 82130
7117 59990 82130
32640 121346 148437
121346 32640 148437
148437 32640 121346
125853 86386 132119
132119 86386 125853
86386 125853 132119
13 55350 129841
129841 13 55350
55350 13 129841
116399 36450 56766
36450 56766 116399
56766 36450 116399
16356 3899 148807
3899 16356 148807
148807 3899 16356
8414 31971 55971
31971 8414 55971
55971 8414 31971
65745 13874 132431
132431 13874 65745
13874 65745 132431
32438 97180 132186
97180 32438 132186
132186 32438 97180
50103 84615 96249
96249 50103 84615
84615 50103 96249
46486 49980 79529
49980 46486 79529
79529 46486 49980
74027 46292 91589
91589 46292 74027
46292 74027 91589
13970 110928 128836
128836 13970 110928
110928 13970 128836
60422 81499 123535
123535 60422 81499
81499 60422 123535
148408 73532 127977
127977 73532 148408
73532 127977 148408
132807 6127 90213
90213 6127 132807
6127 90213 132807
62349 125387 138688
138688 62349 125387
125387 62349 138688
78139 15025 64707
64707 15025 78139
15025 64707 78139
93303 85811 99622
85811 93303 99622
99622 85811 93303
21006 107709 123955
107709 21006 123955
123955 21006 107709
70628 88605 99411
88605 70628 99411
99411 70628 88605
43539 12352 18419
12352 18419 43539
18419 12352 43539
126115 1805 147996
1805 126115 147996
147996 1805 126115
110747 89679 126713
89679 110747 126713
126713 89679 110747
75115 21004 89299
89299 21004 75115
21004 75115 89299
149955 74445 135509
74445 135509 149955
135509 74445 149955
101449 73120 111920
111920 73120 101449
73120 101449 111920
9159 40142 64485
40142 9159 64485
64485 9159 40142
31942 1117 102337
1117 31942 102337
102337 1117 31942
1151 106392 138233
138233 1151 106392
106392 1151 138233
88484 51187 130806
51187 88484 130806
130806 51187 88484
91373 31524 69008
31524 69008 91373
69008 31524 91373
100403 64148 88100
88100 64148 100403
64148 88100 100403
47651 71391 104614
71391 47651 104614
104614 47651 71391
139036 12922 127875
12922 127875 139036
127875 12922 139036
115319 3582 98905
98905 3582 115319
3582 98905 115319
1017 4416 106064
106064 1017 4416
4416 1017 106064
2932 48220 124753
48220 2932 124753
124753 2932 48220
42896 103932 124031
103932 42896 124031
124031 42896 103932
49077 25768 93575
25768 49077 93575
93575 25768 49077
36353 37713 59347
37713 36353 59347
59347 36353 37713
2233 4372 93351
4372 2233 93351
93351 2233 4372
83507 13131 145203
145203 13131 83507
13131 83507 145203
83258 66492 117169
66492 83258 117169
117169 66492 83258
82998 1747 91207
91207 1747 82998
1747 82998 91207
81954 88127 136521
88127 81954 136521
136521 81954 88127
133298 47524 60825
47524 60825 133298
60825 47524 133298
53980 42335 148485
42335 53980 148485
148485 42335 53980
8977 86024 132429
132429 8977 86024
86024 8977 132429
137180 103882 145390
103882 137180 145390
145390 103882 137180
15469 45813 47355
47355 15469 45813
45813 15469 47355
77933 15619 105672
105672 15619 77933
15619 77933 105672
81913 3897 136378
136378 3897 81913
3897 81913 136378
47048 41785 87988
41785 47048 87988
87988 41785 47048
27604 95504 115464
115464 27604 95504
95504 27604 115464
144708 34657 117465
34657 117465 144708
117465 34657 144708
24268 23866 60143
23866 24268 60143
60143 23866 24268
105701 65788 131590
131590 65788 105701
65788 105701 131590
134531 612 84773
84773 612 134531
612 84773 134531
27695 46095 149623
149623 27695 46095
46095 27695 149623
92168 36773 64201
36773 64201 92168
64201 36773 92168
30390 72964 127060
127060 30390 72964
72964 30390 127060
86289 58547 143626
58547 86289 143626
143626 58547 86289
149254 79921 113303
79921 113303 149254
113303 79921 149254
78564 20937 48016
48016 20937 78564
20937 48016 78564
20874 9959 31619
9959 20874 31619
31619 9959 20874
75637 39730 114537
114537 39730 75637
39730 75637 114537
91478 4352 146007
4352 91478 146007
146007 4352 91478
65421 302 44427
302 44427 65421
44427 302 65421
75189 30942 49158
49158 30942 75189
30942 49158 75189
122373 109207 127173
127173 109207 122373
109207 122373 127173
107715 110294 145300
145300 107715 110294
110294 107715 145300
332 18440 111229
18440 332 111229
111229 332 18440
38389 12965 79299
12965 38389 79299
79299 12965 38389
7966 82504 84404
84404 7966 82504
82504 7966 84404
139652 7321 46569
46569 7321 139652
7321 46569 139652
123290 28789 95025
28789 95025 123290
95025 28789 123290
103825 126031 133577
133577 103825 126031
126031 103825 133577
63363 65696 91615
65696 63363 91615
91615 63363 65696
75832 8253 127900
127900 8253 75832
8253 75832 127900
83902 104109 144476
104109 83902 144476
144476 83902 104109
54877 50873 51618
51618 50873 54877
50873 51618 54877
39534 122651 143963
122651 39534 143963
143963 39534 122651
78421 24782 138274
138274 24782 78421
24782 78421 138274
28834 75372 141854
141854 28834 75372
75372 28834 141854
101973 15757 42220
42220 15757 101973
15757 42220 101973
138603 44117 48966
48966 44117 138603
44117 48966 138603
36558 73890 130054
73890 36558 130054
130054 36558 73890
128837 55715 123429
55715 123429 128837
123429 55715 128837
145924 26144 33490
26144 33490 145924
33490 26144 145924
69877 24150 118900
24150 69877 118900
118900 24150 69877
145296 4065 49476
49476 4065 145296
4065 49476 145296
2612 79359 111535
111535 2612 79359
79359 2612 111535
143836 79868 141967
79868 141967 143836
141967 79868 143836
139330 73088 92073
73088 92073 139330
92073 73088 139330
101231 89300 118946
118946 89300 101231
89300 101231 118946
37730 35456 61716
35456 37730 61716
61716 35456 37730
9101 37984 127116
127116 9101 37984
37984 9101 127116
35244 350 97627
97627 350 35244
350 35244 97627
16091 41763 80947
41763 16091 80947
80947 16091 41763
73986 21300 69285
69285 21300 73986
21300 69285 73986
86653 125 120972
125 86653 120972
120972 125 86653
873 8916 44066
44066 873 8916
8916 873 44066
137490 146663 149065
149065 137490 146663
146663 137490 149065
67608 62487 131517
131517 62487 67608
62487 67608 131517
28212 24997 47958
24997 28212 47958
47958 24997 28212
6450 59226 98063
59226 6450 98063
98063 6450 59226
125161 17519 48570
48570 17519 125161
17519 48570 125161
84327 55210 129294
55210 84327 129294
129294 55210 84327
36719 99129 119970
119970 36719 99129
99129 36719 119970
23929 56920 143546
143546 23929 56920
56920 23929 143546
23469 85430 140331
140331 23469 85430
85430 23469 140331
59270 122683 139691
139691 59270 122683
122683 59270 139691
46708 34214 58633
58633 34214 46708
34214 46708 58633
141581 21518 95428
21518 95428 141581
95428 21518 141581
121592 57022 142205
57022 121592 142205
142205 57022 121592
88629 30741 52518
30741 52518 88629
52518 30741 88629
9138 41112 53077
41112 9138 53077
53077 9138 41112
113901 103323 145877
103323 113901 145877
145877 103323 113901
118388 61550 137634
61550 118388 137634
137634 61550 118388
45509 23148 71213
71213 23148 45509
23148 45509 71213
72786 9992 51759
51759 9992 72786
9992 51759 72786
78637 46793 132796
46793 78637 132796
132796 46793 78637
74109 38649 112741
38649 74109 112741
112741 38649 74109
90794 92189 101212
101212 90794 92189
92189 90794 101212
119067 47020 73964
47020 73964 119067
73964 47020 119067
92675 43114 55293
55293 43114 92675
43114 55293 92675
24335 26479 48831
26479 24335 48831
48831 24335 26479
1111 18745 115270
115270 1111 18745
18745 1111 115270
10954 8891 138101
138101 8891 10954
8891 10954 138101
16235 39283 126510
126510 16235 39283
39283 16235 126510
50481 47032 137282
137282 47032 50481
47032 50481 137282
114088 50456 74902
50456 74902 114088
74902 50456 114088
44221 69318 129273
69318 44221 129273
129273 44221 69318
132136 33393 116959
116959 33393 132136
33393 116959 132136
131544 31519 44430
31519 44430 131544
44430 31519 131544
103925 51263 101377
51263 101377 103925
101377 51263 103925
16707 125929 135253
135253 16707 125929
125929 16707 135253
30062 3354 22031
22031 3354 30062
3354 22031 30062
75327 62688 146533
146533 62688 75327
62688 75327 146533
10630 15420 121482
121482 10630 15420
15420 10630 121482
12218 124599 126958
124599 12218 126958
126958 12218 124599
148786 67784 82597
67784 82597 148786
82597 67784 148786
136170 113750 127846
127846 113750 136170
113750 127846 136170
102062 14148 93108
14148 93108 102062
93108 14148 102062
92022 28525 134240
134240 28525 92022
28525 92022 134240
22924 40375 90774
40375 22924 90774
90774 22924 40375
9556 65832 80033
80033 9556 65832
65832 9556 80033
114084 47194 61407
61407 47194 114084
47194 61407 114084
125207 102686 119045
119045 102686 125207
102686 119045 125207
19613 33667 144058
144058 19613 33667
33667 19613 144058
125254 79837 97271
97271 79837 125254
79837 97271 125254
35126 40171 120689
40171 35126 120689
120689 35126 40171
6543 73779 132157
132157 6543 73779
73779 6543 132157
149765 17983 86388
17983 86388 149765
86388 17983 149765
39846 35148 67588
67588 35148 39846
35148 39846 67588
142161 12704 95684
95684 12704 142161
12704 95684 142161
23910 18358 111022
111022 18358 23910
18358 23910 111022
42081 117816 125649
117816 42081 125649
125649 42081 117816
9623 13809 17655
13809 9623 17655
17655 9623 13809
101834 70212 98075
98075 70212 101834
70212 98075 101834
102879 105129 149555
105129 102879 149555
149555 102879 105129
127637 7474 77215
7474 77215 127637
77215 7474 127637
2951 20592 74034
74034 2951 20592
20592 2951 74034
120164 57714 70984
57714 70984 120164
70984 57714 120164
93344 88769 99932
88769 93344 99932
99932 88769 93344
141273 18037 109125
18037 109125 141273
109125 18037 141273
20856 57905 72559
72559 20856 57905
57905 20856 72559
85864 18713 141313
18713 85864 141313
141313 18713 85864
134037 91055 129833
129833 91055 134037
91055 129833 134037
34753 67859 118520
67859 34753 118520
118520 34753 67859
141341 56858 133137
133137 56858 141341
56858 133137 141341
36789 4099 54000
54000 4099 36789
4099 36789 54000
14215 8310 54189
8310 14215 54189
54189 8310 14215
45296 645 112993
645 45296 112993
112993 645 45296
59948 84727 101004
84727 59948 101004
101004 59948 84727
87332 101851 104533
104533 87332 101851
101851 87332 104533
134585 21654 105809
21654 105809 134585
105809 21654 134585
122771 83957 145438
145438 83957 122771
83957 122771 145438
119390 26470 115363
26470 115363 119390
115363 26470 119390
23565 65859 107066
107066 23565 65859
65859 23565 107066
10762 2179 71576
71576 2179 10762
2179 10762 71576
18756 4475 66978
66978 4475 18756
4475 18756 66978
85257 70364 129885
70364 85257 129885
129885 70364 85257
77548 18186 102944
102944 18186 77548
18186 77548 102944
135896 44271 123663
123663 44271 135896
44271 123663 135896
120598 5738 75599
75599 5738 120598
5738 75599 120598
23775 18377 75918
75918 18377 23775
18377 23775 75918
589 7051 113155
113155 589 7051
7051 589 113155
109099 50500 54124
54124 50500 109099
50500 54124 109099
126119 30060 135567
135567 30060 126119
30060 126119 135567
114598 6907 90676
6907 90676 114598
90676 6907 114598
13906 108009 111978
111978 13906 108009
108009 13906 111978
73311 48107 119517
48107 73311 119517
119517 48107 73311
145010 10526 65894
65894 10526 145010
10526 65894 145010
96051 70201 121746
70201 96051 121746
121746 70201 96051
107465 73185 123871
73185 107465 123871
123871 73185 107465
46047 98821 104435
98821 46047 104435
104435 46047 98821
119910 35176 106673
106673 35176 119910
35176 106673 119910
91915 29467 51986
51986 29467 91915
29467 51986 91915
68740 89491 149539
89491 68740 149539
149539 68740 89491
59214 86717 98659
86717 59214 98659
98659 59214 86717
80662 37767 78990
37767 78990 80662
78990 37767 80662
6923 9020 138794
138794 6923 9020
9020 6923 138794
66652 72688 90920
72688 66652 90920
90920 66652 72688
121246 30795 107547
30795 107547 121246
107547 30795 121246
115202 37709 144696
144696 37709 115202
37709 115202 144696
118714 12999 31875
31875 12999 118714
12999 31875 118714
22082 37146 148017
37146 22082 148017
148017 22082 37146
75909 133 8199
8199 133 75909
133 8199 75909
113336 14432 73805
73805 14432 113336
14432 73805 113336
58553 125511 129407
129407 58553 125511
125511 58553 129407
136774 37879 83137
37879 83137 136774
83137 37879 136774
100665 42354 69341
69341 42354 100665
42354 69341 100665
109249 82936 97480
97480 82936 109249
82936 97480 109249
144347 358 136224
358 136224 144347
136224 358 144347
73609 18720 146127
18720 73609 146127
146127 18720 73609
56386 20843 60608
60608 20843 56386
20843 56386 60608
132692 15466 56612
15466 56612 132692
56612 15466 132692
83300 79560 118341
118341 79560 83300
79560 83300 118341
93988 28978 107110
28978 93988 107110
107110 28978 93988
119185 82395 82628
82628 82395 119185
82395 82628 119185
106787 2954 72852
72852 2954 106787
2954 72852 106787
61397 87156 95600
87156 61397 95600
95600 61397 87156
93976 29229 98147
98147 29229 93976
29229 93976 98147
2885 35525 67782
35525 2885 67782
67782 2885 35525
113283 115214 142067
115214 113283 142067
142067 113283 115214
103292 90478 115249
90478 103292 115249
115249 90478 103292
10339 31239 63412
31239 10339 63412
63412 10339 31239
137049 23909 57056
23909 57056 137049
57056 23909 137049
16793 23302 141707
141707 16793 23302
23302 16793 141707
69832 64927 125710
125710 64927 69832
64927 69832 125710
146852 17300 100017
100017 17300 146852
17300 100017 146852
98941 69402 141207
141207 69402 98941
69402 98941 141207
72125 30455 108412
108412 30455 72125
30455 72125 108412
67696 139902 144993
139902 67696 144993
144993 67696 139902
29802 79099 135232
135232 29802 79099
79099 29802 135232
17465 18405 84809
84809 17465 18405
18405 17465 84809
100175 3746 108365
3746 100175 108365
108365 3746 100175
142201 4379 128581
4379 128581 142201
128581 4379 142201
52891 14326 80177
80177 14326 52891
14326 52891 80177
110429 53718 124050
53718 110429 124050
124050 53718 110429
144856 75851 98010
98010 75851 144856
75851 98010 144856
80477 31732 91144
91144 31732 80477
31732 80477 91144
103291 72836 82645
72836 82645 103291
82645 72836 103291
115821 63854 114061
114061 63854 115821
63854 114061 115821
110635 65824 134619
65824 110635 134619
134619 65824 110635
142890 61598 144022
61598 142890 144022
144022 61598 142890
97569 98588 108289
108289 97569 98588
98588 97569 108289
114079 11950 50925
50925 11950 114079
11950 50925 114079
129037 26854 95754
26854 95754 129037
95754 26854 129037
88018 19340 23036
19340 23036 88018
23036 19340 88018
67431 38647 70206
38647 67431 70206
70206 38647 67431
55212 45171 123465
123465 45171 55212
45171 55212 123465
59144 24872 31608
24872 31608 59144
31608 24872 59144
138068 2552 46573
46573 2552 138068
2552 46573 138068
91811 58855 149290
149290 58855 91811
58855 91811 149290
121044 19633 27323
19633 27323 121044
27323 19633 121044
64826 48335 80560
48335 64826 80560
80560 48335 64826
92640 23729 118380
118380 23729 92640
23729 92640 118380
71789 51874 85902
51874 71789 85902
85902 51874 71789
142142 51564 93354
51564 93354 142142
93354 51564 142142
63441 108210 116456
116456 63441 108210
108210 63441 116456
83068 37942 84562
37942 83068 84562
84562 37942 83068
48497 4278 55123
55123 4278 48497
4278 48497 55123
124801 58231 134575
134575 58231 124801
58231 124801 134575
30805 33822 96374
33822 30805 96374
96374 30805 33822
13689 9907 16019
16019 9907 13689
9907 13689 16019
12563 56943 99103
99103 12563 56943
56943 12563 99103
59614 14377 144459
14377 59614 144459
144459 14377 59614
49720 47231 63076
63076 47231 49720
47231 49720 63076
20623 82025 125924
125924 20623 82025
82025 20623 125924
75743 24472 121231
121231 24472 75743
24472 75743 121231
2969 72891 115461
72891 2969 115461
115461 2969 72891
95404 7748 65523
65523 7748 95404
7748 65523 95404
13329 31682 43897
43897 13329 31682
31682 13329 43897
36739 44636 48608
44636 36739 48608
48608 36739 44636
143804 34266 109377
109377 34266 143804
34266 109377 143804
37609 19955 56827
19955 37609 56827
56827 19955 37609
29934 110358 127847
127847 29934 110358
110358 29934 127847
43569 18758 44055
18758 43569 44055
44055 18758 43569
137838 4303 109103
4303 109103 137838
109103 4303 137838
13586 68852 118112
118112 13586 68852
68852 13586 118112
132264 25964 62038
25964 62038 132264
62038 25964 132264
115607 19079 119245
119245 19079 115607
19079 115607 119245
37457 11607 105599
105599 11607 37457
11607 37457 105599
133211 120677 121672
120677 121672 133211
121672 120677 133211
74312 4175 30264
4175 30264 74312
30264 4175 74312
129778 7713 39773
39773 7713 129778
7713 39773 129778
70696 57595 131347
131347 57595 70696
57595 70696 131347
31605 9987 67091
67091 9987 31605
9987 31605 67091
42513 48251 98630
48251 42513 98630
98630 42513 48251
3922 91030 102702
91030 3922 102702
102702 3922 91030
103329 111089 114692
114692 103329 111089
111089 103329 114692
22771 26584 44147
26584 22771 44147
44147 22771 26584
28220 41944 70650
70650 28220 41944
41944 28220 70650
63751 64351 77011
77011 63751 64351
64351 63751 77011
74246 19010 80655
19010 74246 80655
80655 19010 74246
23843 42096 60205
60205 23843 42096
42096 23843 60205
62848 108304 146399
146399 62848 108304
108304 62848 146399
124114 16277 64472
16277 64472 124114
64472 16277 124114
74582 14931 147997
147997 14931 74582
14931 74582 147997
138987 86698 98810
98810 86698 138987
86698 98810 138987
145796 76814 77809
77809 76814 145796
76814 77809 145796
85724 42195 96147
96147 42195 85724
42195 85724 96147
103771 34685 105858
34685 103771 105858
105858 34685 103771
115566 98627 101315
101315 98627 115566
98627 101315 115566
57179 81942 83502
83502 57179 81942
81942 57179 83502
75230 4002 18363
4002 18363 75230
18363 4002 75230
110597 20120 143903
20120 110597 143903
143903 20120 110597
65353 3564 102033
102033 3564 65353
3564 65353 102033
59909 5394 63720
5394 59909 63720
63720 5394 59909
143080 66172 72547
72547 66172 143080
66172 72547 143080
116822 57119 139895
57119 116822 139895
139895 57119 116822
123253 11468 64995
11468 64995 123253
64995 11468 123253
86655 78033 78513
78033 78513 86655
78513 78033 86655
26160 27807 32242
32242 26160 27807
27807 26160 32242
125182 47000 112045
112045 47000 125182
47000 112045 125182
85914 25099 100413
25099 85914 100413
100413 25099 85914
71497 40533 130736
130736 40533 71497
40533 71497 130736
105097 51779 131462
51779 105097 131462
131462 51779 105097
126308 31788 60849
60849 31788 126308
31788 60849 126308
128562 42228 124702
42228 124702 128562
124702 42228 128562
76638 5535 77058
77058 5535 76638
5535 76638 77058
129132 6671 27204
6671 27204 129132
27204 6671 129132
70466 89625 106818
106818 70466 89625
89625 70466 106818
138537 36990 93981
36990 93981 138537
93981 36990 138537
100824 5887 61320
61320 5887 100824
5887 61320 100824
117591 56648 147329
56648 117591 147329
147329 56648 117591
108135 50768 95885
50768 95885 108135
95885 50768 108135
24165 2256 2964
2256 2964 24165
2964 2256 24165
12214 109778 124552
124552 12214 109778
109778 12214 124552
142323 48936 106581
48936 106581 142323
106581 48936 142323
146824 1137 63329
63329 1137 146824
1137 63329 146824
146693 88132 112249
112249 88132 146693
88132 112249 146693
94445 2756 3500
3500 2756 94445
2756 3500 94445
141377 3866 88754
3866 88754 141377
88754 3866 141377
119788 64745 99980
64745 99980 119788
99980 64745 119788
31171 17156 68543
68543 17156 31171
17156 31171 68543
131652 60086 91552
60086 91552 131652
91552 60086 131652
129396 56780 105367
105367 56780 129396
56780 105367 129396
126787 32621 59060
59060 32621 126787
32621 59060 126787
68400 54 7022
54 7022 68400
7022 54 68400
149037 6618 39042
6618 39042 149037
39042 6618 149037
45487 69869 103344
69869 45487 103344
103344 45487 69869
36259 79220 81903
79220 36259 81903
81903 36259 79220
64233 8398 126197
126197 8398 64233
8398 64233 126197
46764 76938 99541
99541 46764 76938
76938 46764 99541
87124 3262 104355
104355 3262 87124
3262 87124 104355
105625 23126 104878
104878 23126 105625
23126 104878 105625
5142 61026 76096
61026 5142 76096
76096 5142 61026
138657 41116 122092
122092 41116 138657
41116 122092 138657
95993 35947 83017
35947 83017 95993
83017 35947 95993
133999 34862 132223
132223 34862 133999
34862 132223 133999
58661 99846 129680
129680 58661 99846
99846 58661 129680
125360 80537 105813
80537 105813 125360
105813 80537 125360
119649 39054 68213
39054 68213 119649
68213 39054 119649
147105 2868 77686
2868 77686 147105
77686 2868 147105
71448 30167 138066
138066 30167 71448
30167 71448 138066
148805 13259 85541
85541 13259 148805
13259 85541 148805
59949 62053 142302
142302 59949 62053
62053 59949 142302
59057 40449 59733
40449 59057 59733
59733 40449 59057
29110 5365 77863
5365 29110 77863
77863 5365 29110
100156 8581 123338
123338 8581 100156
8581 100156 123338
39651 117956 142153
142153 39651 117956
117956 39651 142153
144388 69706 74048
74048 69706 144388
69706 74048 144388
48105 19738 54564
54564 19738 48105
19738 48105 54564
108868 39393 45951
45951 39393 108868
39393 45951 108868
68859 29077 64847
64847 29077 68859
29077 64847 68859
143743 145610 148788
148788 143743 145610
145610 143743 148788
45934 100741 101487
101487 45934 100741
100741 45934 101487
27355 11506 26179
26179 11506 27355
11506 26179 27355
91732 26770 57629
26770 57629 91732
57629 26770 91732
48735 93391 100435
100435 48735 93391
93391 48735 100435
138250 42241 50852
42241 50852 138250
50852 42241 138250
61776 45861 76676
45861 61776 76676
76676 45861 61776
105169 57920 101684
101684 57920 105169
57920 101684 105169
76618 17190 76691
17190 76618 76691
76691 17190 76618
64964 22562 37054
22562 37054 64964
37054 22562 64964
60938 99619 115647
99619 60938 115647
115647 60938 99619
92907 13249 115476
115476 13249 92907
13249 92907 115476
61303 72396 77488
77488 61303 72396
72396 61303 77488
16655 74252 134712
134712 16655 74252
74252 16655 134712
110124 48554 123222
123222 48554 110124
48554 110124 123222
117175 36314 110039
36314 110039 117175
110039 36314 117175
71676 125008 144438
144438 71676 125008
125008 71676 144438
142813 9578 139964
139964 9578 142813
9578 139964 142813
105306 15918 70967
15918 70967 105306
70967 15918 105306
130428 83899 135349
83899 130428 135349
135349 83899 130428
129062 26336 146675
146675 26336 129062
26336 129062 146675
67891 16417 126183
126183 16417 67891
16417 67891 126183
123755 30599 136055
30599 123755 136055
136055 30599 123755
41092 54068 94378
54068 41092 94378
94378 41092 54068
1607 49140 149999
49140 1607 149999
149999 1607 49140
102736 24984 31888
24984 31888 102736
31888 24984 102736
67583 99694 143400
99694 67583 143400
143400 67583 99694
35608 23939 93048
93048 23939 35608
23939 35608 93048
39013 13197 23720
13197 23720 39013
23720 13197 39013
133815 54156 123294
54156 123294 133815
123294 54156 133815
18772 7265 14980
7265 14980 18772
14980 7265 18772
143805 16735 47405
16735 47405 143805
47405 16735 143805
148705 1871 31091
31091 1871 148705
1871 31091 148705
75968 36699 134939
36699 75968 134939
134939 36699 75968
63204 54779 113637
54779 63204 113637
113637 54779 63204
78521 16779 90896
90896 16779 78521
16779 78521 90896
65655 48126 142520
142520 48126 65655
48126 65655 142520
113332 36787 140751
36787 113332 140751
140751 36787 113332
146 91455 141560
141560 146 91455
91455 146 141560
34883 29418 140030
29418 34883 140030
140030 29418 34883
41915 33772 145735
33772 41915 145735
145735 33772 41915
43797 41199 114179
41199 43797 114179
114179 41199 43797
42639 23342 62250
23342 42639 62250
62250 23342 42639
149951 15627 146239
15627 146239 149951
146239 15627 149951
78571 97509 109834
97509 78571 109834
109834 78571 97509
68457 64552 141697
141697 64552 68457
64552 68457 141697
79708 28930 70688
28930 70688 79708
70688 28930 79708
61964 121826 140952
140952 61964 121826
121826 61964 140952
104352 21664 105887
105887 21664 104352
21664 104352 105887
61092 114585 136534
114585 61092 136534
136534 61092 114585
57640 5063 135534
135534 5063 57640
5063 57640 135534
54977 34468 69906
69906 34468 54977
34468 54977 69906
23415 99588 105759
99588 23415 105759
105759 23415 99588
65181 23431 122724
23431 65181 122724
122724 23431 65181
142985 106367 125979
125979 106367 142985
106367 125979 142985
78267 31278 137967
137967 31278 78267
31278 78267 137967
786 15653 30498
30498 786 15653
15653 786 30498
139363 47580 107123
107123 47580 139363
47580 107123 139363
62333 15887 90490
90490 15887 62333
15887 62333 90490
101211 43064 139659
43064 101211 139659
139659 43064 101211
99745 31780 86877
86877 31780 99745
31780 86877 99745
116012 31832 81188
31832 81188 116012
81188 31832 116012
81322 52607 128032
52607 81322 128032
128032 52607 81322
17259 91500 124484
91500 17259 124484
124484 17259 91500
9482 43250 74081
74081 9482 43250
43250 9482 74081
140551 91124 103401
91124 103401 140551
103401 91124 140551
86390 31772 85118
31772 85118 86390
85118 31772 86390
89934 71267 115896
115896 71267 89934
71267 89934 115896
2812 891 66629
66629 891 2812
891 2812 66629
74739 70588 77972
70588 74739 77972
77972 70588 74739
94284 86650 121983
121983 86650 94284
86650 94284 121983
7044 100863 131097
131097 7044 100863
100863 7044 131097
75132 60542 73872
73872 60542 75132
60542 73872 75132
69655 48679 123540
123540 48679 69655
48679 69655 123540
112428 65058 149170
149170 65058 112428
65058 112428 149170
70560 24491 88565
88565 24491 70560
24491 70560 88565
86216 4181 139070
139070 4181 86216
4181 86216 139070
126909 17788 120804
120804 17788 126909
17788 120804 126909
65222 28182 97881
28182 65222 97881
97881 28182 65222
145989 19915 20775
20775 19915 145989
19915 20775 145989
21514 75799 92595
75799 21514 92595
92595 21514 75799
141140 117807 118961
118961 117807 141140
117807 118961 141140
70492 11550 66199
11550 66199 70492
66199 11550 70492
42336 55979 104532
55979 42336 104532
104532 42336 55979
60748 40364 131726
131726 40364 60748
40364 60748 131726
125650 7432 120807
7432 120807 125650
120807 7432 125650
22358 84628 106456
84628 22358 106456
106456 22358 84628
147717 120782 146748
146748 120782 147717
120782 146748 147717
86235 43020 82269
43020 82269 86235
82269 43020 86235
140276 93646 122826
93646 122826 140276
122826 93646 140276
132251 26735 91436
26735 91436 132251
91436 26735 132251
59023 15075 105088
15075 59023 105088
105088 15075 59023
29211 86294 106756
86294 29211 106756
106756 29211 86294
116200 2622 114516
114516 2622 116200
2622 114516 116200
109418 36065 96866
36065 96866 109418
96866 36065 109418
132987 74843 90140
90140 74843 132987
74843 90140 132987
125452 12517 30338
12517 30338 125452
30338 12517 125452
77544 92774 145169
145169 77544 92774
92774 77544 145169
57379 3799 106261
3799 57379 106261
106261 3799 57379
97496 11129 31911
11129 31911 97496
31911 11129 97496
86077 92353 135045
135045 86077 92353
92353 86077 135045
110632 28066 135576
28066 110632 135576
135576 28066 110632
63437 143778 147502
147502 63437 143778
143778 63437 147502
9811 7088 13878
13878 7088 9811
7088 9811 13878
19469 89764 100934
100934 19469 89764
89764 19469 100934
71834 36490 74578
74578 36490 71834
36490 71834 74578
60379 60983 83117
60983 60379 83117
83117 60379 60983
50303 73774 146877
73774 50303 146877
146877 50303 73774
97250 2400 63516
2400 63516 97250
63516 2400 97250
125111 58202 95925
58202 95925 125111
95925 58202 125111
117824 101953 129959
101953 117824 129959
129959 101953 117824
39021 59572 94285
59572 39021 94285
94285 39021 59572
7451 59574 67092
67092 7451 59574
59574 7451 67092
129486 75089 131026
75089 129486 131026
131026 75089 129486
144104 27447 111456
27447 111456 144104
111456 27447 144104
41869 25162 92743
92743 25162 41869
25162 41869 92743
100979 51598 84180
51598 84180 100979
84180 51598 100979
78759 9611 119987
9611 78759 119987
119987 9611 78759
131847 26580 130635
26580 130635 131847
130635 26580 131847
51700 79113 124934
124934 51700 79113
79113 51700 124934
79248 44442 72348
72348 44442 79248
44442 72348 79248
51050 7720 69929
69929 7720 51050
7720 51050 69929
54601 85683 92624
85683 54601 92624
92624 54601 85683
107630 74173 116081
116081 74173 107630
74173 107630 116081
37719 102773 141872
141872 37719 102773
102773 37719 141872
92628 63822 149873
63822 92628 149873
149873 63822 92628
12540 134698 145699
145699 12540 134698
134698 12540 145699
22584 63341 145550
63341 22584 145550
145550 22584 63341
8859 23576 113393
113393 8859 23576
23576 8859 113393
9993 142603 144877
142603 9993 144877
144877 9993 142603
126612 52912 58360
58360 52912 126612
52912 58360 126612
120959 40491 80933
80933 40491 120959
40491 80933 120959
34545 92322 124984
124984 34545 92322
92322 34545 124984
119778 109458 111918
111918 109458 119778
109458 111918 119778
84138 89336 139512
89336 84138 139512
139512 84138 89336
91987 18872 106873
106873 18872 91987
18872 91987 106873
121518 18155 62786
62786 18155 121518
18155 62786 121518
70360 53895 140902
140902 53895 70360
53895 70360 140902
105764 40433 113782
113782 40433 105764
40433 105764 113782
27006 41750 46990
46990 27006 41750
41750 27006 46990
110843 64934 78299
78299 64934 110843
64934 78299 110843
115351 7834 74571
7834 74571 115351
74571 7834 115351
19230 73429 107061
73429 19230 107061
107061 19230 73429
63099 108661 139013
139013 63099 108661
108661 63099 139013
119761 30884 101109
30884 101109 119761
101109 30884 119761
116549 58783 66033
66033 58783 116549
58783 66033 116549
43003 26930 48916
48916 26930 43003
26930 43003 48916
14505 116289 144068
144068 14505 116289
116289 14505 144068
147281 18465 41163
18465 41163 147281
41163 18465 147281
75223 4111 116656
4111 75223 116656
116656 4111 75223
65880 36788 52442
36788 52442 65880
52442 36788 65880
8143 38440 127792
127792 8143 38440
38440 8143 127792
85621 151 53416
151 53416 85621
53416 151 85621
61739 24926 107048
24926 61739 107048
107048 24926 61739
25237 49954 65561
49954 25237 65561
65561 25237 49954
103964 11739 135240
11739 103964 135240
135240 11739 103964
90407 116524 122049
116524 90407 122049
122049 90407 116524
125264 77817 109360
109360 77817 125264
77817 109360 125264
22408 117218 139839
117218 22408 139839
139839 22408 117218
19012 45270 106788
45270 19012 106788
106788 19012 45270
100196 11608 69837
11608 69837 100196
69837 11608 100196
11778 9871 36117
9871 11778 36117
36117 9871 11778
104548 119780 128089
119780 104548 128089
128089 104548 119780
28413 4410 17365
17365 4410 28413
4410 17365 28413
63653 493 118105
493 63653 118105
118105 493 63653
103049 62114 90955
62114 90955 103049
90955 62114 103049
135285 14178 86675
86675 14178 135285
14178 86675 135285
123975 73690 125390
125390 73690 123975
73690 123975 125390
128027 29335 64306
29335 64306 128027
64306 29335 128027
112167 67353 131105
131105 67353 112167
67353 112167 131105
24077 104781 125759
104781 24077 125759
125759 24077 104781
2681 45009 124493
124493 2681 45009
45009 2681 124493
77339 2536 60864
2536 60864 77339
60864 2536 77339
7305 6015 93292
93292 6015 7305
6015 7305 93292
135343 108208 126172
108208 126172 135343
126172 108208 135343
114029 55589 69599
69599 55589 114029
55589 69599 114029
61297 27208 126538
126538 27208 61297
27208 61297 126538
48622 95544 118646
95544 48622 118646
118646 48622 95544
12964 131501 146348
146348 12964 131501
131501 12964 146348
71880 70100 103422
103422 70100 71880
70100 71880 103422
108858 87151 106712
87151 106712 108858
106712 87151 108858
118404 20035 117895
117895 20035 118404
20035 117895 118404
136150 42480 126618
126618 42480 136150
42480 126618 136150
12463 16347 65428
65428 12463 16347
16347 12463 65428
37144 47077 137886
47077 37144 137886
137886 37144 47077
52533 102082 114492
102082 52533 114492
114492 52533 102082
53369 50825 115375
50825 53369 115375
115375 50825 53369
108344 14232 122495
122495 14232 108344
14232 108344 122495
34434 2235 52536
2235 34434 52536
52536 2235 34434
19872 1037 102262
1037 19872 102262
102262 1037 19872
18682 109956 116851
116851 18682 109956
109956 18682 116851
3976 116539 131622
131622 3976 116539
116539 3976 131622
12051 56636 101219
56636 12051 101219
101219 12051 56636
50871 43879 51977
43879 50871 51977
51977 43879 50871
106894 39183 70421
70421 39183 106894
39183 70421 106894
37963 3263 65852
65852 3263 37963
3263 37963 65852
45674 121506 145932
121506 45674 145932
145932 45674 121506
16186 55357 56332
56332 16186 55357
55357 16186 56332
54745 67926 82846
67926 54745 82846
82846 54745 67926
34082 46609 50724
46609 34082 50724
50724 34082 46609
61957 46822 47254
47254 46822 61957
46822 47254 61957
16820 52237 142998
52237 16820 142998
142998 16820 52237
27583 31353 71226
71226 27583 31353
31353 27583 71226
3622 86849 136214
86849 3622 136214
136214 3622 86849
111512 20750 52929
52929 20750 111512
20750 52929 111512
48909 90772 140596
90772 48909 140596
140596 48909 90772
147076 69367 77555
77555 69367 147076
69367 77555 147076
40537 514 141241
514 40537 141241
141241 514 40537
32515 86288 87827
87827 32515 86288
86288 32515 87827
110098 55588 118795
55588 110098 118795
118795 55588 110098
35931 108781 122197
108781 35931 122197
122197 35931 108781
21604 117101 132369
132369 21604 117101
117101 21604 132369
125515 96697 128001
96697 125515 128001
128001 96697 125515
44027 64313 67354
67354 44027 64313
64313 44027 67354
100487 64020 130005
130005 64020 100487
64020 100487 130005
73934 47855 144664
144664 47855 73934
47855 73934 144664
73575 98431 104406
98431 73575 104406
104406 73575 98431
82728 32033 149224
149224 32033 82728
32033 82728 149224
145849 123699 127114
127114 123699 145849
123699 127114 145849
3567 66754 101391
66754 3567 101391
101391 3567 66754
51465 22475 86163
86163 22475 51465
22475 51465 86163
33593 3865 10931
3865 10931 33593
10931 3865 33593
90496 101912 105784
101912 90496 105784
105784 90496 101912
122250 74769 114605
114605 74769 122250
74769 114605 122250
95495 63401 108713
108713 63401 95495
63401 95495 108713
51811 31658 99511
31658 51811 99511
99511 31658 51811
132434 78426 96297
78426 96297 132434
96297 78426 132434
8857 31393 115424
115424 8857 31393
31393 8857 115424
73766 5128 33669
5128 33669 73766
33669 5128 73766
30379 20864 99246
20864 30379 99246
99246 20864 30379
115718 101330 119451
101330 115718 119451
119451 101330 115718
66906 10661 141315
10661 66906 141315
141315 10661 66906
937 33097 96160
33097 937 96160
96160 937 33097
17803 64538 124014
124014 17803 64538
64538 17803 124014
12461 3844 15360
15360 3844 12461
3844 12461 15360
18192 44107 141632
141632 18192 44107
44107 18192 141632
145844 30804 46362
30804 46362 145844
46362 30804 145844
103907 10853 13006
10853 13006 103907
13006 10853 103907
138895 54026 106304
54026 106304 138895
106304 54026 138895
123095 45698 132852
132852 45698 123095
45698 123095 132852
72727 43563 104356
104356 43563 72727
43563 72727 104356
44796 33261 73169
73169 33261 44796
33261 44796 73169
15803 62683 119208
119208 15803 62683
62683 15803 119208
56320 23179 32165
32165 23179 56320
23179 32165 56320
117405 102586 143275
143275 102586 117405
102586 117405 143275
61309 24745 109408
24745 61309 109408
109408 24745 61309
118353 64099 134561
134561 64099 118353
64099 118353 134561
113820 58858 94201
94201 58858 113820
58858 94201 113820
137627 54920 62012
54920 62012 137627
62012 54920 137627
99193 63334 81665
81665 63334 99193
63334 81665 99193
100643 47553 105763
105763 47553 100643
47553 100643 105763
10233 78473 134804
78473 10233 134804
134804 10233 78473
92176 952 86138
86138 952 92176
952 86138 92176
105456 8295 22963
22963 8295 105456
8295 22963 105456
57868 21701 99850
99850 21701 57868
21701 57868 99850
47085 2411 111242
2411 47085 111242
111242 2411 47085
24709 10631 51844
51844 10631 24709
10631 24709 51844
149838 16196 148767
16196 148767 149838
148767 16196 149838
138908 11516 50889
11516 50889 138908
50889 11516 138908
5360 12636 108331
108331 5360 12636
12636 5360 108331
13209 76454 141344
141344 13209 76454
76454 13209 141344
32917 72968 146207
72968 32917 146207
146207 32917 72968
123409 18235 50751
50751 18235 123409
18235 50751 123409
104853 3177 134230
134230 3177 104853
3177 104853 134230
114509 105254 146431
105254 114509 146431
146431 105254 114509
109087 75869 104616
75869 104616 109087
104616 75869 109087
4784 25840 122099
25840 4784 122099
122099 4784 25840
100280 34577 95289
95289 34577 100280
34577 95289 100280
62918 9192 24269
9192 24269 62918
24269 9192 62918
77642 120011 130382
120011 77642 130382
130382 77642 120011
67749 27432 45717
45717 27432 67749
27432 45717 67749
102684 41694 107656
41694 102684 107656
107656 41694 102684
68988 40260 50957
50957 40260 68988
40260 50957 68988
107379 100202 128075
128075 100202 107379
100202 107379 128075
34645 29777 109213
109213 29777 34645
29777 34645 109213
115515 38631 95963
38631 95963 115515
95963 38631 115515
22701 25894 94168
94168 22701 25894
25894 22701 94168
142750 5261 140602
5261 140602 142750
140602 5261 142750
100876 15919 20797
20797 15919 100876
15919 20797 100876
45440 18436 91970
18436 45440 91970
91970 18436 45440
140202 26455 133363
26455 133363 140202
133363 26455 140202
71672 8508 64422
8508 64422 71672
64422 8508 71672
102611 72823 144636
144636 72823 102611
72823 102611 144636
30031 27758 127248
27758 30031 127248
127248 27758 30031
132239 447 9766
9766 447 132239
447 9766 132239
133986 30909 91507
91507 30909 133986
30909 91507 133986
53093 45554 77591
77591 45554 53093
45554 53093 77591
113237 78209 99538
78209 99538 113237
99538 78209 113237
9429 81667 105780
105780 9429 81667
81667 9429 105780
37067 57468 113199
57468 37067 113199
113199 37067 57468
2038 57213 124304
124304 2038 57213
57213 2038 124304
17294 54113 70097
54113 17294 70097
70097 17294 54113
73674 6390 42152
42152 6390 73674
6390 42152 73674
84813 81777 136245
81777 84813 136245
136245 81777 84813
39270 35951 38201
38201 35951 39270
35951 38201 39270
109085 15238 27155
15238 27155 109085
27155 15238 109085
13339 26827 139268
139268 13339 26827
26827 13339 139268
82892 29181 144525
144525 29181 82892
29181 82892 144525
46359 93928 100375
100375 46359 93928
93928 46359 100375
89930 24940 72217
24940 72217 89930
72217 24940 89930
29064 32304 36280
32304 29064 36280
36280 29064 32304
