8350 3156 12379
3156 8350 12379
12379 3156 8350
2996 4199 11571
4199 2996 11571
11571 2996 4199
4803 1561 12386
12386 1561 4803
1561 4803 12386
1039 10882 12572
12572 1039 10882
10882 1039 12572
9417 8251 12225
8251 9417 12225
12225 8251 9417
11978 2401 8629
2401 8629 11978
8629 2401 11978
6785 2749 6563
2749 6563 6785
6563 2749 6785
4116 8551 14450
14450 4116 8551
8551 4116 14450
10344 6910 11529
11529 6910 10344
6910 10344 11529
5880 3461 11491
11491 3461 5880
3461 5880 11491
11075 8648 13677
13677 8648 11075
8648 11075 13677
13398 1878 12017
12017 1878 13398
1878 12017 13398
140 1072 5078
1072 140 5078
5078 140 1072
6954 4761 9551
4761 6954 9551
9551 4761 6954
10846 6342 7078
7078 6342 10846
6342 7078 10846
13919 1524 10330
1524 10330 13919
10330 1524 13919
11122 69 1566
69 1566 11122
1566 69 11122
4103 5699 10302
10302 4103 5699
5699 4103 10302
11574 6113 10695
10695 6113 11574
6113 10695 11574
12720 6379 13194
13194 6379 12720
6379 12720 13194
8911 3852 12672
3852 8911 12672
12672 3852 8911
2827 7073 14956
14956 2827 7073
7073 2827 14956
7162 7289 10350
10350 7162 7289
7289 7162 10350
14794 7254 13374
7254 13374 14794
13374 7254 14794
12745 4597 8230
4597 8230 12745
8230 4597 12745
14207 2208 3331
2208 3331 14207
3331 2208 14207
13589 12438 14258
14258 12438 13589
12438 13589 14258
4218 7921 12569
7921 4218 12569
12569 4218 7921
7067 2685 3838
2685 3838 7067
3838 2685 7067
2167 5250 9676
5250 2167 9676
9676 2167 5250
909 8370 8459
8459 909 8370
8370 909 8459
7593 5139 11298
5139 7593 11298
11298 5139 7593
2174 17 8093
17 2174 8093
8093 17 2174
8900 144 4404
144 4404 8900
4404 144 8900
2218 11736 12487
12487 2218 11736
11736 2218 12487
5341 645 12376
645 5341 12376
12376 645 5341
596 12459 12525
12525 596 12459
12459 596 12525
5133 4759 7089
7089 4759 5133
4759 5133 7089
5661 9767 13575
9767 5661 13575
13575 5661 9767
6086 1258 6571
1258 6086 6571
6571 1258 6086
8065 9325 10627
10627 8065 9325
9325 8065 10627
3830 6287 13712
13712 3830 6287
6287 3830 13712
1880 574 10568
574 1880 10568
10568 574 1880
6207 1456 8374
8374 1456 6207
1456 6207 8374
9429 1153 12501
12501 1153 9429
1153 9429 12501
2377 5071 11263
5071 2377 11263
11263 2377 5071
11644 898 13200
898 11644 13200
13200 898 11644
10874 3266 4997
3266 4997 10874
4997 3266 10874
13430 61 935
61 935 13430
935 61 13430
7028 7035 11302
11302 7028 7035
7035 7028 11302
11888 6759 9892
6759 9892 11888
9892 6759 11888
7292 7086 7975
7975 7086 7292
7086 7292 7975
10358 95 14068
95 10358 14068
14068 95 10358
12585 6152 13442
6152 12585 13442
13442 6152 12585
7590 7187 13910
7187 7590 13910
13910 7187 7590
216 6283 7786
6283 216 7786
7786 216 6283
5827 7861 10877
10877 5827 7861
7861 5827 10877
5185 5576 6669
6669 5185 5576
5576 5185 6669
13515 1304 4675
1304 4675 13515
4675 1304 13515
4347 248 13621
248 4347 13621
13621 248 4347
14350 2087 10775
10775 2087 14350
2087 10775 14350
5011 1114 3430
1114 3430 5011
3430 1114 5011
12267 13073 14735
14735 12267 13073
13073 12267 14735
44 2209 12872
12872 44 2209
2209 44 12872
523 9039 12458
9039 523 12458
12458 523 9039
5320 5145 12763
5145 5320 12763
12763 5145 5320
9419 2427 4900
2427 4900 9419
4900 2427 9419
6893 3032 12436
12436 3032 6893
3032 6893 12436
11812 5870 8119
8119 5870 11812
5870 8119 11812
13223 2778 14313
14313 2778 13223
2778 13223 14313
6249 5875 10525
10525 5875 6249
5875 6249 10525
14235 5289 9460
9460 5289 14235
5289 9460 14235
10967 3077 13343
3077 10967 13343
13343 3077 10967
5800 2701 5637
2701 5637 5800
5637 2701 5800
2771 6655 11984
11984 2771 6655
6655 2771 11984
6464 2487 9306
2487 6464 9306
9306 2487 6464
14275 6618 8844
6618 8844 14275
8844 6618 14275
9727 1149 1992
1992 1149 9727
1149 1992 9727
9037 5236 9329
9329 5236 9037
5236 9037 9329
6548 226 10723
226 6548 10723
10723 226 6548
2914 1062 3471
3471 1062 2914
1062 2914 3471
10483 3965 8960
3965 8960 10483
8960 3965 10483
9303 5946 12060
5946 9303 12060
12060 5946 9303
14660 400 3892
3892 400 14660
400 3892 14660
12673 25 12939
25 12673 12939
12939 25 12673
14727 5830 14473
14473 5830 14727
5830 14473 14727
9963 1736 13241
13241 1736 9963
1736 9963 13241
10590 549 11599
549 10590 11599
11599 549 10590
13624 6321 6601
6601 6321 13624
6321 6601 13624
8842 12471 14679
14679 8842 12471
12471 8842 14679
7638 4174 5615
5615 4174 7638
4174 5615 7638
3639 858 8964
8964 858 3639
858 3639 8964
6232 9301 11260
11260 6232 9301
9301 6232 11260
11145 1309 7816
7816 1309 11145
1309 7816 11145
11651 472 1285
472 1285 11651
1285 472 11651
10834 546 12304
546 10834 12304
12304 546 10834
1955 514 5358
5358 514 1955
514 1955 5358
6723 6418 12503
6418 6723 12503
12503 6418 6723
11829 10455 12698
12698 10455 11829
10455 11829 12698
12075 838 11432
838 11432 12075
11432 838 12075
9231 12588 12764
12588 9231 12764
12764 9231 12588
14431 5089 6343
5089 6343 14431
6343 5089 14431
9443 8275 13010
8275 9443 13010
13010 8275 9443
13724 2196 14791
14791 2196 13724
2196 13724 14791
4301 7718 10660
10660 4301 7718
7718 4301 10660
14873 1681 4538
1681 4538 14873
4538 1681 14873
2900 11933 12358
12358 2900 11933
11933 2900 12358
6046 7238 8938
8938 6046 7238
7238 6046 8938
6628 5485 6725
5485 6628 6725
6725 5485 6628
13863 5406 12821
12821 5406 13863
5406 12821 13863
9691 4089 4622
4622 4089 9691
4089 4622 9691
688 12184 13741
13741 688 12184
12184 688 13741
9546 4272 10910
4272 9546 10910
10910 4272 9546
1171 9885 13558
13558 1171 9885
9885 1171 13558
4664 10842 12345
10842 4664 12345
12345 4664 10842
3259 13590 14731
13590 3259 14731
14731 3259 13590
12801 1468 12132
1468 12132 12801
12132 1468 12801
2675 4846 12719
4846 2675 12719
12719 2675 4846
7833 6090 7259
6090 7259 7833
7259 6090 7833
5508 2711 8862
2711 5508 8862
8862 2711 5508
3616 249 3134
3134 249 3616
249 3134 3616
6800 10208 13232
13232 6800 10208
10208 6800 13232
12864 403 2643
403 2643 12864
2643 403 12864
662 9875 14518
14518 662 9875
9875 662 14518
12675 9994 11662
11662 9994 12675
9994 11662 12675
11796 903 14531
14531 903 11796
903 11796 14531
12119 1111 8936
1111 8936 12119
8936 1111 12119
14852 9898 11801
9898 11801 14852
11801 9898 14852
11977 71 10710
10710 71 11977
71 10710 11977
10671 10759 12941
10759 10671 12941
12941 10671 10759
1297 825 8772
825 1297 8772
8772 825 1297
292 2991 4158
4158 292 2991
2991 292 4158
4318 4825 8413
8413 4318 4825
4825 4318 8413
1981 8496 10449
10449 1981 8496
8496 1981 10449
14647 3552 7738
7738 3552 14647
3552 7738 14647
5841 10596 14692
14692 5841 10596
10596 5841 14692
12726 1615 4066
1615 4066 12726
4066 1615 12726
3122 6570 13213
13213 3122 6570
6570 3122 13213
902 8081 8851
8851 902 8081
8081 902 8851
1076 10471 13596
10471 1076 13596
13596 1076 10471
10717 3547 6221
6221 3547 10717
3547 6221 10717
2062 7541 12536
7541 2062 12536
12536 2062 7541
10645 11878 12067
12067 10645 11878
11878 10645 12067
14618 4253 6161
6161 4253 14618
4253 6161 14618
5705 4968 5555
5555 4968 5705
4968 5555 5705
427 12900 14154
14154 427 12900
12900 427 14154
2380 749 6535
749 2380 6535
6535 749 2380
9694 3074 5047
5047 3074 9694
3074 5047 9694
13065 9063 12005
9063 12005 13065
12005 9063 13065
13778 1635 8745
1635 8745 13778
8745 1635 13778
3853 1414 7645
7645 1414 3853
1414 3853 7645
7121 9758 14883
9758 7121 14883
14883 7121 9758
4141 1800 2819
2819 1800 4141
1800 2819 4141
7069 6264 14913
14913 6264 7069
6264 7069 14913
7943 566 14209
14209 566 7943
566 7943 14209
2429 8235 13830
8235 2429 13830
13830 2429 8235
10591 7992 12521
7992 10591 12521
12521 7992 10591
5511 9376 12357
9376 5511 12357
12357 5511 9376
10037 4372 12618
12618 4372 10037
4372 10037 12618
1134 13093 14974
13093 1134 14974
14974 1134 13093
2041 4905 8089
4905 2041 8089
8089 2041 4905
10856 39 5641
39 5641 10856
5641 39 10856
2557 6307 11901
6307 2557 11901
11901 2557 6307
13304 184 3206
3206 184 13304
184 3206 13304
3113 1280 8031
1280 3113 8031
8031 1280 3113
7389 4071 14418
14418 4071 7389
4071 7389 14418
7589 6210 8606
8606 6210 7589
6210 7589 8606
637 1838 4160
1838 637 4160
4160 637 1838
10751 11625 12128
12128 10751 11625
11625 10751 12128
2944 2871 11918
2871 2944 11918
11918 2871 2944
2246 7127 10654
10654 2246 7127
7127 2246 10654
14815 5944 10219
10219 5944 14815
5944 10219 14815
11528 6844 9361
6844 9361 11528
9361 6844 11528
1320 3123 8619
3123 1320 8619
8619 1320 3123
1749 3146 9753
3146 1749 9753
9753 1749 3146
8365 2564 3000
3000 2564 8365
2564 3000 8365
5291 9690 13902
9690 5291 13902
13902 5291 9690
1007 4364 8206
8206 1007 4364
4364 1007 8206
218 2889 9888
2889 218 9888
9888 218 2889
14245 451 13358
451 13358 14245
13358 451 14245
4811 6755 13402
6755 4811 13402
13402 4811 6755
13516 3347 6442
6442 3347 13516
3347 6442 13516
6474 5385 14259
5385 6474 14259
14259 5385 6474
690 4024 10494
10494 690 4024
4024 690 10494
716 818 6240
6240 716 818
818 716 6240
1883 268 6780
6780 268 1883
268 1883 6780
14823 233 3563
233 3563 14823
3563 233 14823
7526 3299 13357
13357 3299 7526
3299 7526 13357
12059 3560 9720
9720 3560 12059
3560 9720 12059
10773 9666 10797
10797 9666 10773
9666 10773 10797
11078 7355 13145
7355 11078 13145
13145 7355 11078
14865 4374 7741
7741 4374 14865
4374 7741 14865
14898 1229 9634
9634 1229 14898
1229 9634 14898
7798 1110 5617
1110 5617 7798
5617 1110 7798
4120 1815 12305
1815 4120 12305
12305 1815 4120
11247 5171 13174
13174 5171 11247
5171 11247 13174
211 6712 8436
8436 211 6712
6712 211 8436
9721 10036 13880
10036 9721 13880
13880 9721 10036
4338 3672 12716
3672 4338 12716
12716 3672 4338
9557 8351 13157
13157 8351 9557
8351 9557 13157
4022 2779 5002
2779 4022 5002
5002 2779 4022
8685 2194 14120
14120 2194 8685
2194 8685 14120
13167 4877 8824
4877 8824 13167
8824 4877 13167
1385 2234 9307
9307 1385 2234
2234 1385 9307
592 2054 2453
2453 592 2054
2054 592 2453
5466 9902 10622
10622 5466 9902
9902 5466 10622
6476 9393 11543
9393 6476 11543
11543 6476 9393
13359 1016 4048
4048 1016 13359
1016 4048 13359
5977 8383 9452
9452 5977 8383
8383 5977 9452
170 5785 12072
12072 170 5785
5785 170 12072
10012 5376 14640
14640 5376 10012
5376 10012 14640
2503 4536 9596
4536 2503 9596
9596 2503 4536
2222 8220 14606
8220 2222 14606
14606 2222 8220
6753 419 12130
12130 419 6753
419 6753 12130
8284 3034 9996
9996 3034 8284
3034 8284 9996
14746 6884 13924
13924 6884 14746
6884 13924 14746
115 1627 8985
8985 115 1627
1627 115 8985
8395 4007 13114
13114 4007 8395
4007 8395 13114
6309 3872 5266
3872 5266 6309
5266 3872 6309
3561 1747 12570
1747 3561 12570
12570 1747 3561
9865 7495 14538
7495 9865 14538
14538 7495 9865
14303 7211 14702
7211 14303 14702
14702 7211 14303
458 3810 12540
12540 458 3810
3810 458 12540
1284 8887 9403
9403 1284 8887
8887 1284 9403
6704 271 474
271 474 6704
474 271 6704
2053 3964 14626
3964 2053 14626
14626 2053 3964
394 2655 9823
9823 394 2655
2655 394 9823
1394 6389 11461
6389 1394 11461
11461 1394 6389
10411 12635 14907
12635 10411 14907
14907 10411 12635
14696 410 6079
6079 410 14696
410 6079 14696
826 10278 10363
10363 826 10278
10278 826 10363
697 6164 9555
6164 697 9555
9555 697 6164
2987 5390 14911
14911 2987 5390
5390 2987 14911
14484 12025 12843
12025 12843 14484
12843 12025 14484
12053 1788 7237
7237 1788 12053
1788 7237 12053
13570 1856 8301
8301 1856 13570
1856 8301 13570
1672 5892 9217
5892 1672 9217
9217 1672 5892
9704 4936 14584
14584 4936 9704
4936 9704 14584
5350 9153 12940
9153 5350 12940
12940 5350 9153
8 1203 13369
1203 8 13369
13369 8 1203
5890 6100 14559
6100 5890 14559
14559 5890 6100
1565 4037 4976
4037 1565 4976
4976 1565 4037
10075 7126 7456
7456 7126 10075
7126 7456 10075
1563 1886 3345
1886 1563 3345
3345 1563 1886
7487 278 3991
3991 278 7487
278 3991 7487
7379 649 2540
2540 649 7379
649 2540 7379
13945 4474 7532
4474 7532 13945
7532 4474 13945
6560 4217 6122
4217 6122 6560
6122 4217 6560
2990 6983 7442
6983 2990 7442
7442 2990 6983
931 2681 4345
4345 931 2681
2681 931 4345
2187 3805 4259
3805 2187 4259
4259 2187 3805
11378 1348 7759
1348 7759 11378
7759 1348 11378
5682 6430 14353
14353 5682 6430
6430 5682 14353
8970 7914 9304
7914 8970 9304
9304 7914 8970
3748 796 3804
3804 796 3748
796 3748 3804
9 6652 14868
14868 9 6652
6652 9 14868
2600 8607 10082
8607 2600 10082
10082 2600 8607
9816 7984 11444
7984 9816 11444
11444 7984 9816
8169 1131 10364
1131 8169 10364
10364 1131 8169
12253 521 5500
521 5500 12253
5500 521 12253
753 625 10736
625 753 10736
10736 625 753
7407 11993 13270
13270 7407 11993
11993 7407 13270
6976 4166 8946
4166 6976 8946
8946 4166 6976
14744 1395 6351
1395 6351 14744
6351 1395 14744
9053 2885 3959
2885 3959 9053
3959 2885 9053
13755 1004 1279
1004 1279 13755
1279 1004 13755
13777 773 13832
773 13777 13832
13832 773 13777
8349 379 14239
14239 379 8349
379 8349 14239
5193 1641 8857
8857 1641 5193
1641 5193 8857
12163 2042 8876
8876 2042 12163
2042 8876 12163
4021 5035 14283
5035 4021 14283
14283 4021 5035
919 5585 12730
5585 919 12730
12730 919 5585
3763 4392 8033
4392 3763 8033
8033 3763 4392
2093 4793 7674
4793 2093 7674
7674 2093 4793
3554 10229 11766
10229 3554 11766
11766 3554 10229
12531 5138 10089
5138 10089 12531
10089 5138 12531
12166 3277 10916
3277 10916 12166
10916 3277 12166
10271 10582 12228
10582 10271 12228
12228 10271 10582
365 13742 13957
13957 365 13742
13742 365 13957
6105 12473 12749
12749 6105 12473
12473 6105 12749
6114 11409 14553
11409 6114 14553
14553 6114 11409
4917 3733 6906
3733 4917 6906
6906 3733 4917
1837 5802 6040
6040 1837 5802
5802 1837 6040
4185 4379 10853
10853 4185 4379
4379 4185 10853
5436 10418 13274
13274 5436 10418
10418 5436 13274
12317 3534 10429
10429 3534 12317
3534 10429 12317
705 3255 9448
9448 705 3255
3255 705 9448
5464 9350 12960
9350 5464 12960
12960 5464 9350
2414 1446 12828
12828 1446 2414
1446 2414 12828
10786 4231 9739
4231 9739 10786
9739 4231 10786
8002 1078 10926
10926 1078 8002
1078 8002 10926
538 6008 11512
6008 538 11512
11512 538 6008
8569 9140 14393
9140 8569 14393
14393 8569 9140
9266 2631 12365
2631 9266 12365
12365 2631 9266
11539 2682 14355
14355 2682 11539
2682 11539 14355
2747 7350 10285
10285 2747 7350
7350 2747 10285
7375 4522 9693
4522 7375 9693
9693 4522 7375
11172 5979 11627
5979 11172 11627
11627 5979 11172
13761 4809 9072
4809 9072 13761
9072 4809 13761
8539 2334 14625
2334 8539 14625
14625 2334 8539
2024 1775 14060
14060 1775 2024
1775 2024 14060
11362 7425 12983
7425 11362 12983
12983 7425 11362
4819 860 11748
11748 860 4819
860 4819 11748
1595 5716 13234
5716 1595 13234
13234 1595 5716
14608 7214 13121
7214 13121 14608
13121 7214 14608
14363 4005 4718
4005 4718 14363
4718 4005 14363
2730 2947 14500
14500 2730 2947
2947 2730 14500
4369 3998 14328
14328 3998 4369
3998 4369 14328
7330 3690 7673
7673 3690 7330
3690 7330 7673
10754 9320 13937
13937 9320 10754
9320 10754 13937
782 2612 2727
2727 782 2612
2612 782 2727
12245 3222 5479
3222 5479 12245
5479 3222 12245
4526 901 7818
7818 901 4526
901 4526 7818
11763 5421 8627
5421 8627 11763
8627 5421 11763
12547 1339 9938
1339 9938 12547
9938 1339 12547
5604 2978 10796
2978 5604 10796
10796 2978 5604
11475 2521 5182
5182 2521 11475
2521 5182 11475
4688 6260 12204
12204 4688 6260
6260 4688 12204
6057 2192 5458
2192 5458 6057
5458 2192 6057
1897 13231 14015
14015 1897 13231
13231 1897 14015
9973 5433 6882
5433 6882 9973
6882 5433 9973
10222 9830 11779
9830 10222 11779
11779 9830 10222
11936 6873 11737
11737 6873 11936
6873 11737 11936
7948 5765 12236
5765 7948 12236
12236 5765 7948
3278 6868 14826
14826 3278 6868
6868 3278 14826
3827 1425 3388
3388 1425 3827
1425 3388 3827
1767 5865 12553
12553 1767 5865
5865 1767 12553
11293 1384 14286
1384 11293 14286
14286 1384 11293
6850 1161 9463
9463 1161 6850
1161 6850 9463
10774 67 2678
67 2678 10774
2678 67 10774
1367 6281 11970
6281 1367 11970
11970 1367 6281
9571 7076 12211
7076 9571 12211
12211 7076 9571
8092 8109 9774
9774 8092 8109
8109 8092 9774
6602 10419 11457
11457 6602 10419
10419 6602 11457
12626 11090 12548
12548 11090 12626
11090 12548 12626
8426 3264 4533
3264 4533 8426
4533 3264 8426
1579 6991 13751
13751 1579 6991
6991 1579 13751
5016 9887 10641
9887 5016 10641
10641 5016 9887
7173 1853 4581
4581 1853 7173
1853 4581 7173
13649 3302 6513
6513 3302 13649
3302 6513 13649
6391 1721 12660
1721 6391 12660
12660 1721 6391
6382 5741 7944
7944 5741 6382
5741 6382 7944
10434 9602 11957
11957 9602 10434
9602 10434 11957
12286 177 10607
177 10607 12286
10607 177 12286
12717 3635 4660
3635 4660 12717
4660 3635 12717
10063 3935 13084
3935 10063 13084
13084 3935 10063
12560 38 13982
38 12560 13982
13982 38 12560
11521 4317 6880
4317 6880 11521
6880 4317 11521
914 1608 14664
1608 914 14664
14664 914 1608
2431 3352 12830
12830 2431 3352
3352 2431 12830
14332 5687 12838
5687 12838 14332
12838 5687 14332
1255 2510 3102
2510 1255 3102
3102 1255 2510
10575 1694 13653
13653 1694 10575
1694 10575 13653
6296 36 13915
13915 36 6296
36 6296 13915
3717 8138 10946
10946 3717 8138
8138 3717 10946
7579 6972 11034
11034 6972 7579
6972 7579 11034
5862 7628 9578
9578 5862 7628
7628 5862 9578
6840 1023 11623
11623 1023 6840
1023 6840 11623
9947 7586 13426
13426 7586 9947
7586 9947 13426
254 1256 9665
9665 254 1256
1256 254 9665
6393 10618 13159
13159 6393 10618
10618 6393 13159
3096 1511 5681
1511 3096 5681
5681 1511 3096
7740 2634 13129
13129 2634 7740
2634 7740 13129
6317 6502 7869
6502 6317 7869
7869 6317 6502
668 1281 6162
6162 668 1281
1281 668 6162
9537 2002 3898
3898 2002 9537
2002 3898 9537
13697 10341 10782
10782 10341 13697
10341 10782 13697
6896 9620 12174
12174 6896 9620
9620 6896 12174
997 7148 8355
7148 997 8355
8355 997 7148
14703 1873 13075
1873 13075 14703
13075 1873 14703
1170 10777 13892
10777 1170 13892
13892 1170 10777
12530 8238 12209
8238 12209 12530
12209 8238 12530
6989 6928 9379
9379 6928 6989
6928 6989 9379
8804 5801 7713
7713 5801 8804
5801 7713 8804
938 8200 14472
14472 938 8200
8200 938 14472
5367 4802 7717
7717 4802 5367
4802 5367 7717
5885 1684 2408
1684 2408 5885
2408 1684 5885
9787 11459 12137
12137 9787 11459
11459 9787 12137
4142 6620 14140
14140 4142 6620
6620 4142 14140
3289 4545 6037
6037 3289 4545
4545 3289 6037
1323 8603 14662
8603 1323 14662
14662 1323 8603
14503 10584 12460
10584 12460 14503
12460 10584 14503
10919 2295 4560
2295 4560 10919
4560 2295 10919
2808 2223 14461
2223 2808 14461
14461 2223 2808
3907 10613 12959
10613 3907 12959
12959 3907 10613
9372 8261 14390
8261 9372 14390
14390 8261 9372
3295 9031 13626
9031 3295 13626
13626 3295 9031
11240 2925 11117
2925 11117 11240
11117 2925 11240
7599 3037 4168
4168 3037 7599
3037 4168 7599
3502 7316 12967
7316 3502 12967
12967 3502 7316
8622 2735 5274
2735 5274 8622
5274 2735 8622
6565 1077 9279
9279 1077 6565
1077 6565 9279
3504 11819 11885
11819 3504 11885
11885 3504 11819
13652 2008 2750
2008 2750 13652
2750 2008 13652
8632 13463 14389
14389 8632 13463
13463 8632 14389
14095 5700 7701
5700 7701 14095
7701 5700 14095
7520 1709 12688
12688 1709 7520
1709 7520 12688
7246 5400 11358
11358 5400 7246
5400 7246 11358
8132 9040 13049
9040 8132 13049
13049 8132 9040
14552 5866 10392
10392 5866 14552
5866 10392 14552
10385 10993 11580
10993 10385 11580
11580 10385 10993
4314 5093 7494
5093 4314 7494
7494 4314 5093
8227 8172 13723
8172 8227 13723
13723 8172 8227
2195 6058 9554
9554 2195 6058
6058 2195 9554
3757 10470 10569
10569 3757 10470
10470 3757 10569
11544 12622 14741
14741 11544 12622
12622 11544 14741
2513 9778 9978
9778 2513 9978
9978 2513 9778
2013 8345 12448
8345 2013 12448
12448 2013 8345
6993 6866 10259
6866 6993 10259
10259 6866 6993
13947 10678 12778
12778 10678 13947
10678 12778 13947
2812 9021 13743
9021 2812 13743
13743 2812 9021
14344 13931 14983
14983 13931 14344
13931 14344 14983
6526 764 2774
764 2774 6526
2774 764 6526
2593 1774 5659
1774 2593 5659
5659 1774 2593
12964 7008 13969
13969 7008 12964
7008 12964 13969
13255 4748 8562
8562 4748 13255
4748 8562 13255
14073 3885 12674
12674 3885 14073
3885 12674 14073
3697 14079 14869
14869 3697 14079
14079 3697 14869
1336 4764 11998
4764 1336 11998
11998 1336 4764
1670 7255 12862
12862 1670 7255
7255 1670 12862
9399 8270 12307
12307 8270 9399
8270 9399 12307
10594 1839 10052
10052 1839 10594
1839 10052 10594
14310 5781 13611
5781 13611 14310
13611 5781 14310
1823 7570 13338
7570 1823 13338
13338 1823 7570
390 2512 10125
10125 390 2512
2512 390 10125
12093 1728 9280
1728 9280 12093
9280 1728 12093
6870 1876 5297
5297 1876 6870
1876 5297 6870
1772 6168 9019
9019 1772 6168
6168 1772 9019
7327 4335 14527
4335 7327 14527
14527 4335 7327
1924 1590 14141
14141 1590 1924
1590 1924 14141
3720 6489 7695
7695 3720 6489
6489 3720 7695
9492 2998 13984
13984 2998 9492
2998 9492 13984
1436 6367 11443
11443 1436 6367
6367 1436 11443
14411 2118 14919
14919 2118 14411
2118 14411 14919
5904 1405 8925
8925 1405 5904
1405 5904 8925
10907 1964 6132
1964 6132 10907
6132 1964 10907
11795 4029 14838
14838 4029 11795
4029 11795 14838
5652 4482 13567
13567 4482 5652
4482 5652 13567
4531 8700 14201
8700 4531 14201
14201 4531 8700
3334 1228 10390
1228 3334 10390
10390 1228 3334
9355 828 2992
828 2992 9355
2992 828 9355
3836 1902 13212
1902 3836 13212
13212 1902 3836
684 6958 14247
14247 684 6958
6958 684 14247
2102 10030 10981
10981 2102 10030
10030 2102 10981
5214 4289 5662
4289 5214 5662
5662 4289 5214
12890 2158 11931
2158 11931 12890
11931 2158 12890
2690 2999 8557
8557 2690 2999
2999 2690 8557
11019 3159 3884
3884 3159 11019
3159 3884 11019
5281 3953 11245
11245 3953 5281
3953 5281 11245
10934 4720 14800
4720 10934 14800
14800 4720 10934
3247 328 3598
3598 328 3247
328 3247 3598
4283 7611 13985
7611 4283 13985
13985 4283 7611
4882 11023 13807
11023 4882 13807
13807 4882 11023
9918 3993 6969
6969 3993 9918
3993 6969 9918
14111 2560 6864
2560 6864 14111
6864 2560 14111
1212 2744 6013
6013 1212 2744
2744 1212 6013
5117 3832 10359
3832 5117 10359
10359 3832 5117
8861 1802 3678
1802 3678 8861
3678 1802 8861
9272 244 1687
1687 244 9272
244 1687 9272
3973 11862 12633
12633 3973 11862
11862 3973 12633
384 21 14211
14211 21 384
21 384 14211
7290 10878 11173
10878 7290 11173
11173 7290 10878
7877 2666 9382
9382 2666 7877
2666 7877 9382
14384 200 4621
4621 200 14384
200 4621 14384
14941 5551 14951
14951 5551 14941
5551 14941 14951
10930 6032 13498
6032 10930 13498
13498 6032 10930
12847 1163 13597
13597 1163 12847
1163 12847 13597
10 9648 10193
9648 10 10193
10193 10 9648
13080 10290 13226
10290 13080 13226
13226 10290 13080
5127 10177 10935
10935 5127 10177
10177 5127 10935
853 5322 12677
5322 853 12677
12677 853 5322
12210 9349 14551
9349 12210 14551
14551 9349 12210
14757 1661 2924
1661 2924 14757
2924 1661 14757
10383 1027 9943
1027 9943 10383
9943 1027 10383
6269 2018 7382
2018 6269 7382
7382 2018 6269
14251 3414 5439
5439 3414 14251
3414 5439 14251
7097 8952 12937
12937 7097 8952
8952 7097 12937
3790 8401 9844
8401 3790 9844
9844 3790 8401
12669 13879 14265
14265 12669 13879
13879 12669 14265
9828 6310 7329
7329 6310 9828
6310 7329 9828
770 1678 11955
1678 770 11955
11955 770 1678
7034 6934 13865
6934 7034 13865
13865 6934 7034
5695 8272 9269
8272 5695 9269
9269 5695 8272
12497 4128 9088
9088 4128 12497
4128 9088 12497
4753 3280 8405
8405 3280 4753
3280 4753 8405
22 2663 12506
12506 22 2663
2663 22 12506
11496 3337 7163
7163 3337 11496
3337 7163 11496
14244 635 14512
635 14244 14512
14512 635 14244
5538 14085 14539
14085 5538 14539
14539 5538 14085
10859 2200 5181
5181 2200 10859
2200 5181 10859
13906 2099 8523
2099 8523 13906
8523 2099 13906
7475 6834 7107
7107 6834 7475
6834 7107 7475
9621 3917 13035
13035 3917 9621
3917 9621 13035
918 1605 4781
1605 918 4781
4781 918 1605
8164 2707 14825
2707 8164 14825
14825 2707 8164
7513 6587 9710
6587 7513 9710
9710 6587 7513
5991 990 2553
2553 990 5991
990 2553 5991
3258 1337 9308
1337 3258 9308
9308 1337 3258
3934 9240 11131
11131 3934 9240
9240 3934 11131
12147 4457 10876
4457 10876 12147
10876 4457 12147
6133 2948 10415
10415 2948 6133
2948 6133 10415
9541 5557 12277
12277 5557 9541
5557 9541 12277
6830 4030 12030
4030 6830 12030
12030 4030 6830
13387 5178 7341
5178 7341 13387
7341 5178 13387
6820 5925 13748
5925 6820 13748
13748 5925 6820
5444 4823 12567
12567 4823 5444
4823 5444 12567
9706 3758 11222
3758 9706 11222
11222 3758 9706
10273 13419 13617
13617 10273 13419
13419 10273 13617
6228 8532 14324
8532 6228 14324
14324 6228 8532
13780 6512 7615
6512 7615 13780
7615 6512 13780
5939 6073 13168
6073 5939 13168
13168 5939 6073
3821 3066 6857
3066 3821 6857
6857 3066 3821
12990 3667 13861
13861 3667 12990
3667 12990 13861
5566 1513 8869
8869 1513 5566
1513 5566 8869
14202 2619 4498
2619 4498 14202
4498 2619 14202
13884 6431 10820
10820 6431 13884
6431 10820 13884
9659 260 848
260 848 9659
848 260 9659
13128 11792 14511
14511 11792 13128
11792 13128 14511
2227 308 13644
13644 308 2227
308 2227 13644
14634 3409 14821
14821 3409 14634
3409 14634 14821
974 1082 6002
6002 974 1082
1082 974 6002
1194 5136 10299
5136 1194 10299
10299 1194 5136
10791 9113 13245
13245 9113 10791
9113 10791 13245
9207 8955 14058
14058 8955 9207
8955 9207 14058
12965 11018 12631
12631 11018 12965
11018 12631 12965
6763 4709 10283
4709 6763 10283
10283 4709 6763
12575 2022 8535
8535 2022 12575
2022 8535 12575
3192 9434 13793
9434 3192 13793
13793 3192 9434
9934 1493 9627
9627 1493 9934
1493 9627 9934
14953 3809 6859
6859 3809 14953
3809 6859 14953
14297 2834 4468
4468 2834 14297
2834 4468 14297
14294 6030 8420
8420 6030 14294
6030 8420 14294
10068 4689 14493
14493 4689 10068
4689 10068 14493
3427 2724 8424
2724 3427 8424
8424 2724 3427
12615 6794 8281
8281 6794 12615
6794 8281 12615
14491 2428 14829
14829 2428 14491
2428 14491 14829
13940 3880 5050
3880 5050 13940
5050 3880 13940
13390 2983 3671
3671 2983 13390
2983 3671 13390
8545 10104 11366
10104 8545 11366
11366 8545 10104
9230 9747 14630
14630 9230 9747
9747 9230 14630
7640 1701 11425
1701 7640 11425
11425 1701 7640
6923 8454 14215
8454 6923 14215
14215 6923 8454
10372 2529 3854
2529 3854 10372
3854 2529 10372
1832 5730 13602
13602 1832 5730
5730 1832 13602
1464 7088 8534
8534 1464 7088
7088 1464 8534
6735 5656 9654
5656 6735 9654
9654 5656 6735
2480 964 3670
3670 964 2480
964 2480 3670
12104 7370 10595
7370 10595 12104
10595 7370 12104
3518 4894 11591
11591 3518 4894
4894 3518 11591
160 1218 11527
11527 160 1218
1218 160 11527
2116 2713 6347
2713 2116 6347
6347 2116 2713
5547 8570 8771
8570 5547 8771
8771 5547 8570
11390 2321 8608
8608 2321 11390
2321 8608 11390
3839 4934 14926
14926 3839 4934
4934 3839 14926
3131 7298 11633
7298 3131 11633
11633 3131 7298
11522 6675 14942
14942 6675 11522
6675 11522 14942
3806 57 4405
4405 57 3806
57 3806 4405
8286 8105 11100
11100 8105 8286
8105 8286 11100
2352 5199 12335
12335 2352 5199
5199 2352 12335
11600 6877 13734
6877 11600 13734
13734 6877 11600
1649 2100 4342
4342 1649 2100
2100 1649 4342
14847 2212 14846
14846 2212 14847
2212 14846 14847
11415 533 12383
12383 533 11415
533 11415 12383
13606 4988 5625
4988 5625 13606
5625 4988 13606
2618 10847 14369
14369 2618 10847
10847 2618 14369
1691 9352 11500
9352 1691 11500
11500 1691 9352
12150 5470 13811
5470 12150 13811
13811 5470 12150
1622 6481 7892
7892 1622 6481
6481 1622 7892
3609 1655 8027
1655 3609 8027
8027 1655 3609
2757 4778 5919
4778 2757 5919
5919 2757 4778
13006 14540 14808
14540 13006 14808
14808 13006 14540
8439 275 10852
10852 275 8439
275 8439 10852
13070 1519 8533
1519 8533 13070
8533 1519 13070
535 1581 5238
5238 535 1581
1581 535 5238
5313 1692 5121
5121 1692 5313
1692 5121 5313
6219 766 9708
766 6219 9708
9708 766 6219
4706 7459 12856
12856 4706 7459
7459 4706 12856
11301 5331 11675
11675 5331 11301
5331 11301 11675
12340 7144 10515
7144 10515 12340
10515 7144 12340
7418 2231 12185
2231 7418 12185
12185 2231 7418
9987 11020 11208
11020 9987 11208
11208 9987 11020
4909 489 12120
12120 489 4909
489 4909 12120
11188 4754 8770
8770 4754 11188
4754 8770 11188
4633 5675 10197
5675 4633 10197
10197 4633 5675
7049 10314 12332
10314 7049 12332
12332 7049 10314
4711 8891 11190
11190 4711 8891
8891 4711 11190
5632 2626 10689
2626 5632 10689
10689 2626 5632
7343 7649 11351
7649 7343 11351
11351 7343 7649
1795 81 207
207 81 1795
81 207 1795
14959 915 4411
4411 915 14959
915 4411 14959
4206 5468 6930
6930 4206 5468
5468 4206 6930
7961 11 4883
4883 11 7961
11 4883 7961
6865 3911 12182
3911 6865 12182
12182 3911 6865
13690 8285 13713
8285 13690 13713
13713 8285 13690
8398 775 13847
13847 775 8398
775 8398 13847
5649 2201 5990
2201 5649 5990
5990 2201 5649
9667 8800 12910
8800 9667 12910
12910 8800 9667
7147 5691 12840
5691 7147 12840
12840 5691 7147
8322 281 11760
11760 281 8322
281 8322 11760
14105 1773 11648
1773 11648 14105
11648 1773 14105
9395 8029 9239
8029 9239 9395
9239 8029 9395
9552 5776 14065
5776 9552 14065
14065 5776 9552
11167 2213 7053
2213 7053 11167
7053 2213 11167
9377 8208 12922
12922 8208 9377
8208 9377 12922
6596 6078 11671
6078 6596 11671
11671 6078 6596
4604 3844 6387
6387 3844 4604
3844 4604 6387
3729 1216 12794
12794 1216 3729
1216 3729 12794
6286 767 10781
767 6286 10781
10781 767 6286
10121 9317 9575
9317 9575 10121
9575 9317 10121
2232 1780 10560
10560 1780 2232
1780 2232 10560
7769 5418 11609
5418 7769 11609
11609 5418 7769
4600 7260 14438
7260 4600 14438
14438 4600 7260
1148 9110 9859
9110 1148 9859
9859 1148 9110
7039 10840 12914
12914 7039 10840
10840 7039 12914
2350 1448 12731
12731 1448 2350
1448 2350 12731
4325 967 10928
10928 967 4325
967 4325 10928
1242 1332 10802
10802 1242 1332
1332 1242 10802
4047 2863 11467
11467 2863 4047
2863 4047 11467
10416 5332 5786
5786 5332 10416
5332 5786 10416
4614 5426 13796
5426 4614 13796
13796 4614 5426
14479 8522 13198
13198 8522 14479
8522 13198 14479
9591 9991 14282
14282 9591 9991
9991 9591 14282
10585 4170 4949
4949 4170 10585
4170 4949 10585
13408 9044 12581
9044 12581 13408
12581 9044 13408
3685 2498 8598
8598 2498 3685
2498 3685 8598
381 968 3785
968 381 3785
3785 381 968
3482 4219 10863
10863 3482 4219
4219 3482 10863
7212 11946 12206
12206 7212 11946
11946 7212 12206
3253 9960 13952
9960 3253 13952
13952 3253 9960
6446 2680 8730
8730 2680 6446
2680 6446 8730
517 2929 6568
6568 517 2929
2929 517 6568
7554 7392 14777
14777 7392 7554
7392 7554 14777
12586 3585 6811
3585 6811 12586
6811 3585 12586
3431 6298 11530
6298 3431 11530
11530 3431 6298
8736 9518 12419
12419 8736 9518
9518 8736 12419
11081 1401 11549
11549 1401 11081
1401 11081 11549
10854 9770 10674
10674 9770 10854
9770 10674 10854
2243 5443 7735
5443 2243 7735
7735 2243 5443
10682 5156 8041
8041 5156 10682
5156 8041 10682
9533 85 641
85 641 9533
641 85 9533
7348 5782 8550
5782 7348 8550
8550 5782 7348
6181 4450 5014
5014 4450 6181
4450 5014 6181
1288 6101 9955
9955 1288 6101
6101 1288 9955
13897 5996 11899
11899 5996 13897
5996 11899 13897
11492 5413 6239
6239 5413 11492
5413 6239 11492
5874 13195 14958
14958 5874 13195
13195 5874 14958
9901 906 13920
906 9901 13920
13920 906 9901
4912 2799 8892
2799 4912 8892
8892 2799 4912
10922 1733 11455
1733 10922 11455
11455 1733 10922
1543 13001 13106
13106 1543 13001
13001 1543 13106
1184 4494 12972
4494 1184 12972
12972 1184 4494
4779 4937 11942
11942 4779 4937
4937 4779 11942
2595 86 4484
86 2595 4484
4484 86 2595
9869 9083 10085
10085 9083 9869
9083 9869 10085
3693 9827 11660
9827 3693 11660
11660 3693 9827
8830 10642 10886
10886 8830 10642
10642 8830 10886
6888 6659 10512
6659 6888 10512
10512 6659 6888
8125 7978 10413
10413 7978 8125
7978 8125 10413
10697 10580 13841
10580 10697 13841
13841 10580 10697
464 4619 7655
7655 464 4619
4619 464 7655
11385 11697 14758
11697 11385 14758
14758 11385 11697
3814 5516 10988
5516 3814 10988
10988 3814 5516
6746 6580 9225
6580 6746 9225
9225 6580 6746
6943 10500 13451
13451 6943 10500
10500 6943 13451
14965 1065 13989
13989 1065 14965
1065 13989 14965
8185 327 4540
4540 327 8185
327 4540 8185
13788 12326 12929
12929 12326 13788
12326 12929 13788
4424 9483 11767
11767 4424 9483
9483 4424 11767
14051 4805 8518
4805 8518 14051
8518 4805 14051
12819 3107 6313
6313 3107 12819
3107 6313 12819
3779 6435 11249
11249 3779 6435
6435 3779 11249
11103 819 7031
7031 819 11103
819 7031 11103
14839 6155 8845
6155 8845 14839
8845 6155 14839
10680 320 6639
6639 320 10680
320 6639 10680
11504 5715 12034
12034 5715 11504
5715 11504 12034
5374 2278 2772
2772 2278 5374
2278 2772 5374
9295 10703 13439
13439 9295 10703
10703 9295 13439
7409 270 14405
270 7409 14405
14405 270 7409
1392 571 7665
571 1392 7665
7665 571 1392
1719 1328 11873
1328 1719 11873
11873 1328 1719
7923 12805 13955
13955 7923 12805
12805 7923 13955
11073 1253 2783
1253 2783 11073
2783 1253 11073
10203 8034 12198
8034 10203 12198
12198 8034 10203
11887 1362 13242
13242 1362 11887
1362 11887 13242
2926 12614 13808
12614 2926 13808
13808 2926 12614
14733 4189 6863
4189 6863 14733
6863 4189 14733
10892 3114 8344
8344 3114 10892
3114 8344 10892
4787 1053 13161
1053 4787 13161
13161 1053 4787
5220 10275 14016
10275 5220 14016
14016 5220 10275
11711 4263 7176
7176 4263 11711
4263 7176 11711
9426 2780 9025
2780 9025 9426
9025 2780 9426
11118 1587 6932
1587 6932 11118
6932 1587 11118
13306 5564 8061
5564 8061 13306
8061 5564 13306
3009 13044 14038
14038 3009 13044
13044 3009 14038
9881 5755 12041
5755 9881 12041
12041 5755 9881
12539 589 9292
9292 589 12539
589 9292 12539
1877 13423 14934
14934 1877 13423
13423 1877 14934
14837 887 1571
887 1571 14837
1571 887 14837
9362 3824 5692
5692 3824 9362
3824 5692 9362
6981 1474 7698
1474 6981 7698
7698 1474 6981
11728 10851 14336
10851 11728 14336
14336 10851 11728
13012 3307 10556
10556 3307 13012
3307 10556 13012
12545 468 6182
468 6182 12545
6182 468 12545
6139 515 1872
515 1872 6139
1872 515 6139
10701 4504 13905
13905 4504 10701
4504 10701 13905
597 12013 12310
12310 597 12013
12013 597 12310
9200 6686 7853
7853 6686 9200
6686 7853 9200
2552 742 13347
742 2552 13347
13347 742 2552
7266 11831 13360
13360 7266 11831
11831 7266 13360
1018 10264 13871
10264 1018 13871
13871 1018 10264
3731 8451 11266
11266 3731 8451
8451 3731 11266
14628 3969 11392
11392 3969 14628
3969 11392 14628
2284 4249 14034
4249 2284 14034
14034 2284 4249
13388 4816 12651
12651 4816 13388
4816 12651 13388
8477 4921 6088
4921 6088 8477
6088 4921 8477
12420 2068 10305
2068 10305 12420
10305 2068 12420
8241 3217 11900
11900 3217 8241
3217 8241 11900
10652 2005 2489
2489 2005 10652
2005 2489 10652
2259 14158 14782
14782 2259 14158
14158 2259 14782
11149 8024 13501
8024 11149 13501
13501 8024 11149
1816 5742 11195
5742 1816 11195
11195 1816 5742
13672 8826 9366
9366 8826 13672
8826 9366 13672
425 4826 5812
4826 425 5812
5812 425 4826
5216 134 13735
13735 134 5216
134 5216 13735
1223 5864 12634
5864 1223 12634
12634 1223 5864
6331 1424 10836
10836 1424 6331
1424 6331 10836
5217 558 13348
13348 558 5217
558 5217 13348
7199 12806 13875
12806 7199 13875
13875 7199 12806
7204 2458 7511
2458 7204 7511
7511 2458 7204
4932 4214 13199
13199 4214 4932
4214 4932 13199
14151 56 10983
56 10983 14151
10983 56 14151
6773 8828 13647
13647 6773 8828
8828 6773 13647
2091 7702 11403
11403 2091 7702
7702 2091 11403
10566 12402 14570
12402 10566 14570
14570 10566 12402
13941 2804 13983
2804 13941 13983
13983 2804 13941
13021 430 3773
430 3773 13021
3773 430 13021
5088 7149 12500
7149 5088 12500
12500 5088 7149
14599 6960 13019
13019 6960 14599
6960 13019 14599
14936 3541 4832
3541 4832 14936
4832 3541 14936
4839 3210 5639
5639 3210 4839
3210 4839 5639
470 676 9148
9148 470 676
676 470 9148
13023 5029 5530
5029 5530 13023
5530 5029 13023
6276 5304 9312
9312 5304 6276
5304 6276 9312
9383 646 7453
646 7453 9383
7453 646 9383
8890 4148 7576
4148 7576 8890
7576 4148 8890
11670 7689 10676
7689 10676 11670
10676 7689 11670
8444 5012 9801
5012 8444 9801
9801 5012 8444
2525 2568 3569
2568 2525 3569
3569 2525 2568
7364 1144 2755
2755 1144 7364
1144 2755 7364
5539 5389 12102
5389 5539 12102
12102 5389 5539
10252 8941 13708
13708 8941 10252
8941 10252 13708
10998 9123 9615
9615 9123 10998
9123 9615 10998
9446 653 4931
653 4931 9446
4931 653 9446
239 1032 2253
1032 239 2253
2253 239 1032
2511 4677 4723
4677 2511 4723
4723 2511 4677
6990 536 7410
536 6990 7410
7410 536 6990
12815 576 6415
6415 576 12815
576 6415 12815
332 1093 5790
1093 332 5790
5790 332 1093
9119 14335 14383
14383 9119 14335
14335 9119 14383
13901 3994 9982
9982 3994 13901
3994 9982 13901
12423 7220 9398
9398 7220 12423
7220 9398 12423
2869 5732 14882
5732 2869 14882
14882 2869 5732
12705 149 4471
149 4471 12705
4471 149 12705
2341 1331 2937
2937 1331 2341
1331 2341 2937
685 2587 12630
2587 685 12630
12630 685 2587
3170 4475 14423
4475 3170 14423
14423 3170 4475
8755 2506 3305
3305 2506 8755
2506 3305 8755
9260 2109 5114
5114 2109 9260
2109 5114 9260
12064 8701 9529
9529 8701 12064
8701 9529 12064
4514 7484 10058
7484 4514 10058
10058 4514 7484
13814 1224 3584
3584 1224 13814
1224 3584 13814
4722 287 14781
287 4722 14781
14781 287 4722
6246 6837 8907
8907 6246 6837
6837 6246 8907
1266 5665 13268
13268 1266 5665
5665 1266 13268
3826 4845 14677
4845 3826 14677
14677 3826 4845
6679 8425 8466
8425 6679 8466
8466 6679 8425
9637 5349 14716
5349 9637 14716
14716 5349 9637
9661 387 12629
387 9661 12629
12629 387 9661
14490 3866 6084
6084 3866 14490
3866 6084 14490
5099 7134 13700
13700 5099 7134
7134 5099 13700
7414 4765 10733
4765 7414 10733
10733 4765 7414
10194 1327 11028
1327 10194 11028
11028 1327 10194
11678 2409 11223
2409 11223 11678
11223 2409 11678
423 544 9950
9950 423 544
544 423 9950
13457 4068 7136
7136 4068 13457
4068 7136 13457
7429 11650 14779
11650 7429 14779
14779 7429 11650
14150 6805 14560
14560 6805 14150
6805 14150 14560
1982 8486 12324
12324 1982 8486
8486 1982 12324
9017 9547 10325
9547 9017 10325
10325 9017 9547
13837 9263 14914
9263 13837 14914
14914 9263 13837
12070 10952 12406
10952 12070 12406
12406 10952 12070
13842 5167 14232
14232 5167 13842
5167 13842 14232
9711 1771 9028
9028 1771 9711
1771 9028 9711
12934 5619 11328
11328 5619 12934
5619 11328 12934
5938 1693 7872
7872 1693 5938
1693 5938 7872
9912 12442 14055
12442 9912 14055
14055 9912 12442
9204 10657 12373
10657 9204 12373
12373 9204 10657
929 1918 9933
9933 929 1918
1918 929 9933
8694 7938 13249
13249 7938 8694
7938 8694 13249
3057 3796 8882
3796 3057 8882
8882 3057 3796
633 4863 8330
4863 633 8330
8330 633 4863
12194 4879 7299
7299 4879 12194
4879 7299 12194
11624 6005 8030
8030 6005 11624
6005 8030 11624
6527 2078 9495
9495 2078 6527
2078 6527 9495
706 10669 14989
10669 706 14989
14989 706 10669
8008 5303 11177
5303 8008 11177
11177 5303 8008
6341 1292 8707
1292 6341 8707
8707 1292 6341
9289 8189 12905
8189 9289 12905
12905 8189 9289
1005 3766 4785
3766 1005 4785
4785 1005 3766
6211 654 4278
4278 654 6211
654 4278 6211
13964 2669 14441
2669 13964 14441
14441 2669 13964
7068 3754 14967
14967 3754 7068
3754 7068 14967
13293 1109 1654
1109 1654 13293
1654 1109 13293
8575 4462 10110
4462 8575 10110
10110 4462 8575
7680 5712 9882
9882 5712 7680
5712 7680 9882
6541 4076 9756
4076 6541 9756
9756 4076 6541
11085 5280 6827
6827 5280 11085
5280 6827 11085
1180 3351 12507
3351 1180 12507
12507 1180 3351
3583 6272 7281
7281 3583 6272
6272 3583 7281
9936 2452 14022
14022 2452 9936
2452 9936 14022
12886 3793 11868
3793 11868 12886
11868 3793 12886
643 108 11762
11762 108 643
108 643 11762
9373 3353 6386
3353 6386 9373
6386 3353 9373
348 2161 2694
2161 348 2694
2694 348 2161
4844 4267 9227
9227 4267 4844
4267 4844 9227
12043 413 14572
14572 413 12043
413 12043 14572
236 6955 14753
6955 236 14753
14753 236 6955
1840 4644 8653
8653 1840 4644
4644 1840 8653
2672 1428 3938
1428 2672 3938
3938 1428 2672
8746 4134 9883
4134 8746 9883
9883 4134 8746
7208 3861 12426
12426 3861 7208
3861 7208 12426
127 2853 6196
6196 127 2853
2853 127 6196
3625 5911 12682
12682 3625 5911
5911 3625 12682
1106 10552 14658
10552 1106 14658
14658 1106 10552
981 1036 13574
13574 981 1036
1036 981 13574
12917 5308 11645
11645 5308 12917
5308 11645 12917
11723 1738 14586
14586 1738 11723
1738 11723 14586
3812 537 10262
10262 537 3812
537 3812 10262
13870 273 13383
13383 273 13870
273 13383 13870
10632 4590 13508
13508 4590 10632
4590 10632 13508
976 5059 12550
12550 976 5059
5059 976 12550
4016 7503 11494
7503 4016 11494
11494 4016 7503
9321 2363 12291
2363 9321 12291
12291 2363 9321
857 1500 13885
1500 857 13885
13885 857 1500
1476 1826 3698
3698 1476 1826
