103466 21865 48417
48417 21865 103466
21865 48417 103466
27149 28604 76341
76341 27149 28604
28604 27149 76341
143562 122010 141561
122010 141561 143562
141561 122010 143562
42048 26757 128231
128231 26757 42048
26757 42048 128231
63255 9772 49163
9772 49163 63255
49163 9772 63255
135198 133032 146097
146097 133032 135198
133032 135198 146097
2034 35689 40104
40104 2034 35689
35689 2034 40104
64426 53765 58170
53765 58170 64426
58170 53765 64426
47311 60851 94274
94274 47311 60851
60851 47311 94274
38551 33313 92688
92688 33313 38551
33313 38551 92688
109809 26613 140536
140536 26613 109809
26613 109809 140536
139262 47572 72503
47572 72503 139262
72503 47572 139262
115247 41035 131032
131032 41035 115247
41035 115247 131032
128073 15798 23698
23698 15798 128073
15798 23698 128073
82195 11139 146878
11139 82195 146878
146878 11139 82195
57412 104335 110323
110323 57412 104335
104335 57412 110323
4622 32632 132161
132161 4622 32632
32632 4622 132161
146976 99630 118571
99630 118571 146976
118571 99630 146976
124685 106241 137221
137221 106241 124685
106241 124685 137221
105703 53164 88628
53164 88628 105703
88628 53164 105703
43 7506 75652
75652 43 7506
7506 43 75652
49072 34129 44158
44158 34129 49072
34129 44158 49072
113101 55691 59154
55691 59154 113101
59154 55691 113101
83720 49956 139553
139553 49956 83720
49956 83720 139553
22634 4277 54228
4277 22634 54228
54228 4277 22634
16944 91167 142031
142031 16944 91167
91167 16944 142031
5256 111108 149725
149725 5256 111108
111108 5256 149725
128691 54105 72277
54105 72277 128691
72277 54105 128691
58401 53662 91274
53662 58401 91274
91274 53662 58401
73084 10475 99887
10475 73084 99887
99887 10475 73084
115240 13248 98219
13248 98219 115240
98219 13248 115240
145579 76250 124136
76250 124136 145579
124136 76250 145579
20731 53397 130728
130728 20731 53397
53397 20731 130728
77929 76857 131821
131821 76857 77929
76857 77929 131821
52864 101569 120977
101569 52864 120977
120977 52864 101569
113442 53069 100296
53069 100296 113442
100296 53069 113442
31618 59171 125296
59171 31618 125296
125296 31618 59171
43994 14988 72907
14988 43994 72907
72907 14988 43994
105137 128475 133596
133596 105137 128475
128475 105137 133596
52304 10644 91895
91895 10644 52304
10644 52304 91895
136676 16574 69894
16574 69894 136676
69894 16574 136676
101342 22361 59652
59652 22361 101342
22361 59652 101342
62393 5225 99644
99644 5225 62393
5225 62393 99644
95844 90454 134926
134926 90454 95844
90454 95844 134926
21033 109208 147253
147253 21033 109208
109208 21033 147253
108039 30519 76675
30519 76675 108039
76675 30519 108039
68247 27862 96146
96146 27862 68247
27862 68247 96146
127972 4077 45386
45386 4077 127972
4077 45386 127972
75662 30109 78846
78846 30109 75662
30109 75662 78846
73244 42669 70585
42669 70585 73244
70585 42669 73244
35906 106975 142079
142079 35906 106975
106975 35906 142079
67796 4699 60084
60084 4699 67796
4699 60084 67796
114588 79785 133700
79785 114588 133700
133700 79785 114588
11646 17394 90970
17394 11646 90970
90970 11646 17394
31021 93203 131457
93203 31021 131457
131457 31021 93203
124686 123139 146828
146828 123139 124686
123139 124686 146828
130327 32290 35832
35832 32290 130327
32290 35832 130327
65963 479 73805
73805 479 65963
479 65963 73805
5390 121305 132731
132731 5390 121305
121305 5390 132731
51184 81199 94545
94545 51184 81199
81199 51184 94545
125710 72418 84356
84356 72418 125710
72418 84356 125710
130278 39914 48892
39914 48892 130278
48892 39914 130278
3150 63492 68041
63492 3150 68041
68041 3150 63492
75542 25147 32452
25147 32452 75542
32452 25147 75542
56644 89587 103371
89587 56644 103371
103371 56644 89587
3690 9424 56366
9424 3690 56366
56366 3690 9424
111531 108757 113185
108757 111531 113185
113185 108757 111531
111726 55635 105150
105150 55635 111726
55635 105150 111726
82372 18991 75004
75004 18991 82372
18991 75004 82372
88515 2169 125258
2169 88515 125258
125258 2169 88515
147895 21497 124962
21497 124962 147895
124962 21497 147895
35235 21931 132918
132918 21931 35235
21931 35235 132918
137657 77794 141882
141882 77794 137657
77794 137657 141882
105645 74489 102896
74489 102896 105645
102896 74489 105645
17434 23421 46635
46635 17434 23421
23421 17434 46635
108335 68325 102189
102189 68325 108335
68325 102189 108335
124478 8827 149720
8827 124478 149720
149720 8827 124478
75210 109456 136896
136896 75210 109456
109456 75210 136896
121844 32461 69935
32461 69935 121844
69935 32461 121844
56390 28328 86274
86274 28328 56390
28328 56390 86274
58349 95451 126851
95451 58349 126851
126851 58349 95451
35835 90355 118703
90355 35835 118703
118703 35835 90355
61412 10705 135439
135439 10705 61412
10705 61412 135439
143593 14501 140542
140542 14501 143593
14501 140542 143593
58892 7928 60925
7928 58892 60925
60925 7928 58892
139289 45418 101247
45418 101247 139289
101247 45418 139289
121185 89871 108998
89871 108998 121185
108998 89871 121185
117134 21856 127928
127928 21856 117134
21856 117134 127928
117029 52805 85658
52805 85658 117029
85658 52805 117029
102689 4844 104790
104790 4844 102689
4844 102689 104790
31592 110387 142199
142199 31592 110387
110387 31592 142199
61107 5737 69257
69257 5737 61107
5737 61107 69257
130429 102445 135194
102445 130429 135194
135194 102445 130429
105608 34979 87758
87758 34979 105608
34979 87758 105608
141958 42345 55974
55974 42345 141958
42345 55974 141958
11639 88453 140309
140309 11639 88453
88453 11639 140309
48822 93774 137236
137236 48822 93774
93774 48822 137236
73284 67960 129955
67960 73284 129955
129955 67960 73284
45962 42410 129796
42410 45962 129796
129796 42410 45962
88429 98984 120376
120376 88429 98984
98984 88429 120376
32156 33642 125514
33642 32156 125514
125514 32156 33642
47899 27096 141306
141306 27096 47899
27096 47899 141306
20666 125968 148330
125968 20666 148330
148330 20666 125968
34104 32522 51569
32522 34104 51569
51569 32522 34104
21226 102845 135078
102845 21226 135078
135078 21226 102845
126917 22415 128711
22415 126917 128711
128711 22415 126917
32155 123787 132887
132887 32155 123787
123787 32155 132887
143581 7278 51994
7278 51994 143581
51994 7278 143581
93346 17202 41888
17202 41888 93346
41888 17202 93346
75520 74646 120250
120250 74646 75520
74646 75520 120250
51844 11152 31322
31322 11152 51844
11152 31322 51844
101187 35353 103786
103786 35353 101187
35353 101187 103786
68182 55937 91630
91630 55937 68182
55937 68182 91630
26045 39623 51991
39623 26045 51991
51991 26045 39623
42846 34085 116260
34085 42846 116260
116260 34085 42846
49530 82018 134989
134989 49530 82018
82018 49530 134989
92496 48002 67808
67808 48002 92496
48002 67808 92496
54425 37088 109270
109270 37088 54425
37088 54425 109270
119194 5869 68948
5869 68948 119194
68948 5869 119194
63577 57990 147072
147072 57990 63577
57990 63577 147072
23843 71191 116193
71191 23843 116193
116193 23843 71191
75897 21062 92871
92871 21062 75897
21062 75897 92871
4628 53558 143236
53558 4628 143236
143236 4628 53558
69902 21383 88254
21383 69902 88254
88254 21383 69902
46289 52565 133508
52565 46289 133508
133508 46289 52565
36027 103484 148829
103484 36027 148829
148829 36027 103484
92408 65889 124353
65889 92408 124353
124353 65889 92408
86566 61625 129744
129744 61625 86566
61625 86566 129744
84652 59348 136805
136805 59348 84652
59348 84652 136805
116448 2953 114723
114723 2953 116448
2953 114723 116448
137484 36704 126548
36704 126548 137484
126548 36704 137484
95421 93051 126134
126134 93051 95421
93051 95421 126134
132127 100813 111124
100813 111124 132127
111124 100813 132127
27802 54179 56623
56623 27802 54179
54179 27802 56623
59286 29124 64161
64161 29124 59286
29124 59286 64161
130256 19607 19838
19838 19607 130256
19607 19838 130256
102325 115459 137990
137990 102325 115459
115459 102325 137990
101165 105841 138765
105841 101165 138765
138765 101165 105841
13013 10977 78290
78290 10977 13013
10977 13013 78290
49474 47889 97552
47889 49474 97552
97552 47889 49474
29378 109229 131419
131419 29378 109229
109229 29378 131419
37282 136112 149396
149396 37282 136112
136112 37282 149396
95634 8487 32783
8487 32783 95634
32783 8487 95634
27373 3326 114700
114700 3326 27373
3326 27373 114700
37415 600 134849
134849 600 37415
600 37415 134849
97416 56006 137700
56006 97416 137700
137700 56006 97416
98811 88285 97467
88285 97467 98811
97467 88285 98811
148356 2646 96058
2646 96058 148356
96058 2646 148356
138215 77635 121892
77635 121892 138215
121892 77635 138215
141580 42469 51338
42469 51338 141580
51338 42469 141580
79765 64450 99836
64450 79765 99836
99836 64450 79765
62993 38609 130326
38609 62993 130326
130326 38609 62993
77228 89835 112617
89835 77228 112617
112617 77228 89835
56833 3172 111238
111238 3172 56833
3172 56833 111238
11525 55221 90627
90627 11525 55221
55221 11525 90627
34545 12822 26539
12822 26539 34545
26539 12822 34545
76417 12102 57809
12102 57809 76417
57809 12102 76417
15606 519 26824
519 15606 26824
26824 519 15606
13687 33120 39070
39070 13687 33120
33120 13687 39070
23587 98164 120820
98164 23587 120820
120820 23587 98164
76069 87606 109959
87606 76069 109959
109959 76069 87606
107473 128591 130330
128591 107473 130330
130330 107473 128591
81380 48692 61666
48692 61666 81380
61666 48692 81380
50500 35456 45964
45964 35456 50500
35456 45964 50500
14902 63878 92761
63878 14902 92761
92761 14902 63878
39227 10355 20653
10355 20653 39227
20653 10355 39227
21601 124753 135708
135708 21601 124753
124753 21601 135708
79705 11721 125983
125983 11721 79705
11721 79705 125983
112979 7300 52044
7300 52044 112979
52044 7300 112979
111887 119961 122008
122008 111887 119961
119961 111887 122008
146185 19245 83103
83103 19245 146185
19245 83103 146185
61200 122471 128580
128580 61200 122471
122471 61200 128580
107087 112934 130066
130066 107087 112934
112934 107087 130066
87114 34867 60109
34867 60109 87114
60109 34867 87114
15010 30657 54999
30657 15010 54999
54999 15010 30657
37924 56518 95230
95230 37924 56518
56518 37924 95230
14152 35800 38978
35800 14152 38978
38978 14152 35800
106977 124211 146050
124211 106977 146050
146050 106977 124211
117100 67179 70382
67179 70382 117100
70382 67179 117100
53463 26097 100430
100430 26097 53463
26097 53463 100430
146618 100876 123483
100876 123483 146618
123483 100876 146618
12591 136608 137067
137067 12591 136608
136608 12591 137067
78783 12169 77832
77832 12169 78783
12169 77832 78783
20502 50126 59178
50126 20502 59178
59178 20502 50126
109379 34830 90826
34830 90826 109379
90826 34830 109379
71400 34875 49969
49969 34875 71400
34875 49969 71400
41286 32970 70795
32970 41286 70795
70795 32970 41286
51696 822 86918
822 51696 86918
86918 822 51696
66928 70191 148528
70191 66928 148528
148528 66928 70191
112067 20880 89516
20880 89516 112067
89516 20880 112067
30475 48841 65668
65668 30475 48841
48841 30475 65668
5562 83576 107409
107409 5562 83576
83576 5562 107409
5955 44246 93563
93563 5955 44246
44246 5955 93563
13445 8560 93966
8560 13445 93966
93966 8560 13445
88145 4181 113913
4181 88145 113913
113913 4181 88145
2629 25221 45072
25221 2629 45072
45072 2629 25221
56439 49000 62874
49000 56439 62874
62874 49000 56439
2772 5887 48450
48450 2772 5887
5887 2772 48450
14635 69183 110841
69183 14635 110841
110841 14635 69183
40876 35000 118838
118838 35000 40876
35000 40876 118838
128778 64897 129473
64897 128778 129473
129473 64897 128778
108204 7613 128502
128502 7613 108204
7613 108204 128502
145953 49288 131397
49288 131397 145953
131397 49288 145953
15239 3283 20593
3283 15239 20593
20593 3283 15239
10045 9706 10625
10625 9706 10045
9706 10045 10625
149918 66129 139193
66129 139193 149918
139193 66129 149918
106219 36401 105049
36401 105049 106219
105049 36401 106219
102030 85795 141129
141129 85795 102030
85795 102030 141129
44953 65020 96230
96230 44953 65020
65020 44953 96230
129579 5387 116373
116373 5387 129579
5387 116373 129579
37121 19741 62813
19741 37121 62813
62813 19741 37121
47935 29169 83991
83991 29169 47935
29169 47935 83991
136745 68754 140999
68754 136745 140999
140999 68754 136745
20271 54146 141476
54146 20271 141476
141476 20271 54146
84118 56880 102819
56880 84118 102819
102819 56880 84118
80342 75951 138475
75951 80342 138475
138475 75951 80342
100454 71618 88358
88358 71618 100454
71618 88358 100454
130535 29046 87239
29046 87239 130535
87239 29046 130535
25195 2399 102752
2399 25195 102752
102752 2399 25195
51248 91938 148318
91938 51248 148318
148318 51248 91938
54564 52187 87148
87148 52187 54564
52187 54564 87148
24650 2268 70036
70036 2268 24650
2268 24650 70036
28443 81041 119515
81041 28443 119515
119515 28443 81041
48689 79957 110469
110469 48689 79957
79957 48689 110469
20018 65416 66140
65416 20018 66140
66140 20018 65416
58090 97834 146261
97834 58090 146261
146261 58090 97834
138491 92485 142867
92485 138491 142867
142867 92485 138491
91356 30854 138780
30854 91356 138780
138780 30854 91356
139054 8022 75347
8022 75347 139054
75347 8022 139054
146942 96955 97487
97487 96955 146942
96955 97487 146942
121086 40189 124560
40189 121086 124560
124560 40189 121086
112723 43183 98574
98574 43183 112723
43183 98574 112723
65066 124206 141338
141338 65066 124206
124206 65066 141338
5093 13564 38669
38669 5093 13564
13564 5093 38669
36964 18315 31529
31529 18315 36964
18315 31529 36964
20203 13046 35424
35424 13046 20203
13046 20203 35424
133228 56664 124861
56664 124861 133228
124861 56664 133228
24062 30643 107499
107499 24062 30643
30643 24062 107499
135544 39401 102951
39401 102951 135544
102951 39401 135544
18891 20232 71021
20232 18891 71021
71021 18891 20232
6337 44457 134525
134525 6337 44457
44457 6337 134525
51911 58640 78507
78507 51911 58640
58640 51911 78507
130841 11489 121507
121507 11489 130841
11489 121507 130841
14407 69010 135683
69010 14407 135683
135683 14407 69010
72719 18960 146855
18960 72719 146855
146855 18960 72719
126294 83331 114246
114246 83331 126294
83331 114246 126294
83127 85507 112264
112264 83127 85507
85507 83127 112264
1342 123471 144440
123471 1342 144440
144440 1342 123471
73384 46006 122710
46006 73384 122710
122710 46006 73384
110068 59998 85813
85813 59998 110068
59998 85813 110068
113626 77636 114344
77636 113626 114344
114344 77636 113626
73389 6576 37486
6576 37486 73389
37486 6576 73389
86101 16687 114039
114039 16687 86101
16687 86101 114039
116806 60182 86483
86483 60182 116806
60182 86483 116806
23151 2453 57894
57894 2453 23151
2453 23151 57894
42014 23863 116321
116321 23863 42014
23863 42014 116321
30310 41987 109113
41987 30310 109113
109113 30310 41987
70051 77306 126355
77306 70051 126355
126355 70051 77306
28133 134720 143512
134720 28133 143512
143512 28133 134720
9831 45341 104712
104712 9831 45341
45341 9831 104712
39652 54435 145682
145682 39652 54435
54435 39652 145682
137876 5246 48446
5246 48446 137876
48446 5246 137876
82322 23119 86570
86570 23119 82322
23119 82322 86570
91923 53659 116763
53659 91923 116763
116763 53659 91923
3963 87675 123138
123138 3963 87675
87675 3963 123138
105823 17700 78473
78473 17700 105823
17700 78473 105823
17836 59591 88965
59591 17836 88965
88965 17836 59591
46107 82910 101394
101394 46107 82910
82910 46107 101394
31275 20204 77738
77738 20204 31275
20204 31275 77738
137478 5439 110505
110505 5439 137478
5439 110505 137478
138493 46069 99399
99399 46069 138493
46069 99399 138493
113844 35016 81932
81932 35016 113844
35016 81932 113844
58731 38596 118560
118560 38596 58731
38596 58731 118560
123977 75903 93724
75903 93724 123977
93724 75903 123977
119308 13791 47474
13791 47474 119308
47474 13791 119308
31663 62138 112356
112356 31663 62138
62138 31663 112356
3104 43473 43987
43473 3104 43987
43987 3104 43473
113025 1004 82296
82296 1004 113025
1004 82296 113025
44032 23375 115194
23375 44032 115194
115194 23375 44032
35868 49462 72573
72573 35868 49462
49462 35868 72573
131643 2652 80400
2652 80400 131643
80400 2652 131643
124326 51065 55266
51065 55266 124326
55266 51065 124326
108140 114859 140034
114859 108140 140034
140034 108140 114859
86508 141851 142007
141851 86508 142007
142007 86508 141851
105866 44090 55330
55330 44090 105866
44090 55330 105866
140728 14832 91137
14832 91137 140728
91137 14832 140728
138405 90432 96847
90432 96847 138405
96847 90432 138405
71760 21939 66790
66790 21939 71760
21939 66790 71760
84470 49671 56144
49671 56144 84470
56144 49671 84470
83739 58424 114332
114332 58424 83739
58424 83739 114332
101101 6765 22051
22051 6765 101101
6765 22051 101101
99749 35253 144595
35253 99749 144595
144595 35253 99749
91053 113490 123075
113490 91053 123075
123075 91053 113490
28918 121465 123162
121465 28918 123162
123162 28918 121465
136933 48296 103632
48296 103632 136933
103632 48296 136933
51720 54627 142069
54627 51720 142069
142069 51720 54627
77680 9693 78990
9693 77680 78990
78990 9693 77680
118029 72044 127530
72044 118029 127530
127530 72044 118029
3680 88160 120446
88160 3680 120446
120446 3680 88160
92859 77896 92917
92917 77896 92859
77896 92859 92917
145511 20889 92456
20889 92456 145511
92456 20889 145511
54642 56571 118576
56571 54642 118576
118576 54642 56571
12180 105368 118209
105368 12180 118209
118209 12180 105368
101989 61912 91861
61912 91861 101989
91861 61912 101989
142646 31464 58379
31464 58379 142646
58379 31464 142646
92934 70546 75549
70546 75549 92934
75549 70546 92934
33849 37544 61213
37544 33849 61213
61213 33849 37544
55100 106523 128402
106523 55100 128402
128402 55100 106523
134696 7500 100885
100885 7500 134696
7500 100885 134696
37050 1032 50158
50158 1032 37050
1032 37050 50158
16617 66207 103616
66207 16617 103616
103616 16617 66207
121988 129524 143849
129524 121988 143849
143849 121988 129524
104527 80237 135763
135763 80237 104527
80237 104527 135763
83199 124133 126546
124133 83199 126546
126546 83199 124133
97135 63883 142093
142093 63883 97135
63883 97135 142093
17111 106451 108653
106451 17111 108653
108653 17111 106451
87732 3194 7791
7791 3194 87732
3194 7791 87732
104480 111295 137278
137278 104480 111295
111295 104480 137278
5910 8517 28896
28896 5910 8517
8517 5910 28896
52215 87284 94562
94562 52215 87284
87284 52215 94562
112307 1414 23627
1414 23627 112307
23627 1414 112307
129748 69369 83196
69369 83196 129748
83196 69369 129748
19195 90035 122760
122760 19195 90035
90035 19195 122760
75645 53567 59640
59640 53567 75645
53567 59640 75645
24875 69743 127150
127150 24875 69743
69743 24875 127150
76626 64445 93672
93672 64445 76626
64445 76626 93672
98388 13115 15210
15210 13115 98388
13115 15210 98388
67626 56114 123115
56114 67626 123115
123115 56114 67626
78891 61123 128229
128229 61123 78891
61123 78891 128229
19145 25705 121663
25705 19145 121663
121663 19145 25705
67246 37321 111884
111884 37321 67246
37321 67246 111884
104570 62354 89471
89471 62354 104570
62354 89471 104570
41962 55267 110075
110075 41962 55267
55267 41962 110075
137430 100604 116311
116311 100604 137430
100604 116311 137430
20257 5208 144590
5208 20257 144590
144590 5208 20257
90853 108450 131194
131194 90853 108450
108450 90853 131194
13238 7425 106717
7425 13238 106717
106717 7425 13238
115761 2625 79665
79665 2625 115761
2625 79665 115761
79876 53812 68882
53812 68882 79876
68882 53812 79876
90934 123278 148306
123278 90934 148306
148306 90934 123278
37309 42196 110976
110976 37309 42196
42196 37309 110976
338 8778 82400
8778 338 82400
82400 338 8778
15649 90026 91831
91831 15649 90026
90026 15649 91831
106691 11637 120705
11637 106691 120705
120705 11637 106691
59170 15807 48843
15807 48843 59170
48843 15807 59170
32776 121184 148234
121184 32776 148234
148234 32776 121184
45530 115522 139350
139350 45530 115522
115522 45530 139350
123878 79889 93140
79889 93140 123878
93140 79889 123878
148941 11001 66384
66384 11001 148941
11001 66384 148941
7009 63315 134226
134226 7009 63315
63315 7009 134226
45904 26387 66192
26387 45904 66192
66192 26387 45904
74806 651 26182
651 26182 74806
26182 651 74806
136677 36941 145572
36941 136677 145572
145572 36941 136677
99548 50861 77216
50861 77216 99548
77216 50861 99548
125608 66090 73327
66090 73327 125608
73327 66090 125608
12491 16405 50893
16405 12491 50893
50893 12491 16405
114191 46029 121920
121920 46029 114191
46029 114191 121920
40822 56630 58388
56630 40822 58388
58388 40822 56630
38252 52072 88659
52072 38252 88659
88659 38252 52072
5186 91460 117550
91460 5186 117550
117550 5186 91460
136795 72508 119798
119798 72508 136795
72508 119798 136795
56284 139217 147017
139217 56284 147017
147017 56284 139217
124272 64669 138760
138760 64669 124272
64669 124272 138760
7071 85460 111600
85460 7071 111600
111600 7071 85460
14448 79171 122789
79171 14448 122789
122789 14448 79171
42531 64838 116197
64838 42531 116197
116197 42531 64838
48760 20427 126886
20427 48760 126886
126886 20427 48760
96502 136807 146286
146286 96502 136807
136807 96502 146286
119770 33980 117219
117219 33980 119770
33980 117219 119770
43838 127484 137199
137199 43838 127484
127484 43838 137199
37794 110278 128564
110278 37794 128564
128564 37794 110278
40625 34476 116421
116421 34476 40625
34476 40625 116421
131451 29954 48486
48486 29954 131451
29954 48486 131451
140330 69911 97853
69911 97853 140330
97853 69911 140330
16155 32977 65460
65460 16155 32977
32977 16155 65460
23703 12076 12648
12648 12076 23703
12076 12648 23703
144977 54991 61231
61231 54991 144977
54991 61231 144977
21429 118608 118669
118669 21429 118608
118608 21429 118669
68547 43737 70972
43737 68547 70972
70972 43737 68547
119567 88267 99549
99549 88267 119567
88267 99549 119567
143548 83892 129649
129649 83892 143548
83892 129649 143548
89580 7087 41730
7087 41730 89580
41730 7087 89580
44698 527 5690
5690 527 44698
527 5690 44698
40177 102233 110372
102233 40177 110372
110372 40177 102233
20219 120842 145737
145737 20219 120842
120842 20219 145737
12039 136169 137499
136169 12039 137499
137499 12039 136169
41247 112607 122582
122582 41247 112607
112607 41247 122582
23599 10239 87538
87538 10239 23599
10239 23599 87538
24002 18280 25328
25328 18280 24002
18280 24002 25328
106137 46179 112978
46179 106137 112978
112978 46179 106137
9348 104855 110348
104855 9348 110348
110348 9348 104855
73999 113004 140768
140768 73999 113004
113004 73999 140768
127910 3262 21716
21716 3262 127910
3262 21716 127910
109738 43466 79941
79941 43466 109738
43466 79941 109738
68835 23913 90019
90019 23913 68835
23913 68835 90019
53647 9926 55172
9926 53647 55172
55172 9926 53647
35856 35134 52747
52747 35134 35856
35134 35856 52747
105595 93246 146284
93246 105595 146284
146284 93246 105595
134836 42776 81645
81645 42776 134836
42776 81645 134836
87150 62863 99879
99879 62863 87150
62863 87150 99879
10457 24717 28952
24717 10457 28952
28952 10457 24717
122339 63458 133822
133822 63458 122339
63458 122339 133822
85126 34507 83909
83909 34507 85126
34507 83909 85126
5345 28076 129736
129736 5345 28076
28076 5345 129736
101159 38250 44567
38250 44567 101159
44567 38250 101159
12694 74605 100219
100219 12694 74605
74605 12694 100219
9049 104922 145356
104922 9049 145356
145356 9049 104922
6766 13101 71973
71973 6766 13101
13101 6766 71973
122933 44686 55417
44686 55417 122933
55417 44686 122933
90358 12292 84543
12292 84543 90358
84543 12292 90358
102184 117720 133095
117720 102184 133095
133095 102184 117720
85389 104945 139108
104945 85389 139108
139108 85389 104945
142015 11739 27718
11739 27718 142015
27718 11739 142015
124906 79471 142334
142334 79471 124906
79471 124906 142334
114745 129980 140548
129980 114745 140548
140548 114745 129980
67763 1518 98213
1518 67763 98213
98213 1518 67763
114262 20392 139606
20392 114262 139606
139606 20392 114262
125155 48384 122845
122845 48384 125155
48384 122845 125155
105184 96149 144046
96149 105184 144046
144046 96149 105184
103369 77353 98774
77353 98774 103369
98774 77353 103369
128596 18008 28642
18008 28642 128596
28642 18008 128596
142075 13162 121766
13162 121766 142075
121766 13162 142075
45907 48548 137300
48548 45907 137300
137300 45907 48548
50019 64061 145536
145536 50019 64061
64061 50019 145536
41811 30858 39426
30858 39426 41811
39426 30858 41811
120617 108878 134124
108878 120617 134124
134124 108878 120617
149250 28857 124912
28857 124912 149250
124912 28857 149250
141588 34657 35355
34657 35355 141588
35355 34657 141588
3598 16679 72562
16679 3598 72562
72562 3598 16679
3418 11887 44461
44461 3418 11887
11887 3418 44461
1978 57943 144358
144358 1978 57943
57943 1978 144358
33218 86369 137229
137229 33218 86369
86369 33218 137229
10127 125222 143694
125222 10127 143694
143694 10127 125222
24579 71725 90331
71725 24579 90331
90331 24579 71725
79367 11862 17115
11862 17115 79367
17115 11862 79367
78393 48051 86706
48051 78393 86706
86706 48051 78393
14339 68607 86825
68607 14339 86825
86825 14339 68607
133591 50940 69961
69961 50940 133591
50940 69961 133591
92333 83858 138251
138251 83858 92333
83858 92333 138251
149166 24223 80272
24223 80272 149166
80272 24223 149166
73245 100341 128203
100341 73245 128203
128203 73245 100341
110828 58619 118511
118511 58619 110828
58619 110828 118511
120917 65179 89000
89000 65179 120917
65179 89000 120917
54720 32768 112531
32768 54720 112531
112531 32768 54720
39894 43728 49212
43728 39894 49212
49212 39894 43728
55184 23746 132370
23746 55184 132370
132370 23746 55184
94429 96011 119268
119268 94429 96011
96011 94429 119268
90873 109575 140234
109575 90873 140234
140234 90873 109575
124688 47221 53927
53927 47221 124688
47221 53927 124688
75381 51903 91575
51903 75381 91575
91575 51903 75381
121926 34462 127313
127313 34462 121926
34462 121926 127313
19997 22126 36133
22126 19997 36133
36133 19997 22126
16711 2327 101228
2327 16711 101228
101228 2327 16711
87352 35975 74469
74469 35975 87352
35975 74469 87352
130090 62447 114548
114548 62447 130090
62447 114548 130090
131955 22606 114936
22606 114936 131955
114936 22606 131955
23688 13641 14840
13641 14840 23688
14840 13641 23688
26762 88853 125197
88853 26762 125197
125197 26762 88853
75600 29714 32392
32392 29714 75600
29714 32392 75600
44762 14017 19727
19727 14017 44762
14017 19727 44762
131649 7576 80156
80156 7576 131649
7576 80156 131649
66706 78500 91302
91302 66706 78500
78500 66706 91302
38893 64789 129763
64789 38893 129763
129763 38893 64789
9091 3688 33117
3688 9091 33117
33117 3688 9091
122178 43247 83221
43247 83221 122178
83221 43247 122178
113825 6837 121323
121323 6837 113825
6837 113825 121323
48792 79704 126159
79704 48792 126159
126159 48792 79704
66021 36292 128293
36292 66021 128293
128293 36292 66021
89399 16329 18137
18137 16329 89399
16329 18137 89399
141193 84574 123615
123615 84574 141193
84574 123615 141193
94071 87777 96401
96401 87777 94071
87777 94071 96401
77202 67250 74044
67250 74044 77202
74044 67250 77202
10865 28548 106940
106940 10865 28548
28548 10865 106940
91227 63343 72264
72264 63343 91227
63343 72264 91227
9315 70891 113780
70891 9315 113780
113780 9315 70891
78626 22317 133152
133152 22317 78626
22317 78626 133152
59018 46969 129258
46969 59018 129258
129258 46969 59018
55567 36839 119793
36839 55567 119793
119793 36839 55567
62336 5265 90166
90166 5265 62336
5265 62336 90166
129722 1711 92910
92910 1711 129722
1711 92910 129722
18638 64913 144897
64913 18638 144897
144897 18638 64913
102511 38417 134009
134009 38417 102511
38417 102511 134009
123672 17087 135162
135162 17087 123672
17087 123672 135162
115460 67794 84809
84809 67794 115460
67794 84809 115460
5587 52052 79487
52052 5587 79487
79487 5587 52052
87910 12541 134701
134701 12541 87910
12541 87910 134701
53443 77381 97663
97663 53443 77381
77381 53443 97663
38210 65597 79495
79495 38210 65597
65597 38210 79495
8896 10390 61876
10390 8896 61876
61876 8896 10390
56257 113225 121345
113225 56257 121345
121345 56257 113225
74422 98361 120101
120101 74422 98361
98361 74422 120101
110082 39842 113048
113048 39842 110082
39842 110082 113048
101268 74134 113800
74134 101268 113800
113800 74134 101268
71895 42063 58498
58498 42063 71895
42063 58498 71895
100066 42223 66519
66519 42223 100066
42223 66519 100066
117194 75735 135470
135470 75735 117194
75735 117194 135470
69581 22854 125499
22854 69581 125499
125499 22854 69581
53964 13342 88393
13342 53964 88393
88393 13342 53964
87779 101289 131989
131989 87779 101289
101289 87779 131989
22931 31201 51253
31201 22931 51253
51253 22931 31201
65015 5262 71679
5262 65015 71679
71679 5262 65015
124235 12871 102356
12871 102356 124235
102356 12871 124235
20096 591 125998
591 20096 125998
125998 591 20096
109638 38321 107603
38321 107603 109638
107603 38321 109638
51548 24873 35813
35813 24873 51548
24873 35813 51548
103398 38145 75408
75408 38145 103398
38145 75408 103398
108715 31414 84763
84763 31414 108715
31414 84763 108715
128830 96001 126676
96001 126676 128830
126676 96001 128830
1933 94184 148508
148508 1933 94184
94184 1933 148508
86717 9440 145449
145449 9440 86717
9440 86717 145449
57851 44918 94329
94329 44918 57851
44918 57851 94329
135946 53785 96496
53785 96496 135946
96496 53785 135946
56304 107078 136142
107078 56304 136142
136142 56304 107078
35254 38380 120622
120622 35254 38380
38380 35254 120622
73214 61856 72978
72978 61856 73214
61856 72978 73214
29346 21746 77521
77521 21746 29346
21746 29346 77521
110422 19295 32940
19295 32940 110422
32940 19295 110422
43569 33687 105506
105506 33687 43569
33687 43569 105506
105001 102528 147940
147940 102528 105001
102528 105001 147940
76078 31742 101987
31742 76078 101987
101987 31742 76078
83406 21424 70648
21424 70648 83406
70648 21424 83406
48954 16015 140179
140179 16015 48954
16015 48954 140179
124775 37543 149584
37543 124775 149584
149584 37543 124775
15493 21137 106775
21137 15493 106775
106775 15493 21137
62480 62553 123192
62553 62480 123192
123192 62480 62553
39103 27763 91713
91713 27763 39103
27763 39103 91713
71463 67257 142371
142371 67257 71463
67257 71463 142371
89665 51922 64268
64268 51922 89665
51922 64268 89665
50758 9630 108603
9630 50758 108603
108603 9630 50758
58861 24232 119886
119886 24232 58861
24232 58861 119886
67961 67096 145009
145009 67096 67961
67096 67961 145009
45916 89538 121964
121964 45916 89538
89538 45916 121964
66598 26997 47565
47565 26997 66598
26997 47565 66598
5854 46585 115793
115793 5854 46585
46585 5854 115793
42997 117115 127412
117115 42997 127412
127412 42997 117115
48366 26625 47398
47398 26625 48366
26625 47398 48366
102142 43471 111222
43471 102142 111222
111222 43471 102142
86561 122540 147631
122540 86561 147631
147631 86561 122540
77159 29577 42554
29577 42554 77159
42554 29577 77159
81740 76352 127973
76352 81740 127973
127973 76352 81740
123241 17324 98083
17324 98083 123241
98083 17324 123241
86926 80412 110771
110771 80412 86926
80412 86926 110771
74541 79116 138889
79116 74541 138889
138889 74541 79116
25003 41922 139488
139488 25003 41922
41922 25003 139488
66960 54185 56653
54185 56653 66960
56653 54185 66960
97119 23956 137550
23956 97119 137550
137550 23956 97119
146282 63469 141846
141846 63469 146282
63469 141846 146282
109734 16532 21398
21398 16532 109734
16532 21398 109734
76170 38801 49531
49531 38801 76170
38801 49531 76170
62766 52960 139009
52960 62766 139009
139009 52960 62766
14337 38894 86663
38894 14337 86663
86663 14337 38894
68312 39497 59960
39497 59960 68312
59960 39497 68312
20159 40868 105347
105347 20159 40868
40868 20159 105347
21867 26604 54099
54099 21867 26604
26604 21867 54099
35553 96556 116414
116414 35553 96556
96556 35553 116414
516 68888 117706
117706 516 68888
68888 516 117706
76722 3288 85821
85821 3288 76722
3288 76722 85821
80908 62190 115517
62190 80908 115517
115517 62190 80908
32606 101999 112220
101999 32606 112220
112220 32606 101999
48853 4553 136792
4553 48853 136792
136792 4553 48853
134799 4722 122425
122425 4722 134799
4722 122425 134799
13403 82177 109111
109111 13403 82177
82177 13403 109111
120204 33745 86150
86150 33745 120204
33745 86150 120204
41881 30346 81885
30346 41881 81885
81885 30346 41881
149037 42049 108585
108585 42049 149037
42049 108585 149037
69462 16907 59334
59334 16907 69462
16907 59334 69462
92542 128425 147773
147773 92542 128425
128425 92542 147773
7473 101474 142832
101474 7473 142832
142832 7473 101474
76258 51333 135799
135799 51333 76258
51333 76258 135799
128333 116659 120948
120948 116659 128333
116659 120948 128333
117010 65651 123078
123078 65651 117010
65651 117010 123078
28250 80718 110811
110811 28250 80718
80718 28250 110811
60337 73840 94245
94245 60337 73840
73840 60337 94245
15136 32332 140218
140218 15136 32332
32332 15136 140218
110103 61260 72017
72017 61260 110103
61260 72017 110103
35632 34028 149796
34028 35632 149796
149796 34028 35632
68103 3487 90391
3487 68103 90391
90391 3487 68103
124559 58674 141033
141033 58674 124559
58674 124559 141033
39357 19535 127886
19535 39357 127886
127886 19535 39357
142690 64640 108787
108787 64640 142690
64640 108787 142690
13690 52899 131766
131766 13690 52899
52899 13690 131766
109401 86406 105499
86406 105499 109401
105499 86406 109401
12736 56316 106047
106047 12736 56316
56316 12736 106047
13736 111796 134260
111796 13736 134260
134260 13736 111796
32245 65231 138133
65231 32245 138133
138133 32245 65231
129554 104066 109330
109330 104066 129554
104066 109330 129554
92783 100964 144718
100964 92783 144718
144718 92783 100964
140512 19970 47057
19970 47057 140512
47057 19970 140512
28897 64945 134906
64945 28897 134906
134906 28897 64945
46693 107927 139913
139913 46693 107927
107927 46693 139913
142555 20061 37089
20061 37089 142555
37089 20061 142555
89480 28493 94956
28493 89480 94956
94956 28493 89480
127795 48777 53843
48777 53843 127795
53843 48777 127795
65961 29175 125501
29175 65961 125501
125501 29175 65961
78068 48012 86039
86039 48012 78068
48012 78068 86039
30369 47447 82590
47447 30369 82590
82590 30369 47447
90871 6528 121084
121084 6528 90871
6528 90871 121084
56500 21291 61261
21291 56500 61261
61261 21291 56500
13072 61028 80797
80797 13072 61028
61028 13072 80797
72605 58964 149976
58964 72605 149976
149976 58964 72605
1651 47220 114861
114861 1651 47220
47220 1651 114861
55194 93132 111356
93132 55194 111356
111356 55194 93132
114609 111489 112203
112203 111489 114609
111489 112203 114609
59492 5199 56274
56274 5199 59492
5199 56274 59492
96248 17501 46207
46207 17501 96248
17501 46207 96248
4320 40574 104966
104966 4320 40574
40574 4320 104966
128695 4387 31119
4387 31119 128695
31119 4387 128695
136025 74411 140057
74411 136025 140057
140057 74411 136025
129357 21978 113420
113420 21978 129357
21978 113420 129357
143693 91438 130153
130153 91438 143693
91438 130153 143693
89192 35216 101610
35216 89192 101610
101610 35216 89192
66216 24078 52390
52390 24078 66216
24078 52390 66216
131710 18834 27354
18834 27354 131710
27354 18834 131710
9834 41886 141665
41886 9834 141665
141665 9834 41886
55099 11666 62629
11666 55099 62629
62629 11666 55099
142346 35091 134931
35091 134931 142346
134931 35091 142346
66031 92155 116185
92155 66031 116185
116185 66031 92155
130545 27512 75184
27512 75184 130545
75184 27512 130545
19548 21826 137342
21826 19548 137342
137342 19548 21826
79032 98625 130523
98625 79032 130523
130523 79032 98625
144325 25319 149323
25319 144325 149323
149323 25319 144325
92960 15143 79395
79395 15143 92960
15143 79395 92960
46202 41175 144376
41175 46202 144376
144376 41175 46202
57978 11517 137864
137864 11517 57978
11517 57978 137864
86348 20317 67712
20317 67712 86348
67712 20317 86348
70620 92784 142043
92784 70620 142043
142043 70620 92784
148527 46288 59469
59469 46288 148527
46288 59469 148527
110080 18737 92880
92880 18737 110080
18737 92880 110080
17737 2044 102385
2044 17737 102385
102385 2044 17737
147326 108800 128814
108800 128814 147326
128814 108800 147326
91856 26353 45605
26353 45605 91856
45605 26353 91856
121295 38339 99750
99750 38339 121295
38339 99750 121295
58443 68428 79643
68428 58443 79643
79643 58443 68428
85538 68920 101174
101174 68920 85538
68920 85538 101174
106674 16773 19367
16773 19367 106674
19367 16773 106674
51152 21188 141041
141041 21188 51152
21188 51152 141041
123697 31710 64620
31710 64620 123697
64620 31710 123697
121897 88583 146268
88583 121897 146268
146268 88583 121897
96547 34782 140222
140222 34782 96547
34782 96547 140222
14735 84696 135936
84696 14735 135936
135936 14735 84696
133856 29147 66205
66205 29147 133856
29147 66205 133856
69724 15555 120320
15555 69724 120320
120320 15555 69724
101038 87383 90533
87383 90533 101038
90533 87383 101038
138754 35591 43287
35591 43287 138754
43287 35591 138754
136153 21615 139946
21615 136153 139946
139946 21615 136153
18522 3964 20182
3964 18522 20182
20182 3964 18522
8566 94831 136923
94831 8566 136923
136923 8566 94831
147937 74092 145024
145024 74092 147937
74092 145024 147937
136415 64933 92199
64933 92199 136415
92199 64933 136415
124362 102018 124335
102018 124335 124362
124335 102018 124362
122605 21522 48842
21522 48842 122605
48842 21522 122605
117439 133229 144889
144889 117439 133229
133229 117439 144889
32207 79161 115733
115733 32207 79161
79161 32207 115733
87535 6418 66652
66652 6418 87535
6418 66652 87535
77436 34745 61747
61747 34745 77436
34745 61747 77436
110654 7302 98355
7302 98355 110654
98355 7302 110654
86948 107393 146331
146331 86948 107393
107393 86948 146331
144741 99901 148009
148009 99901 144741
99901 144741 148009
76875 27831 85292
27831 76875 85292
85292 27831 76875
128586 118423 119821
118423 119821 128586
119821 118423 128586
16435 98922 141559
98922 16435 141559
141559 16435 98922
100435 18754 125058
18754 100435 125058
125058 18754 100435
37391 35957 123642
35957 37391 123642
123642 35957 37391
103915 40622 65894
65894 40622 103915
40622 65894 103915
117045 78273 129278
129278 78273 117045
78273 117045 129278
1238 49709 78873
49709 1238 78873
78873 1238 49709
47295 16242 20421
16242 20421 47295
20421 16242 47295
21388 67594 120067
120067 21388 67594
67594 21388 120067
33774 52451 86992
86992 33774 52451
52451 33774 86992
53401 28854 91563
28854 53401 91563
91563 28854 53401
35712 51043 113312
113312 35712 51043
51043 35712 113312
45693 123391 138084
123391 45693 138084
138084 45693 123391
97915 12622 24807
12622 24807 97915
24807 12622 97915
19774 45767 99385
99385 19774 45767
45767 19774 99385
39168 90356 113897
113897 39168 90356
90356 39168 113897
59451 31752 145122
31752 59451 145122
145122 31752 59451
68872 9253 60657
9253 60657 68872
60657 9253 68872
7724 6152 45278
6152 7724 45278
45278 6152 7724
144930 92212 117324
92212 117324 144930
117324 92212 144930
35923 17657 22895
22895 17657 35923
17657 22895 35923
116551 56971 138636
138636 56971 116551
56971 116551 138636
147234 83246 114412
83246 114412 147234
114412 83246 147234
55552 60453 80486
80486 55552 60453
60453 55552 80486
87736 12598 102345
12598 87736 102345
102345 12598 87736
110125 13577 37751
13577 37751 110125
37751 13577 110125
47144 24373 142274
142274 24373 47144
24373 47144 142274
78791 96055 106680
106680 78791 96055
96055 78791 106680
7828 48317 65272
65272 7828 48317
48317 7828 65272
22431 16558 23721
16558 22431 23721
23721 16558 22431
6460 35148 47183
47183 6460 35148
35148 6460 47183
2002 91430 94830
94830 2002 91430
91430 2002 94830
3570 14637 109335
109335 3570 14637
14637 3570 109335
64331 50921 56636
56636 50921 64331
50921 56636 64331
15741 24410 112111
24410 15741 112111
112111 15741 24410
109091 98995 103027
98995 103027 109091
103027 98995 109091
122827 122142 140932
122142 122827 140932
140932 122142 122827
26068 113898 119729
113898 26068 119729
119729 26068 113898
116400 80991 83369
83369 80991 116400
80991 83369 116400
133752 25944 42000
25944 42000 133752
42000 25944 133752
143640 23456 148734
23456 143640 148734
148734 23456 143640
61811 116660 120442
116660 61811 120442
120442 61811 116660
69910 30357 139690
30357 69910 139690
139690 30357 69910
146116 44190 90140
44190 90140 146116
90140 44190 146116
123702 489 13742
489 13742 123702
13742 489 123702
64255 41278 149082
41278 64255 149082
149082 41278 64255
107986 66956 145939
145939 66956 107986
66956 107986 145939
132213 59298 81555
81555 59298 132213
59298 81555 132213
124452 22647 63781
22647 63781 124452
63781 22647 124452
117140 32964 124278
