317 1391 1437
1437 317 1391
1391 317 1437
968 575 956
956 575 968
575 956 968
158 432 791
432 158 791
791 158 432
1046 421 686
686 421 1046
421 686 1046
1192 17 994
17 994 1192
994 17 1192
237 832 1194
832 237 1194
1194 237 832
1316 49 1107
1107 49 1316
49 1107 1316
156 1162 1348
1162 156 1348
1348 156 1162
163 1457 1479
1457 163 1479
1479 163 1457
1424 565 1031
1031 565 1424
565 1031 1424
1142 407 1253
407 1142 1253
1253 407 1142
1327 77 153
77 153 1327
153 77 1327
1201 912 1167
1167 912 1201
912 1167 1201
1446 1066 1475
1475 1066 1446
1066 1446 1475
1444 392 1466
1466 392 1444
392 1444 1466
601 923 1337
923 601 1337
1337 601 923
1134 90 1205
90 1134 1205
1205 90 1134
489 925 976
976 489 925
925 489 976
44 52 961
52 44 961
961 44 52
1408 441 881
881 441 1408
441 881 1408
72 654 1103
1103 72 654
654 72 1103
917 384 1109
1109 384 917
384 917 1109
1117 825 970
825 970 1117
970 825 1117
176 529 717
529 176 717
717 176 529
375 331 1295
331 375 1295
1295 331 375
827 192 1224
192 827 1224
1224 192 827
328 37 599
599 37 328
37 328 599
151 195 986
986 151 195
195 151 986
273 359 824
824 273 359
359 273 824
311 372 1389
1389 311 372
372 311 1389
354 247 450
450 247 354
247 354 450
579 244 1260
244 579 1260
1260 244 579
1067 720 870
720 870 1067
870 720 1067
138 1245 1393
1393 138 1245
1245 138 1393
1189 715 1470
1470 715 1189
715 1189 1470
314 1180 1288
1288 314 1180
1180 314 1288
50 79 1276
79 50 1276
1276 50 79
1062 39 1365
1365 39 1062
39 1062 1365
1396 130 1268
1268 130 1396
130 1268 1396
836 326 1290
326 836 1290
1290 326 836
945 771 1454
771 945 1454
1454 771 945
458 987 1468
1468 458 987
987 458 1468
291 582 985
985 291 582
582 291 985
67 1068 1266
1266 67 1068
1068 67 1266
1212 120 1349
1349 120 1212
120 1212 1349
568 198 1235
1235 198 568
198 568 1235
62 133 360
133 62 360
360 62 133
61 545 1332
1332 61 545
545 61 1332
1197 190 347
190 347 1197
347 190 1197
278 508 1375
1375 278 508
508 278 1375
89 749 1183
749 89 1183
1183 89 749
1383 626 1237
1237 626 1383
626 1237 1383
634 251 1135
251 634 1135
1135 251 634
1453 833 1122
833 1122 1453
1122 833 1453
555 507 1345
1345 507 555
507 555 1345
667 485 694
694 485 667
485 667 694
713 639 758
758 639 713
639 713 758
223 424 728
424 223 728
728 223 424
1141 154 490
154 490 1141
490 154 1141
1090 462 525
462 525 1090
525 462 1090
902 495 606
606 495 902
495 606 902
548 1257 1404
1404 548 1257
1257 548 1404
1160 309 404
309 404 1160
404 309 1160
993 483 737
483 737 993
737 483 993
240 183 1488
183 240 1488
1488 183 240
1156 540 1146
540 1146 1156
1146 540 1156
117 429 1481
1481 117 429
429 117 1481
1331 1084 1095
1084 1095 1331
1095 1084 1331
724 157 1092
157 724 1092
1092 157 724
337 210 653
210 337 653
653 210 337
15 370 1047
370 15 1047
1047 15 370
1239 65 844
65 844 1239
844 65 1239
1009 204 1358
204 1009 1358
1358 204 1009
1342 516 652
516 652 1342
652 516 1342
1163 253 514
253 514 1163
514 253 1163
1403 1035 1387
1387 1035 1403
1035 1387 1403
719 10 1136
10 719 1136
1136 10 719
693 423 608
423 608 693
608 423 693
951 38 66
38 66 951
66 38 951
651 660 1286
660 651 1286
1286 651 660
954 121 803
121 803 954
803 121 954
366 705 1113
705 366 1113
1113 366 705
796 356 395
356 395 796
395 356 796
494 602 957
602 494 957
957 494 602
1374 775 1250
775 1250 1374
1250 775 1374
1080 208 581
208 581 1080
581 208 1080
1274 280 1089
1089 280 1274
280 1089 1274
63 700 937
700 63 937
937 63 700
1145 585 947
947 585 1145
585 947 1145
748 1208 1461
1461 748 1208
1208 748 1461
1472 30 1417
1417 30 1472
30 1417 1472
1252 1207 1215
1207 1215 1252
1215 1207 1252
967 258 1241
1241 258 967
258 967 1241
1234 615 621
615 621 1234
621 615 1234
71 288 531
288 71 531
531 71 288
1058 440 1322
1322 440 1058
440 1058 1322
596 318 335
335 318 596
318 335 596
959 1198 1353
1353 959 1198
1198 959 1353
1486 81 612
81 612 1486
612 81 1486
1258 1071 1401
1071 1258 1401
1401 1071 1258
379 146 662
146 379 662
662 146 379
663 1063 1428
1063 663 1428
1428 663 1063
603 76 725
76 603 725
725 76 603
310 338 649
649 310 338
338 310 649
438 624 834
834 438 624
624 438 834
918 116 1025
116 918 1025
1025 116 918
470 1293 1395
1293 470 1395
1395 470 1293
334 592 1006
1006 334 592
592 334 1006
1364 229 971
229 971 1364
971 229 1364
938 876 1379
876 938 1379
1379 876 938
160 227 1285
227 160 1285
1285 160 227
1392 478 1373
1373 478 1392
478 1373 1392
107 64 1216
1216 64 107
64 107 1216
246 194 779
194 246 779
779 194 246
1473 869 1343
1343 869 1473
869 1343 1473
799 105 877
877 105 799
105 799 877
413 409 1130
1130 409 413
409 413 1130
889 132 1158
132 889 1158
1158 132 889
910 126 1329
1329 126 910
126 910 1329
875 958 996
996 875 958
958 875 996
990 718 1054
718 990 1054
1054 718 990
566 212 641
212 566 641
641 212 566
268 294 1469
294 268 1469
1469 268 294
498 343 853
853 343 498
343 498 853
969 336 628
336 628 969
628 336 969
24 206 1425
1425 24 206
206 24 1425
1297 168 1415
1415 168 1297
168 1297 1415
1477 979 1038
1038 979 1477
979 1038 1477
1191 464 487
487 464 1191
464 487 1191
1262 777 909
909 777 1262
777 909 1262
1280 391 1175
1175 391 1280
391 1175 1280
1240 474 574
574 474 1240
474 574 1240
1200 812 886
886 812 1200
812 886 1200
249 74 1187
74 249 1187
1187 74 249
371 894 1328
1328 371 894
894 371 1328
248 675 1463
675 248 1463
1463 248 675
804 283 1233
283 804 1233
1233 283 804
1323 742 859
742 859 1323
859 742 1323
236 607 1321
607 236 1321
1321 236 607
774 1204 1313
1313 774 1204
1204 774 1313
524 560 1042
1042 524 560
560 524 1042
714 1081 1126
1126 714 1081
1081 714 1126
12 390 1218
1218 12 390
390 12 1218
943 304 486
486 304 943
304 486 943
1096 234 1230
234 1096 1230
1230 234 1096
501 467 1150
467 501 1150
1150 467 501
702 40 465
465 40 702
40 465 702
1041 446 618
446 618 1041
618 446 1041
34 11 1385
11 34 1385
1385 11 34
741 115 1243
1243 115 741
115 741 1243
1099 315 1008
1008 315 1099
315 1008 1099
789 181 999
181 789 999
999 181 789
398 1271 1499
1271 398 1499
1499 398 1271
488 27 482
27 482 488
482 27 488
1116 25 1105
25 1105 1116
1105 25 1116
226 878 1341
1341 226 878
878 226 1341
1351 814 1021
814 1021 1351
1021 814 1351
906 981 1292
1292 906 981
981 906 1292
1159 766 795
795 766 1159
766 795 1159
721 644 855
855 644 721
644 721 855
1 583 860
860 1 583
583 1 860
513 671 982
982 513 671
671 513 982
480 271 1125
1125 271 480
271 480 1125
1282 173 1221
173 1221 1282
1221 173 1282
55 7 448
7 55 448
448 7 55
733 830 1399
1399 733 830
830 733 1399
185 533 1270
1270 185 533
533 185 1270
831 340 1278
1278 340 831
340 831 1278
1442 542 595
542 595 1442
595 542 1442
1120 473 604
473 604 1120
604 473 1120
85 113 322
322 85 113
113 85 322
783 558 1299
1299 558 783
558 783 1299
270 256 778
256 270 778
778 256 270
762 573 1422
1422 573 762
573 762 1422
1347 865 1339
1339 865 1347
865 1339 1347
854 934 1287
1287 854 934
934 854 1287
179 1002 1325
1325 179 1002
1002 179 1325
1023 678 1034
1034 678 1023
678 1023 1034
1033 1064 1445
1064 1033 1445
1445 1033 1064
1303 633 1495
633 1303 1495
1495 633 1303
1161 415 820
415 820 1161
820 415 1161
1441 900 1315
1315 900 1441
900 1315 1441
1269 316 590
316 590 1269
590 316 1269
711 532 1427
1427 532 711
532 711 1427
454 42 765
765 42 454
42 454 765
929 638 1027
638 929 1027
1027 638 929
537 367 753
367 537 753
753 367 537
1020 75 127
127 75 1020
75 127 1020
365 776 883
776 365 883
883 365 776
1484 36 380
36 380 1484
380 36 1484
447 690 1079
1079 447 690
690 447 1079
997 220 1259
220 997 1259
1259 220 997
768 245 1108
1108 245 768
245 768 1108
706 233 614
233 614 706
614 233 706
142 593 977
593 142 977
977 142 593
617 611 1082
611 617 1082
1082 611 617
231 396 520
520 231 396
396 231 520
974 388 978
978 388 974
388 974 978
476 534 1220
1220 476 534
534 476 1220
637 1119 1311
1119 637 1311
1311 637 1119
80 763 866
763 80 866
866 80 763
364 841 1464
841 364 1464
1464 364 841
919 265 655
655 265 919
265 655 919
449 299 1265
299 449 1265
1265 299 449
899 665 1291
665 899 1291
1291 665 899
739 386 472
472 386 739
386 472 739
324 561 747
747 324 561
561 324 747
1410 128 530
128 530 1410
530 128 1410
320 636 1350
1350 320 636
636 320 1350
26 471 1438
471 26 1438
1438 26 471
272 594 1409
594 272 1409
1409 272 594
1137 683 790
683 790 1137
790 683 1137
431 576 1302
1302 431 576
576 431 1302
31 358 1465
1465 31 358
358 31 1465
243 931 1101
1101 243 931
931 243 1101
1182 456 457
457 456 1182
456 457 1182
1185 267 1249
267 1185 1249
1249 267 1185
1029 536 807
807 536 1029
536 807 1029
787 674 1310
674 787 1310
1310 674 787
1362 605 1184
1184 605 1362
605 1184 1362
262 677 1165
1165 262 677
677 262 1165
1335 164 512
512 164 1335
164 512 1335
1361 669 1369
669 1361 1369
1369 669 1361
751 147 916
916 147 751
147 751 916
149 631 1104
1104 149 631
631 149 1104
284 689 750
750 284 689
689 284 750
856 708 772
708 772 856
772 708 856
657 496 586
496 586 657
586 496 657
481 745 884
884 481 745
745 481 884
232 1024 1043
1043 232 1024
1024 232 1043
97 564 914
914 97 564
564 97 914
857 125 966
125 857 966
966 125 857
1044 419 1144
419 1044 1144
1144 419 1044
225 898 1301
1301 225 898
898 225 1301
1450 940 1317
1317 940 1450
940 1317 1450
1214 159 1061
1061 159 1214
159 1061 1214
1272 383 1319
383 1272 1319
1319 383 1272
701 389 980
980 389 701
389 701 980
461 345 1476
345 461 1476
1476 345 461
83 399 1065
399 83 1065
1065 83 399
1384 1199 1246
1246 1199 1384
1199 1246 1384
1106 730 1010
730 1010 1106
1010 730 1106
808 86 1305
1305 86 808
86 808 1305
296 625 1173
1173 296 625
625 296 1173
788 308 1069
1069 308 788
308 788 1069
400 402 1202
1202 400 402
402 400 1202
94 172 1487
172 94 1487
1487 94 172
219 1048 1420
1048 219 1420
1420 219 1048
551 1000 1440
1440 551 1000
1000 551 1440
882 577 1154
1154 577 882
577 882 1154
166 944 1378
1378 166 944
944 166 1378
769 78 140
140 78 769
78 140 769
1255 118 1155
118 1155 1255
1155 118 1255
687 527 1414
527 687 1414
1414 527 687
137 535 1176
1176 137 535
535 137 1176
887 33 736
736 33 887
33 736 887
623 230 1419
230 623 1419
1419 230 623
817 839 991
991 817 839
839 817 991
1112 20 904
20 904 1112
904 20 1112
1478 1320 1405
1405 1320 1478
1320 1405 1478
941 218 688
688 218 941
218 688 941
984 823 1045
1045 823 984
823 984 1045
696 98 1354
98 696 1354
1354 98 696
1462 274 411
411 274 1462
274 411 1462
332 197 1217
197 332 1217
1217 197 332
656 14 784
784 14 656
14 656 784
342 92 681
92 342 681
681 92 342
782 672 949
672 782 949
949 672 782
806 422 492
492 422 806
422 492 806
901 405 1228
405 901 1228
1228 405 901
203 70 1433
1433 70 203
70 203 1433
738 54 1432
1432 54 738
54 738 1432
1407 559 793
559 793 1407
793 559 1407
1400 515 1129
515 1129 1400
1129 515 1400
554 543 1360
1360 543 554
543 554 1360
692 165 1431
165 692 1431
1431 165 692
305 1114 1418
1114 305 1418
1418 305 1114
1304 1174 1263
1174 1263 1304
1263 1174 1304
1370 385 863
385 863 1370
863 385 1370
760 174 1338
1338 174 760
174 760 1338
809 569 1070
1070 569 809
569 809 1070
408 333 666
666 333 408
333 408 666
1168 872 1166
872 1166 1168
1166 872 1168
1210 948 1087
948 1087 1210
1087 948 1210
350 761 1483
761 350 1483
1483 350 761
746 393 826
826 393 746
393 746 826
1074 59 1018
59 1018 1074
1018 59 1074
550 191 351
191 351 550
351 191 550
729 781 1411
1411 729 781
781 729 1411
443 58 1376
58 443 1376
1376 58 443
161 357 430
357 161 430
430 161 357
647 106 477
106 477 647
477 106 647
1060 1458 1500
1500 1060 1458
1458 1060 1500
177 629 1171
629 177 1171
1171 177 629
8 648 1363
648 8 1363
1363 8 648
201 679 818
818 201 679
679 201 818
908 539 780
539 780 908
780 539 908
355 135 303
135 303 355
303 135 355
759 410 1309
410 759 1309
1309 410 759
1004 239 1019
1019 239 1004
239 1004 1019
936 136 1377
136 936 1377
1377 136 936
444 277 1086
277 444 1086
1086 277 444
794 526 572
572 526 794
526 572 794
260 764 1494
764 260 1494
1494 260 764
122 109 1072
1072 109 122
109 122 1072
847 952 1330
952 847 1330
1330 847 952
373 376 890
890 373 376
376 373 890
281 16 1085
1085 16 281
16 281 1085
1283 29 123
123 29 1283
29 123 1283
51 1030 1264
1030 51 1264
1264 51 1030
1298 428 1439
428 1298 1439
1439 428 1298
1346 858 1227
858 1227 1346
1227 858 1346
1334 23 124
23 124 1334
124 23 1334
1057 28 1314
28 1057 1314
1314 28 1057
960 926 1190
1190 926 960
926 960 1190
851 1028 1050
1028 851 1050
1050 851 1028
553 250 1498
250 553 1498
1498 250 553
451 4 1371
4 451 1371
1371 4 451
752 416 1448
1448 416 752
416 752 1448
189 13 1247
1247 13 189
13 189 1247
580 502 802
502 580 802
802 502 580
148 845 850
845 148 850
850 148 845
1368 170 646
646 170 1368
170 646 1368
99 369 1397
1397 99 369
369 99 1397
1053 279 695
695 279 1053
279 695 1053
1213 506 1188
1188 506 1213
506 1188 1213
998 110 1254
1254 110 998
110 998 1254
175 319 864
319 175 864
864 175 319
171 301 1036
1036 171 301
301 171 1036
846 785 922
785 846 922
922 785 846
1124 242 1179
242 1124 1179
1179 242 1124
368 921 962
962 368 921
921 368 962
188 21 1111
21 188 1111
1111 21 188
819 255 735
735 255 819
255 735 819
767 307 327
327 307 767
307 327 767
1318 2 1434
2 1318 1434
1434 2 1318
329 497 680
497 329 680
680 329 497
1357 459 1091
1091 459 1357
459 1091 1357
18 43 1449
1449 18 43
43 18 1449
1493 207 640
207 640 1493
640 207 1493
1231 843 963
963 843 1231
843 963 1231
609 100 1452
1452 100 609
100 609 1452
885 1186 1426
1186 885 1426
1426 885 1186
290 955 1367
1367 290 955
955 290 1367
199 73 924
73 199 924
924 73 199
1127 1236 1261
1261 1127 1236
1236 1127 1261
1123 445 1459
445 1123 1459
1459 445 1123
403 96 1219
1219 96 403
96 403 1219
1131 571 892
571 892 1131
892 571 1131
1040 879 972
879 972 1040
972 879 1040
1324 698 891
698 891 1324
891 698 1324
224 167 811
811 167 224
167 224 811
1169 491 1094
491 1094 1169
1094 491 1169
131 547 1153
1153 131 547
547 131 1153
661 756 1157
756 661 1157
1157 661 756
1430 93 942
93 942 1430
942 93 1430
1226 169 1147
1147 169 1226
169 1147 1226
587 522 1195
522 587 1195
1195 522 587
101 835 1005
1005 101 835
835 101 1005
619 53 670
670 53 619
53 619 670
591 815 1326
1326 591 815
815 591 1326
111 214 1496
1496 111 214
214 111 1496
152 710 1003
1003 152 710
710 152 1003
139 1443 1485
1485 139 1443
1443 139 1485
427 84 1306
1306 84 427
84 427 1306
1381 658 1467
1467 658 1381
658 1381 1467
313 178 1289
178 313 1289
1289 178 313
180 252 939
939 180 252
252 180 939
406 184 1177
1177 184 406
184 406 1177
642 202 469
202 469 642
469 202 642
632 773 786
773 632 786
786 632 773
933 104 1238
1238 104 933
104 933 1238
1149 1248 1423
1248 1149 1423
1423 1149 1248
920 46 1098
46 920 1098
1098 46 920
455 716 1242
1242 455 716
716 455 1242
353 87 1001
87 353 1001
1001 87 353
6 261 1014
1014 6 261
261 6 1014
816 682 1372
682 816 1372
1372 682 816
266 263 523
263 266 523
523 263 266
1229 352 1102
1102 352 1229
352 1102 1229
743 597 630
630 597 743
597 630 743
620 417 821
417 620 821
821 417 620
676 344 503
503 344 676
344 503 676
1277 103 141
103 141 1277
141 103 1277
1460 182 1232
182 1232 1460
1232 182 1460
377 1051 1352
1051 377 1352
1352 377 1051
235 510 897
510 235 897
897 235 510
1206 414 798
414 798 1206
798 414 1206
874 589 880
880 589 874
589 874 880
1011 973 1296
973 1011 1296
1296 973 1011
709 813 907
813 709 907
907 709 813
563 935 1121
935 563 1121
1121 563 935
1244 205 1059
1059 205 1244
205 1059 1244
1209 269 932
269 932 1209
932 269 1209
726 297 1037
297 726 1037
1037 297 726
1402 1128 1138
1138 1128 1402
1128 1138 1402
32 95 610
95 32 610
610 32 95
1355 433 1012
1012 433 1355
433 1012 1355
493 436 570
436 493 570
570 436 493
1118 295 1421
1421 295 1118
295 1118 1421
47 792 989
792 47 989
989 47 792
805 339 930
930 339 805
339 805 930
200 552 712
712 200 552
552 200 712
363 346 412
346 363 412
412 346 363
285 45 1492
45 285 1492
1492 45 285
567 145 475
145 475 567
475 145 567
928 401 1076
401 928 1076
1076 401 928
1148 68 732
732 68 1148
68 732 1148
155 1032 1482
1032 155 1482
1482 155 1032
254 289 822
822 254 289
289 254 822
112 754 1052
754 112 1052
1052 112 754
1312 193 361
193 361 1312
361 193 1312
1388 1416 1447
1416 1388 1447
1447 1388 1416
1075 588 964
964 588 1075
588 964 1075
484 479 517
517 479 484
479 484 517
1196 215 704
704 215 1196
215 704 1196
840 129 292
129 292 840
292 129 840
1143 330 1456
1456 330 1143
330 1143 1456
1100 241 463
241 463 1100
463 241 1100
627 134 362
362 134 627
134 362 627
186 209 264
264 186 209
209 186 264
757 546 643
546 643 757
643 546 757
1225 439 1193
439 1193 1225
1193 439 1225
1181 1110 1222
1110 1181 1222
1222 1110 1181
1093 1055 1436
1436 1055 1093
1055 1093 1436
144 511 842
511 144 842
842 144 511
903 731 1088
1088 731 903
731 903 1088
556 659 800
800 556 659
659 556 800
119 196 549
549 119 196
196 119 549
9 868 1497
868 9 1497
1497 9 868
1017 837 1455
1455 837 1017
837 1017 1455
5 434 975
434 5 975
975 5 434
965 306 557
306 557 965
557 306 965
1151 867 1077
867 1077 1151
1077 867 1151
1340 1049 1344
1049 1340 1344
1344 1049 1340
500 734 953
734 500 953
953 500 734
82 950 1300
950 82 1300
1300 82 950
286 437 616
437 286 616
616 286 437
699 691 722
722 691 699
691 699 722
1333 35 1406
35 1333 1406
1406 35 1333
740 613 685
685 613 740
613 685 740
852 211 468
211 468 852
468 211 852
452 41 1390
41 452 1390
1390 41 452
259 293 645
645 259 293
293 259 645
1039 538 1015
538 1015 1039
1015 538 1039
499 228 466
466 228 499
228 466 499
848 382 915
915 382 848
382 848 915
1366 387 1451
1451 387 1366
387 1366 1451
562 684 1336
684 562 1336
1336 562 684
707 838 1203
1203 707 838
838 707 1203
1489 150 873
150 873 1489
873 150 1489
1026 1281 1474
1281 1026 1474
1474 1026 1281
1078 257 810
257 810 1078
810 257 1078
1284 418 519
519 418 1284
418 519 1284
1491 213 1097
213 1097 1491
1097 213 1491
1398 378 673
673 378 1398
378 673 1398
394 1164 1172
1164 394 1172
1172 394 1164
221 829 861
829 221 861
861 221 829
381 460 862
460 381 862
862 381 460
1211 60 1386
1386 60 1211
60 1211 1386
1356 298 992
992 298 1356
298 992 1356
988 442 505
505 442 988
442 505 988
849 521 703
521 703 849
703 521 849
600 321 348
321 348 600
348 321 600
1140 238 518
238 518 1140
518 238 1140
650 287 1275
287 650 1275
1275 287 650
325 1256 1429
1429 325 1256
1256 325 1429
1007 1022 1480
1480 1007 1022
1022 1007 1480
723 1294 1308
1308 723 1294
1294 723 1308
871 57 828
57 828 871
828 57 871
913 323 1223
1223 323 913
323 913 1223
435 893 1132
1132 435 893
893 435 1132
275 114 1178
114 275 1178
1178 114 275
541 374 1115
374 541 1115
1115 374 541
143 102 888
102 143 888
888 102 143
397 664 755
755 397 664
664 397 755
1139 276 426
426 276 1139
276 426 1139
697 509 598
598 509 697
509 598 697
22 222 1382
1382 22 222
222 22 1382
896 3 56
56 3 896
3 56 896
19 770 1273
1273 19 770
770 19 1273
905 88 1073
1073 88 905
88 905 1073
217 635 1083
1083 217 635
635 217 1083
349 1170 1394
1394 349 1170
1170 349 1394
1413 341 1380
1380 341 1413
341 1380 1413
1307 48 584
584 48 1307
48 584 1307
69 727 1056
1056 69 727
727 69 1056
995 425 622
622 425 995
425 622 995
1013 282 946
946 282 1013
282 946 1013
1267 187 911
911 187 1267
187 911 1267
895 797 1412
797 895 1412
1412 797 895
1016 108 1471
1471 108 1016
108 1016 1471
668 216 927
927 216 668
216 668 927
1359 300 1435
300 1359 1435
1435 300 1359
578 504 1133
504 578 1133
1133 504 578
528 91 1251
1251 91 528
91 528 1251
801 1152 1279
1152 801 1279
1279 801 1152
302 162 1490
1490 162 302
162 302 1490
312 453 544
544 312 453
453 312 544
983 420 744
420 744 983
744 420 983
