56154 33974 138322
138322 33974 56154
33974 56154 138322
42590 8196 96028
96028 8196 42590
8196 42590 96028
133353 91772 137688
91772 133353 137688
137688 91772 133353
81413 30575 122872
30575 81413 122872
122872 30575 81413
63090 3096 95402
95402 3096 63090
3096 63090 95402
129263 5335 63482
5335 63482 129263
63482 5335 129263
35957 67 43850
67 35957 43850
43850 67 35957
44642 97627 128838
128838 44642 97627
97627 44642 128838
47346 48807 149610
149610 47346 48807
48807 47346 149610
14125 58106 139581
58106 14125 139581
139581 14125 58106
146936 8245 23316
23316 8245 146936
8245 23316 146936
92820 81901 109206
81901 92820 109206
109206 81901 92820
48798 42736 71862
42736 48798 71862
71862 42736 48798
17802 68650 98065
98065 17802 68650
68650 17802 98065
77118 3241 31334
3241 31334 77118
31334 3241 77118
146679 112701 138720
138720 112701 146679
112701 138720 146679
101294 51708 118403
51708 101294 118403
118403 51708 101294
35154 100011 107025
107025 35154 100011
100011 35154 107025
47644 1547 114482
1547 47644 114482
114482 1547 47644
21386 31609 55983
31609 21386 55983
55983 21386 31609
118607 108582 130650
130650 108582 118607
108582 118607 130650
127605 69914 103309
103309 69914 127605
69914 103309 127605
99569 6363 47407
47407 6363 99569
6363 47407 99569
5668 1743 81395
1743 5668 81395
81395 1743 5668
33641 32800 110125
32800 33641 110125
110125 32800 33641
46100 18996 101022
18996 46100 101022
101022 18996 46100
39615 4466 85647
4466 39615 85647
85647 4466 39615
11652 58502 67831
58502 11652 67831
67831 11652 58502
144420 7028 145307
7028 144420 145307
145307 7028 144420
46527 49123 106392
49123 46527 106392
106392 46527 49123
3351 55560 88402
88402 3351 55560
55560 3351 88402
43742 40684 45489
40684 43742 45489
45489 40684 43742
27888 69154 142915
69154 27888 142915
142915 27888 69154
84564 17251 130756
130756 17251 84564
17251 84564 130756
20914 61754 119359
61754 20914 119359
119359 20914 61754
29511 45388 65141
45388 29511 65141
65141 29511 45388
101635 17507 111680
17507 101635 111680
111680 17507 101635
73878 16934 20478
20478 16934 73878
16934 20478 73878
94193 109718 146800
109718 94193 146800
146800 94193 109718
7431 43233 106069
106069 7431 43233
43233 7431 106069
25286 5089 71822
71822 5089 25286
5089 25286 71822
123437 35608 117775
35608 117775 123437
117775 35608 123437
77312 98143 118304
118304 77312 98143
98143 77312 118304
50284 98890 128964
128964 50284 98890
98890 50284 128964
98901 37858 59021
37858 59021 98901
59021 37858 98901
129962 61405 104058
104058 61405 129962
61405 104058 129962
7718 27673 97927
97927 7718 27673
27673 7718 97927
88038 58256 94770
94770 58256 88038
58256 88038 94770
145308 82558 115756
115756 82558 145308
82558 115756 145308
28799 8343 72716
8343 28799 72716
72716 8343 28799
56217 27976 135999
135999 27976 56217
27976 56217 135999
101541 54161 130310
130310 54161 101541
54161 101541 130310
14718 53184 69272
69272 14718 53184
53184 14718 69272
51783 79156 126092
79156 51783 126092
126092 51783 79156
33166 51498 148770
148770 33166 51498
51498 33166 148770
40508 46734 138314
138314 40508 46734
46734 40508 138314
117454 64635 67001
64635 67001 117454
67001 64635 117454
122163 7174 60767
60767 7174 122163
7174 60767 122163
103296 50636 83148
83148 50636 103296
50636 83148 103296
11366 94671 135385
135385 11366 94671
94671 11366 135385
49219 102949 149318
102949 49219 149318
149318 49219 102949
74871 16280 55312
55312 16280 74871
16280 55312 74871
111168 54938 87663
54938 87663 111168
87663 54938 111168
86992 47 5307
47 5307 86992
5307 47 86992
67330 16906 135532
16906 67330 135532
135532 16906 67330
107718 107036 129368
107036 107718 129368
129368 107036 107718
82553 110192 130949
110192 82553 130949
130949 82553 110192
22231 80650 139347
139347 22231 80650
80650 22231 139347
103842 96503 140619
96503 103842 140619
140619 96503 103842
119573 4699 149761
149761 4699 119573
4699 119573 149761
23319 61983 81949
81949 23319 61983
61983 23319 81949
85208 65261 147624
147624 65261 85208
65261 85208 147624
137249 28116 139949
139949 28116 137249
28116 137249 139949
56784 76693 116066
76693 56784 116066
116066 56784 76693
103514 31537 33037
33037 31537 103514
31537 33037 103514
123431 27844 131609
27844 123431 131609
131609 27844 123431
71101 30464 92921
30464 71101 92921
92921 30464 71101
93702 48839 119197
119197 48839 93702
48839 93702 119197
135499 58180 131197
58180 131197 135499
131197 58180 135499
11208 95440 103919
95440 11208 103919
103919 11208 95440
145839 102107 134412
102107 134412 145839
134412 102107 145839
146223 23602 116533
116533 23602 146223
23602 116533 146223
63148 142228 144865
142228 63148 144865
144865 63148 142228
25480 37682 108562
108562 25480 37682
37682 25480 108562
89721 56279 66600
56279 66600 89721
66600 56279 89721
149034 37325 66189
66189 37325 149034
37325 66189 149034
129483 81575 118213
118213 81575 129483
81575 118213 129483
16745 43363 106226
43363 16745 106226
106226 16745 43363
136261 5100 32017
32017 5100 136261
5100 32017 136261
120127 45544 131972
131972 45544 120127
45544 120127 131972
116393 74918 88763
74918 88763 116393
88763 74918 116393
2392 50599 67449
67449 2392 50599
50599 2392 67449
105924 4906 89891
4906 89891 105924
89891 4906 105924
131252 82964 94390
94390 82964 131252
82964 94390 131252
15982 6033 121837
121837 6033 15982
6033 15982 121837
149993 115896 126950
126950 115896 149993
115896 126950 149993
127646 75987 95370
95370 75987 127646
75987 95370 127646
69297 12466 23483
23483 12466 69297
12466 23483 69297
133439 29002 61735
29002 61735 133439
61735 29002 133439
63149 56640 109714
109714 56640 63149
56640 63149 109714
115348 88589 138230
138230 88589 115348
88589 115348 138230
92936 40345 80891
80891 40345 92936
40345 80891 92936
131303 4420 127271
4420 127271 131303
127271 4420 131303
77148 85430 104189
104189 77148 85430
85430 77148 104189
47831 60489 143262
60489 47831 143262
143262 47831 60489
42276 92669 113378
113378 42276 92669
92669 42276 113378
79372 49309 136957
136957 49309 79372
49309 79372 136957
88073 1873 66404
66404 1873 88073
1873 66404 88073
105699 16599 124642
16599 105699 124642
124642 16599 105699
48084 43235 143019
143019 43235 48084
43235 48084 143019
10444 72414 87237
72414 10444 87237
87237 10444 72414
108964 70673 142686
142686 70673 108964
70673 108964 142686
80916 60137 115077
60137 80916 115077
115077 60137 80916
129721 105738 132293
105738 129721 132293
132293 105738 129721
133421 23174 84602
23174 84602 133421
84602 23174 133421
97225 129402 142029
142029 97225 129402
129402 97225 142029
1288 108109 145619
108109 1288 145619
145619 1288 108109
111904 120568 132319
132319 111904 120568
120568 111904 132319
66258 11389 27979
11389 27979 66258
27979 11389 66258
59760 3606 7310
7310 3606 59760
3606 7310 59760
49508 68909 149465
68909 49508 149465
149465 49508 68909
77537 13948 75973
75973 13948 77537
13948 75973 77537
104996 13160 18827
13160 18827 104996
18827 13160 104996
104038 126780 143096
126780 104038 143096
143096 104038 126780
13593 64485 113373
64485 13593 113373
113373 13593 64485
122722 102823 139071
102823 122722 139071
139071 102823 122722
61795 24372 83452
83452 24372 61795
24372 61795 83452
121750 95549 106922
106922 95549 121750
95549 106922 121750
88765 39901 57724
39901 57724 88765
57724 39901 88765
51580 38235 128658
128658 38235 51580
38235 51580 128658
145008 68609 137479
68609 137479 145008
137479 68609 145008
99601 15936 77516
15936 77516 99601
77516 15936 99601
144873 44494 62108
44494 62108 144873
62108 44494 144873
56720 45401 73591
45401 56720 73591
73591 45401 56720
51854 16422 46102
16422 46102 51854
46102 16422 51854
76526 5918 20452
5918 20452 76526
20452 5918 76526
139594 37748 55357
55357 37748 139594
37748 55357 139594
82705 35771 140379
140379 35771 82705
35771 82705 140379
118379 888 66192
888 66192 118379
66192 888 118379
23645 91646 95828
91646 23645 95828
95828 23645 91646
60981 9235 69805
69805 9235 60981
9235 60981 69805
118537 49893 146392
146392 49893 118537
49893 118537 146392
114023 28195 81659
81659 28195 114023
28195 81659 114023
84249 32784 133221
133221 32784 84249
32784 84249 133221
82302 64625 70814
70814 64625 82302
64625 70814 82302
28283 18266 74225
18266 28283 74225
74225 18266 28283
143905 5225 144349
5225 143905 144349
144349 5225 143905
75668 5083 20063
5083 20063 75668
20063 5083 75668
80212 3726 115758
115758 3726 80212
3726 80212 115758
44016 109933 113137
113137 44016 109933
109933 44016 113137
92946 9349 67716
67716 9349 92946
9349 67716 92946
58460 7067 112975
7067 58460 112975
112975 7067 58460
117262 59231 86631
86631 59231 117262
59231 86631 117262
115875 48641 124201
48641 115875 124201
124201 48641 115875
59151 4013 116537
116537 4013 59151
4013 59151 116537
49126 26358 107229
107229 26358 49126
26358 49126 107229
54628 27895 35422
27895 35422 54628
35422 27895 54628
112267 4479 79277
4479 79277 112267
79277 4479 112267
98400 11993 63180
63180 11993 98400
11993 63180 98400
98776 72264 86844
72264 86844 98776
86844 72264 98776
17276 49372 68699
49372 17276 68699
68699 17276 49372
133778 101011 116892
101011 116892 133778
116892 101011 133778
123525 94589 107023
94589 107023 123525
107023 94589 123525
113454 639 104023
639 104023 113454
104023 639 113454
146096 3970 38962
3970 38962 146096
38962 3970 146096
85242 15146 91235
91235 15146 85242
15146 85242 91235
125111 10552 115707
10552 115707 125111
115707 10552 125111
141777 57040 146924
57040 141777 146924
146924 57040 141777
89905 68409 101432
68409 89905 101432
101432 68409 89905
132905 2916 62842
2916 62842 132905
62842 2916 132905
98331 117785 122851
122851 98331 117785
117785 98331 122851
20669 48996 96206
96206 20669 48996
48996 20669 96206
31592 27860 81286
27860 31592 81286
81286 27860 31592
41433 28967 58074
58074 28967 41433
28967 41433 58074
125248 21561 58482
58482 21561 125248
21561 58482 125248
87730 85667 104502
104502 85667 87730
85667 87730 104502
129795 83301 147616
83301 129795 147616
147616 83301 129795
108152 11610 26960
11610 26960 108152
26960 11610 108152
28379 61184 84059
84059 28379 61184
61184 28379 84059
111147 58768 86971
58768 86971 111147
86971 58768 111147
135239 73612 142018
73612 135239 142018
142018 73612 135239
76942 4677 82521
82521 4677 76942
4677 76942 82521
61171 51601 128322
51601 61171 128322
128322 51601 61171
114973 14754 137748
137748 14754 114973
14754 114973 137748
101623 63093 125925
125925 63093 101623
63093 101623 125925
93795 77348 147702
147702 77348 93795
77348 93795 147702
79189 82779 108253
108253 79189 82779
82779 79189 108253
52080 8933 146685
146685 8933 52080
8933 52080 146685
17349 8872 114347
8872 17349 114347
114347 8872 17349
7110 73685 108018
73685 7110 108018
108018 7110 73685
21572 39527 110204
39527 21572 110204
110204 21572 39527
62315 32671 146273
32671 62315 146273
146273 32671 62315
22250 73450 130969
73450 22250 130969
130969 22250 73450
140139 55922 82719
55922 82719 140139
82719 55922 140139
90583 13372 109655
109655 13372 90583
13372 90583 109655
72323 2460 11566
11566 2460 72323
2460 11566 72323
118685 143617 145027
145027 118685 143617
143617 118685 145027
12239 8298 27771
27771 8298 12239
8298 12239 27771
137213 8229 9444
9444 8229 137213
8229 9444 137213
124107 46951 94157
94157 46951 124107
46951 94157 124107
85050 17269 52000
17269 52000 85050
52000 17269 85050
22391 65930 96290
96290 22391 65930
65930 22391 96290
89299 119966 148245
148245 89299 119966
119966 89299 148245
91940 54756 90402
90402 54756 91940
54756 90402 91940
27057 34181 101866
101866 27057 34181
34181 27057 101866
111036 20322 135488
20322 111036 135488
135488 20322 111036
95333 59860 142358
59860 95333 142358
142358 59860 95333
125398 44574 129335
44574 125398 129335
129335 44574 125398
59876 54803 59699
54803 59699 59876
59699 54803 59876
5682 38224 130359
38224 5682 130359
130359 5682 38224
102970 123866 127873
127873 102970 123866
123866 102970 127873
58930 10709 35545
35545 10709 58930
10709 35545 58930
47027 19465 55944
19465 47027 55944
55944 19465 47027
79672 15072 19341
19341 15072 79672
15072 19341 79672
128438 94854 147081
94854 128438 147081
147081 94854 128438
78506 41235 99570
41235 78506 99570
99570 41235 78506
2139 1707 82544
82544 1707 2139
1707 2139 82544
11185 82089 95682
95682 11185 82089
82089 11185 95682
76738 11263 67893
67893 11263 76738
11263 67893 76738
102007 125755 135207
135207 102007 125755
125755 102007 135207
12415 42517 117104
42517 12415 117104
117104 12415 42517
87380 52733 115052
115052 52733 87380
52733 87380 115052
60027 70933 136618
136618 60027 70933
70933 60027 136618
95591 3956 14031
14031 3956 95591
3956 14031 95591
124632 90367 130438
130438 90367 124632
90367 124632 130438
21578 59013 75587
59013 21578 75587
75587 21578 59013
46412 40445 138206
138206 40445 46412
40445 46412 138206
16748 82285 120606
120606 16748 82285
82285 16748 120606
58301 25237 127026
25237 58301 127026
127026 25237 58301
41301 90727 108761
108761 41301 90727
90727 41301 108761
115125 28526 102694
28526 102694 115125
102694 28526 115125
139696 46848 148544
46848 139696 148544
148544 46848 139696
147467 18986 129735
129735 18986 147467
18986 129735 147467
52194 18052 149055
18052 52194 149055
149055 18052 52194
69234 66179 74208
66179 69234 74208
74208 66179 69234
79638 84766 113376
113376 79638 84766
84766 79638 113376
76858 64322 107414
107414 64322 76858
64322 76858 107414
43292 91283 139226
91283 43292 139226
139226 43292 91283
40760 60168 88394
88394 40760 60168
60168 40760 88394
114573 58924 138078
58924 114573 138078
138078 58924 114573
58881 58852 130473
58852 58881 130473
130473 58852 58881
71437 109625 149481
109625 71437 149481
149481 71437 109625
122874 4235 74960
74960 4235 122874
4235 74960 122874
65652 9048 25966
9048 25966 65652
25966 9048 65652
116203 81246 138968
138968 81246 116203
81246 116203 138968
79217 1851 56031
56031 1851 79217
1851 56031 79217
19764 26435 77017
26435 19764 77017
77017 19764 26435
60101 58120 144957
58120 60101 144957
144957 58120 60101
4460 10863 142265
10863 4460 142265
142265 4460 10863
73199 5636 53346
53346 5636 73199
5636 53346 73199
32230 123888 144268
144268 32230 123888
123888 32230 144268
50633 10105 28704
10105 28704 50633
28704 10105 50633
83546 62806 88289
62806 83546 88289
88289 62806 83546
95383 48509 72180
48509 72180 95383
72180 48509 95383
2193 77705 104713
77705 2193 104713
104713 2193 77705
133175 49400 58897
49400 58897 133175
58897 49400 133175
129002 34502 38796
38796 34502 129002
34502 38796 129002
83587 95381 145970
145970 83587 95381
95381 83587 145970
77679 94220 131928
131928 77679 94220
94220 77679 131928
85584 4812 117610
4812 85584 117610
117610 4812 85584
50391 115145 136222
136222 50391 115145
115145 50391 136222
84737 87930 132811
87930 84737 132811
132811 84737 87930
22226 24161 96998
24161 22226 96998
96998 22226 24161
65448 48967 106352
48967 65448 106352
106352 48967 65448
107773 4686 61252
61252 4686 107773
4686 61252 107773
74617 19910 31131
31131 19910 74617
19910 31131 74617
92432 42610 135639
42610 92432 135639
135639 42610 92432
141939 61644 97256
61644 97256 141939
97256 61644 141939
78738 98177 108389
98177 78738 108389
108389 78738 98177
51448 9798 49144
9798 49144 51448
49144 9798 51448
100930 11313 126479
11313 100930 126479
126479 11313 100930
140852 59613 104270
59613 104270 140852
104270 59613 140852
69165 45884 82203
82203 45884 69165
45884 69165 82203
28018 40665 45029
40665 28018 45029
45029 28018 40665
72204 56127 70031
70031 56127 72204
56127 70031 72204
20162 37954 114822
114822 20162 37954
37954 20162 114822
78868 93078 148068
148068 78868 93078
93078 78868 148068
29677 19326 128195
128195 19326 29677
19326 29677 128195
3542 19792 80180
80180 3542 19792
19792 3542 80180
9483 54176 86523
86523 9483 54176
54176 9483 86523
133902 49637 49681
49681 49637 133902
49637 49681 133902
118134 17111 26624
17111 26624 118134
26624 17111 118134
51683 51024 149228
149228 51024 51683
51024 51683 149228
37023 35248 122746
35248 37023 122746
122746 35248 37023
85143 2159 14187
2159 14187 85143
14187 2159 85143
21160 21318 117251
21318 21160 117251
117251 21160 21318
133437 121145 134511
134511 121145 133437
121145 133437 134511
58945 93098 98387
93098 58945 98387
98387 58945 93098
31687 26638 46445
26638 31687 46445
46445 26638 31687
132280 22864 25176
22864 25176 132280
25176 22864 132280
20772 56010 99334
56010 20772 99334
99334 20772 56010
106734 51842 97810
51842 97810 106734
97810 51842 106734
11111 121988 141409
121988 11111 141409
141409 11111 121988
135212 51976 76848
76848 51976 135212
51976 76848 135212
138053 54460 70526
70526 54460 138053
54460 70526 138053
94099 52977 60119
52977 60119 94099
60119 52977 94099
60994 61062 149732
149732 60994 61062
61062 60994 149732
89439 62683 89178
62683 89178 89439
89178 62683 89439
145897 25063 65589
25063 65589 145897
65589 25063 145897
18158 36603 105126
36603 18158 105126
105126 18158 36603
6256 3260 11064
11064 3260 6256
3260 6256 11064
42521 5618 70718
5618 42521 70718
70718 5618 42521
36786 77060 148697
148697 36786 77060
77060 36786 148697
32602 58415 123334
58415 32602 123334
123334 32602 58415
103385 13700 113179
113179 13700 103385
13700 103385 113179
146965 15927 65706
65706 15927 146965
15927 65706 146965
121597 40762 65228
40762 65228 121597
65228 40762 121597
135356 48836 58729
48836 58729 135356
58729 48836 135356
76351 26400 147364
26400 76351 147364
147364 26400 76351
32170 43264 104086
104086 32170 43264
43264 32170 104086
1519 19765 35871
35871 1519 19765
19765 1519 35871
142223 106065 127952
106065 127952 142223
127952 106065 142223
64420 61288 98765
98765 61288 64420
61288 64420 98765
9467 54937 81972
81972 9467 54937
54937 9467 81972
101062 117068 139990
117068 101062 139990
139990 101062 117068
144043 54154 111762
54154 111762 144043
111762 54154 144043
12865 109963 126086
109963 12865 126086
126086 12865 109963
107677 49690 58506
49690 58506 107677
58506 49690 107677
12704 15139 111988
15139 12704 111988
111988 12704 15139
70519 87113 123783
123783 70519 87113
87113 70519 123783
98495 60622 132795
132795 60622 98495
60622 98495 132795
36190 14396 104159
104159 14396 36190
14396 36190 104159
144988 37706 89962
37706 89962 144988
89962 37706 144988
148136 67632 114082
114082 67632 148136
67632 114082 148136
128163 81088 120845
120845 81088 128163
81088 120845 128163
149079 30158 98841
98841 30158 149079
30158 98841 149079
15075 121868 141341
141341 15075 121868
121868 15075 141341
25971 59376 143710
143710 25971 59376
59376 25971 143710
128914 112499 128785
128785 112499 128914
112499 128785 128914
140667 36991 124762
124762 36991 140667
36991 124762 140667
34266 90419 125403
90419 34266 125403
125403 34266 90419
95807 92200 129602
92200 95807 129602
129602 92200 95807
66177 79037 110765
79037 66177 110765
110765 66177 79037
3018 3160 86388
3160 3018 86388
86388 3018 3160
132859 43163 115100
115100 43163 132859
43163 115100 132859
102259 266 101478
101478 266 102259
266 101478 102259
34045 1005 147411
147411 1005 34045
1005 34045 147411
92788 4241 87539
4241 87539 92788
87539 4241 92788
145696 14418 108148
14418 108148 145696
108148 14418 145696
131918 116901 119129
116901 119129 131918
119129 116901 131918
95622 90670 127140
127140 90670 95622
90670 95622 127140
42729 21839 41404
21839 41404 42729
41404 21839 42729
97343 21013 45694
21013 45694 97343
45694 21013 97343
113023 18523 51926
18523 51926 113023
51926 18523 113023
147780 109001 139542
109001 139542 147780
139542 109001 147780
97370 21205 52212
52212 21205 97370
21205 52212 97370
6513 57316 67153
57316 6513 67153
67153 6513 57316
128695 57651 121262
121262 57651 128695
57651 121262 128695
54593 41285 114389
41285 54593 114389
114389 41285 54593
55365 33762 109245
33762 55365 109245
109245 33762 55365
65208 68769 81272
81272 65208 68769
68769 65208 81272
81289 85912 123649
123649 81289 85912
85912 81289 123649
49872 87526 129367
129367 49872 87526
87526 49872 129367
32200 50639 80542
50639 32200 80542
80542 32200 50639
135298 103425 137009
103425 135298 137009
137009 103425 135298
42766 39706 50806
50806 39706 42766
39706 42766 50806
112421 6522 27031
6522 27031 112421
27031 6522 112421
109570 120215 128514
128514 109570 120215
120215 109570 128514
120165 25531 57813
57813 25531 120165
25531 57813 120165
111252 109475 115362
109475 111252 115362
115362 109475 111252
96601 76437 137524
76437 96601 137524
137524 76437 96601
17751 19307 53854
19307 17751 53854
53854 17751 19307
135993 83300 141308
141308 83300 135993
83300 135993 141308
86881 47873 69394
69394 47873 86881
47873 69394 86881
13580 21381 107983
21381 13580 107983
107983 13580 21381
91818 2671 94102
94102 2671 91818
2671 91818 94102
73315 48116 144875
48116 73315 144875
144875 48116 73315
118307 135310 138199
135310 118307 138199
138199 118307 135310
3993 12768 40524
12768 3993 40524
40524 3993 12768
140566 56671 100976
56671 100976 140566
100976 56671 140566
112199 76807 131923
131923 76807 112199
76807 112199 131923
13909 66082 133388
66082 13909 133388
133388 13909 66082
77377 83178 118619
118619 77377 83178
83178 77377 118619
104016 23810 82211
23810 82211 104016
82211 23810 104016
18379 41298 143631
41298 18379 143631
143631 18379 41298
106420 102338 123907
123907 102338 106420
102338 106420 123907
56399 48177 95553
95553 48177 56399
48177 56399 95553
51985 72917 113871
113871 51985 72917
72917 51985 113871
105368 114522 144148
114522 105368 144148
144148 105368 114522
73121 29797 71465
71465 29797 73121
29797 71465 73121
49292 129298 147785
129298 49292 147785
147785 49292 129298
132423 38471 43261
43261 38471 132423
38471 43261 132423
139271 57744 103908
103908 57744 139271
57744 103908 139271
24533 21119 118035
21119 24533 118035
118035 21119 24533
46853 12656 111341
12656 46853 111341
111341 12656 46853
41275 98217 143816
143816 41275 98217
98217 41275 143816
69908 109768 138184
109768 69908 138184
138184 69908 109768
48607 27962 125490
27962 48607 125490
125490 27962 48607
26437 64379 125746
125746 26437 64379
64379 26437 125746
73715 5155 79547
79547 5155 73715
5155 73715 79547
100419 12713 32532
12713 32532 100419
32532 12713 100419
89317 92 2402
92 2402 89317
2402 92 89317
52696 26451 47114
47114 26451 52696
26451 47114 52696
949 125714 140188
140188 949 125714
125714 949 140188
50264 907 53365
907 50264 53365
53365 907 50264
8602 129310 144042
144042 8602 129310
129310 8602 144042
92223 63997 139553
139553 63997 92223
63997 92223 139553
147928 112171 120095
112171 120095 147928
120095 112171 147928
143487 108575 127255
127255 108575 143487
108575 127255 143487
61028 114029 126165
114029 61028 126165
126165 61028 114029
93467 67399 73463
67399 73463 93467
73463 67399 93467
141739 9902 135756
9902 135756 141739
135756 9902 141739
106276 39358 90464
90464 39358 106276
39358 90464 106276
130110 33688 134169
134169 33688 130110
33688 130110 134169
143564 3750 12623
12623 3750 143564
3750 12623 143564
74521 54179 124818
54179 74521 124818
124818 54179 74521
6605 38956 60304
38956 6605 60304
60304 6605 38956
130235 18156 147649
147649 18156 130235
18156 130235 147649
13356 2436 111213
2436 13356 111213
111213 2436 13356
140007 59468 147873
147873 59468 140007
59468 140007 147873
56823 7111 9687
7111 9687 56823
9687 7111 56823
57211 65136 87273
65136 57211 87273
87273 57211 65136
125203 121073 143775
143775 121073 125203
121073 125203 143775
102600 37171 144834
144834 37171 102600
37171 102600 144834
142446 76623 114052
114052 76623 142446
76623 114052 142446
145945 79467 148391
148391 79467 145945
79467 145945 148391
76204 19801 135850
135850 19801 76204
19801 76204 135850
63017 106691 121408
121408 63017 106691
106691 63017 121408
124000 54233 141921
54233 124000 141921
141921 54233 124000
56208 20794 69412
69412 20794 56208
20794 56208 69412
125634 30534 136928
30534 125634 136928
136928 30534 125634
76840 127003 141386
127003 76840 141386
141386 76840 127003
125292 68513 145152
68513 125292 145152
145152 68513 125292
144132 5894 37718
37718 5894 144132
5894 37718 144132
4771 12327 62637
62637 4771 12327
12327 4771 62637
2981 130285 135479
135479 2981 130285
130285 2981 135479
133455 8478 74421
8478 74421 133455
74421 8478 133455
147315 38395 64787
38395 64787 147315
64787 38395 147315
57553 77489 109105
77489 57553 109105
109105 57553 77489
147393 46548 116587
116587 46548 147393
46548 116587 147393
39980 93234 141030
141030 39980 93234
93234 39980 141030
146326 44076 61889
61889 44076 146326
44076 61889 146326
3838 71425 109756
71425 3838 109756
109756 3838 71425
75509 13046 112071
13046 75509 112071
112071 13046 75509
27948 63137 102065
102065 27948 63137
63137 27948 102065
28191 52743 102934
52743 28191 102934
102934 28191 52743
133031 19420 113626
113626 19420 133031
19420 113626 133031
138600 22719 32363
32363 22719 138600
22719 32363 138600
82118 35805 51553
35805 51553 82118
51553 35805 82118
21986 42688 103849
42688 21986 103849
103849 21986 42688
11414 10611 149167
149167 10611 11414
10611 11414 149167
18003 90034 91482
90034 18003 91482
91482 18003 90034
90225 23951 105980
23951 90225 105980
105980 23951 90225
16609 3305 8890
8890 3305 16609
3305 8890 16609
375 41132 54197
41132 375 54197
54197 375 41132
56415 42570 130234
42570 56415 130234
130234 42570 56415
10298 38835 66316
66316 10298 38835
38835 10298 66316
101125 2823 83737
83737 2823 101125
2823 83737 101125
18313 30875 43822
43822 18313 30875
30875 18313 43822
118712 8750 128915
128915 8750 118712
8750 118712 128915
76948 44632 109959
44632 76948 109959
109959 44632 76948
16213 59518 146608
59518 16213 146608
146608 16213 59518
82851 114800 117676
114800 82851 117676
117676 82851 114800
51399 34618 94184
94184 34618 51399
34618 51399 94184
90400 68884 98714
98714 68884 90400
68884 90400 98714
50041 1501 91795
1501 50041 91795
91795 1501 50041
98617 8566 104681
8566 98617 104681
104681 8566 98617
76688 63757 112269
112269 63757 76688
63757 76688 112269
24274 66248 139737
66248 24274 139737
139737 24274 66248
102971 5214 105314
5214 102971 105314
105314 5214 102971
70752 70699 120998
70699 70752 120998
120998 70699 70752
10567 51512 111089
111089 10567 51512
51512 10567 111089
54730 4497 122263
4497 54730 122263
122263 4497 54730
80378 62702 141755
62702 80378 141755
141755 62702 80378
63198 27565 30271
27565 30271 63198
30271 27565 63198
14395 77278 98388
98388 14395 77278
77278 14395 98388
14183 29576 59867
29576 14183 59867
59867 14183 29576
20576 117851 148700
117851 20576 148700
148700 20576 117851
104838 3580 50448
50448 3580 104838
3580 50448 104838
139868 84478 89564
84478 89564 139868
89564 84478 139868
114795 39748 88393
39748 88393 114795
88393 39748 114795
68239 33129 120511
33129 68239 120511
120511 33129 68239
149089 35907 70695
35907 70695 149089
70695 35907 149089
99450 9811 12912
12912 9811 99450
9811 12912 99450
65628 51794 82493
51794 65628 82493
82493 51794 65628
129884 75517 135733
75517 129884 135733
135733 75517 129884
13643 101149 123089
101149 13643 123089
123089 13643 101149
108531 34797 39711
39711 34797 108531
34797 39711 108531
105159 49190 100878
49190 100878 105159
100878 49190 105159
134208 103918 106785
103918 106785 134208
106785 103918 134208
144576 16585 102779
102779 16585 144576
16585 102779 144576
130201 15961 146248
146248 15961 130201
15961 130201 146248
87319 81249 115358
81249 87319 115358
115358 81249 87319
42056 15921 75308
75308 15921 42056
15921 42056 75308
11243 79 117016
117016 79 11243
79 11243 117016
45695 115799 146708
146708 45695 115799
115799 45695 146708
125737 69800 127960
69800 125737 127960
127960 69800 125737
79026 12742 29875
12742 29875 79026
29875 12742 79026
94879 7475 53201
7475 53201 94879
53201 7475 94879
113202 53930 119517
53930 113202 119517
119517 53930 113202
118291 62167 77933
77933 62167 118291
62167 77933 118291
37738 55641 137180
55641 37738 137180
137180 37738 55641
15383 83897 112633
83897 15383 112633
112633 15383 83897
126363 35759 40904
35759 40904 126363
40904 35759 126363
116339 25434 96834
96834 25434 116339
25434 96834 116339
4211 91123 100834
91123 4211 100834
100834 4211 91123
100190 45470 100928
100928 45470 100190
45470 100190 100928
20768 131624 134073
134073 20768 131624
131624 20768 134073
114546 40282 52702
52702 40282 114546
40282 52702 114546
139003 40036 55585
40036 55585 139003
55585 40036 139003
91339 13932 20644
13932 20644 91339
20644 13932 91339
113939 35155 128923
35155 113939 128923
128923 35155 113939
114993 14199 26136
14199 26136 114993
26136 14199 114993
61095 61782 77182
77182 61095 61782
61782 61095 77182
35512 4972 109251
109251 4972 35512
4972 35512 109251
138145 29812 78010
78010 29812 138145
29812 78010 138145
62708 11284 112962
112962 11284 62708
11284 62708 112962
4807 560 58274
560 4807 58274
58274 560 4807
85109 96370 146515
96370 85109 146515
146515 85109 96370
15295 27671 34645
34645 15295 27671
27671 15295 34645
95112 73506 76538
73506 76538 95112
76538 73506 95112
76660 109796 121815
109796 76660 121815
121815 76660 109796
145549 19072 71886
19072 71886 145549
71886 19072 145549
41064 9345 88628
9345 41064 88628
88628 9345 41064
32313 13214 83199
83199 13214 32313
13214 32313 83199
147967 55828 117571
117571 55828 147967
55828 117571 147967
45458 30952 38137
30952 38137 45458
38137 30952 45458
61013 106145 137056
106145 61013 137056
137056 61013 106145
106940 3407 141629
141629 3407 106940
3407 106940 141629
56753 120450 144698
120450 56753 144698
144698 56753 120450
101010 35139 35799
35799 35139 101010
35139 35799 101010
141741 41405 83551
41405 83551 141741
83551 41405 141741
102771 108392 134358
134358 102771 108392
108392 102771 134358
129818 10332 100927
100927 10332 129818
10332 100927 129818
145456 33514 113326
33514 113326 145456
113326 33514 145456
145188 119952 147720
147720 119952 145188
119952 145188 147720
17553 17471 86731
86731 17471 17553
17471 17553 86731
80904 122652 139153
122652 80904 139153
139153 80904 122652
97380 69436 123963
123963 69436 97380
69436 97380 123963
28803 90696 148603
148603 28803 90696
90696 28803 148603
10002 3164 133003
3164 10002 133003
133003 3164 10002
35990 8042 103582
8042 35990 103582
103582 8042 35990
42478 93790 109138
109138 42478 93790
93790 42478 109138
50990 3013 114219
114219 3013 50990
3013 50990 114219
42357 103181 119616
119616 42357 103181
103181 42357 119616
113257 71864 79219
71864 79219 113257
79219 71864 113257
92321 64576 83755
64576 83755 92321
83755 64576 92321
90729 86118 88246
88246 86118 90729
86118 88246 90729
117958 161 121462
121462 161 117958
161 117958 121462
49829 3061 14943
3061 14943 49829
14943 3061 49829
90715 92326 95986
92326 90715 95986
95986 90715 92326
41776 54317 82267
82267 41776 54317
54317 41776 82267
23518 103737 136122
136122 23518 103737
103737 23518 136122
14741 35340 54398
35340 14741 54398
54398 14741 35340
149979 47058 94619
94619 47058 149979
47058 94619 149979
87351 46135 106196
46135 87351 106196
106196 46135 87351
144487 94956 102468
102468 94956 144487
94956 102468 144487
28533 268 147065
268 28533 147065
147065 268 28533
138726 117444 126507
126507 117444 138726
117444 126507 138726
63996 40978 63343
63343 40978 63996
40978 63343 63996
45711 53618 110245
110245 45711 53618
53618 45711 110245
122307 36286 117864
117864 36286 122307
36286 117864 122307
61386 3010 107955
107955 3010 61386
3010 61386 107955
111552 45269 86510
86510 45269 111552
45269 86510 111552
119028 93037 98415
93037 98415 119028
98415 93037 119028
74251 93678 100668
100668 74251 93678
93678 74251 100668
76751 75671 114265
75671 76751 114265
114265 75671 76751
68818 54477 102901
54477 68818 102901
102901 54477 68818
32875 8094 118365
8094 32875 118365
118365 8094 32875
40412 142920 146100
146100 40412 142920
142920 40412 146100
142591 48867 101409
101409 48867 142591
48867 101409 142591
92538 34675 123757
123757 34675 92538
34675 92538 123757
83753 4735 64900
4735 64900 83753
64900 4735 83753
94423 9004 28557
28557 9004 94423
9004 28557 94423
30574 19367 115846
19367 30574 115846
115846 19367 30574
123011 39203 73434
39203 73434 123011
73434 39203 123011
101349 89576 105380
89576 101349 105380
105380 89576 101349
86071 58810 79138
79138 58810 86071
58810 79138 86071
92986 36767 149688
36767 92986 149688
149688 36767 92986
11590 66401 110502
110502 11590 66401
66401 11590 110502
24145 88627 116708
88627 24145 116708
116708 24145 88627
28881 67355 113223
67355 28881 113223
113223 28881 67355
103523 115135 128509
128509 103523 115135
115135 103523 128509
49794 69440 76765
76765 49794 69440
69440 49794 76765
139212 59686 90382
90382 59686 139212
59686 90382 139212
33271 32362 49614
49614 32362 33271
32362 33271 49614
38829 20158 99315
99315 20158 38829
20158 38829 99315
25757 9206 51766
9206 25757 51766
51766 9206 25757
63279 104034 125359
104034 63279 125359
125359 63279 104034
58582 66978 75468
75468 58582 66978
66978 58582 75468
14351 3483 124088
3483 14351 124088
124088 3483 14351
90214 86482 126649
86482 90214 126649
126649 86482 90214
21994 66649 111170
66649 21994 111170
111170 21994 66649
34222 77440 108494
108494 34222 77440
77440 34222 108494
101113 53378 116935
53378 101113 116935
116935 53378 101113
132217 3163 12774
12774 3163 132217
3163 12774 132217
91832 81521 142320
81521 91832 142320
142320 81521 91832
38138 110884 121959
110884 38138 121959
121959 38138 110884
43398 118704 121241
121241 43398 118704
118704 43398 121241
45625 76102 88912
76102 45625 88912
88912 45625 76102
108222 33125 51636
51636 33125 108222
33125 51636 108222
23105 9174 84946
9174 23105 84946
84946 9174 23105
998 124936 136460
124936 998 136460
136460 998 124936
127954 72430 105837
105837 72430 127954
72430 105837 127954
121556 99498 103433
103433 99498 121556
99498 103433 121556
94039 52157 98746
98746 52157 94039
52157 94039 98746
60381 22447 40078
22447 40078 60381
40078 22447 60381
109130 18685 75758
18685 75758 109130
75758 18685 109130
58375 71523 104880
104880 58375 71523
71523 58375 104880
67603 59546 106773
59546 67603 106773
106773 59546 67603
5520 24864 104205
104205 5520 24864
24864 5520 104205
46087 80648 107775
80648 46087 107775
107775 46087 80648
79707 27134 53062
53062 27134 79707
27134 53062 79707
89523 3512 82264
82264 3512 89523
3512 82264 89523
137824 33958 66977
33958 66977 137824
66977 33958 137824
50475 45447 131882
45447 50475 131882
131882 45447 50475
108486 57650 125358
125358 57650 108486
57650 108486 125358
115804 59667 83908
59667 83908 115804
83908 59667 115804
63495 96493 119999
119999 63495 96493
96493 63495 119999
109071 104110 112861
112861 104110 109071
104110 109071 112861
73430 100265 102762
100265 73430 102762
102762 73430 100265
83595 64705 138393
138393 64705 83595
64705 83595 138393
103995 86969 99083
86969 99083 103995
99083 86969 103995
17559 3882 107349
3882 17559 107349
107349 3882 17559
51251 72818 107417
72818 51251 107417
107417 51251 72818
131806 92287 114618
92287 114618 131806
114618 92287 131806
43238 78797 132388
78797 43238 132388
132388 43238 78797
136798 18748 149076
149076 18748 136798
18748 136798 149076
109622 141664 145072
141664 109622 145072
145072 109622 141664
17207 3073 85200
3073 17207 85200
85200 3073 17207
72386 123735 131111
123735 72386 131111
131111 72386 123735
3691 88672 136380
136380 3691 88672
88672 3691 136380
36755 15232 47894
15232 36755 47894
47894 15232 36755
31478 66492 70725
70725 31478 66492
66492 31478 70725
133894 36825 64849
36825 64849 133894
64849 36825 133894
51536 21845 69320
21845 51536 69320
69320 21845 51536
54209 49006 139265
49006 54209 139265
139265 49006 54209
43960 66880 149916
149916 43960 66880
66880 43960 149916
124779 110361 131605
131605 110361 124779
110361 124779 131605
126861 62119 133220
62119 126861 133220
133220 62119 126861
96225 89262 146952
89262 96225 146952
146952 89262 96225
128352 5515 96977
5515 96977 128352
96977 5515 128352
84032 6287 133952
133952 6287 84032
6287 84032 133952
5094 50340 128346
50340 5094 128346
128346 5094 50340
74583 28809 104349
104349 28809 74583
28809 74583 104349
77171 83038 106456
106456 77171 83038
83038 77171 106456
111049 23477 33156
33156 23477 111049
23477 33156 111049
20531 24115 109094
24115 20531 109094
109094 20531 24115
120674 8029 87205
87205 8029 120674
8029 87205 120674
76265 27880 118577
27880 76265 118577
118577 27880 76265
123306 61593 82052
82052 61593 123306
61593 82052 123306
75680 79908 132733
79908 75680 132733
132733 75680 79908
101313 31263 146198
146198 31263 101313
31263 101313 146198
76459 14917 64536
64536 14917 76459
14917 64536 76459
22128 94136 108183
108183 22128 94136
94136 22128 108183
77424 45960 73308
73308 45960 77424
45960 73308 77424
113519 25913 79145
79145 25913 113519
25913 79145 113519
99232 119868 122156
119868 99232 122156
122156 99232 119868
75288 54684 55878
54684 55878 75288
55878 54684 75288
29899 115351 119329
119329 29899 115351
115351 29899 119329
77657 57975 77926
77926 57975 77657
57975 77657 77926
97957 43674 101058
101058 43674 97957
43674 97957 101058
41863 35096 38737
38737 35096 41863
35096 38737 41863
38221 58458 64581
64581 38221 58458
58458 38221 64581
98706 6519 74222
6519 74222 98706
74222 6519 98706
75067 8823 122411
8823 75067 122411
122411 8823 75067
135528 141901 145503
141901 135528 145503
145503 135528 141901
70492 5695 89202
89202 5695 70492
5695 70492 89202
35159 38681 91055
38681 35159 91055
91055 35159 38681
95368 63460 122675
63460 95368 122675
122675 63460 95368
32047 7867 149201
149201 7867 32047
7867 32047 149201
97765 29094 132571
132571 29094 97765
29094 97765 132571
57076 94526 132668
132668 57076 94526
94526 57076 132668
2432 19781 64225
64225 2432 19781
19781 2432 64225
81570 16736 50050
16736 50050 81570
50050 16736 81570
3531 81374 95283
95283 3531 81374
81374 3531 95283
133216 58039 100616
100616 58039 133216
58039 100616 133216
35126 35517 85664
85664 35126 35517
35517 35126 85664
100851 72741 143559
72741 100851 143559
143559 72741 100851
77596 34651 98454
98454 34651 77596
34651 77596 98454
12932 57508 129354
57508 12932 129354
129354 12932 57508
58473 34021 125863
34021 58473 125863
125863 34021 58473
56164 4318 114585
4318 56164 114585
114585 4318 56164
86430 7827 15323
