5778 4938 13025
13025 4938 5778
4938 5778 13025
12867 10189 14072
14072 10189 12867
10189 12867 14072
5380 1359 12212
12212 1359 5380
1359 5380 12212
9890 8293 8927
8293 8927 9890
8927 8293 9890
10165 5807 12710
12710 5807 10165
5807 10165 12710
3429 2565 9172
9172 2565 3429
2565 3429 9172
5068 7142 11810
11810 5068 7142
7142 5068 11810
4006 7640 8487
8487 4006 7640
7640 4006 8487
14122 1539 3851
3851 1539 14122
1539 3851 14122
5812 5371 5560
5371 5560 5812
5560 5371 5812
12757 9446 13255
13255 9446 12757
9446 12757 13255
14210 1480 10136
10136 1480 14210
1480 10136 14210
10449 7611 9246
7611 9246 10449
9246 7611 10449
7575 3993 6168
3993 6168 7575
6168 3993 7575
3257 3421 7690
7690 3257 3421
3421 3257 7690
12682 1078 12014
1078 12014 12682
12014 1078 12682
14248 7404 9732
9732 7404 14248
7404 9732 14248
2303 6090 13988
6090 2303 13988
13988 2303 6090
101 3333 3558
3333 101 3558
3558 101 3333
5791 2050 11654
2050 5791 11654
11654 2050 5791
4772 7614 10754
7614 4772 10754
10754 4772 7614
642 7343 9244
7343 642 9244
9244 642 7343
5258 882 974
882 974 5258
974 882 5258
4142 12558 12783
12783 4142 12558
12558 4142 12783
607 2177 4176
2177 607 4176
4176 607 2177
6028 4213 9431
9431 4213 6028
4213 6028 9431
11703 10328 12950
10328 11703 12950
12950 10328 11703
9214 3086 4279
3086 4279 9214
4279 3086 9214
1675 2656 6013
6013 1675 2656
2656 1675 6013
7314 3206 11844
3206 7314 11844
11844 3206 7314
8331 2877 6528
2877 6528 8331
6528 2877 8331
1731 5541 11210
11210 1731 5541
5541 1731 11210
5570 1860 3529
3529 1860 5570
1860 3529 5570
9314 5776 7991
7991 5776 9314
5776 7991 9314
5827 759 6746
759 5827 6746
6746 759 5827
14577 1561 6243
1561 6243 14577
6243 1561 14577
9035 1893 7116
7116 1893 9035
1893 7116 9035
5040 1087 10108
1087 5040 10108
10108 1087 5040
6867 2058 12366
12366 2058 6867
2058 6867 12366
8394 2620 6097
2620 6097 8394
6097 2620 8394
7493 922 9911
9911 922 7493
922 7493 9911
820 3942 11625
11625 820 3942
3942 820 11625
3209 8554 10836
8554 3209 10836
10836 3209 8554
506 2526 5265
5265 506 2526
2526 506 5265
6872 1332 13695
1332 6872 13695
13695 1332 6872
9116 2293 6392
6392 2293 9116
2293 6392 9116
2610 1268 12265
1268 2610 12265
12265 1268 2610
7642 5752 9550
5752 7642 9550
9550 5752 7642
7931 3436 3928
3436 3928 7931
3928 3436 7931
14338 2907 8673
8673 2907 14338
2907 8673 14338
11141 4934 11567
4934 11141 11567
11567 4934 11141
789 8576 14424
14424 789 8576
8576 789 14424
3869 1517 13633
13633 1517 3869
1517 3869 13633
2751 664 13268
664 2751 13268
13268 664 2751
2739 5475 14733
14733 2739 5475
5475 2739 14733
557 7038 12860
7038 557 12860
12860 557 7038
10399 4509 10455
10455 4509 10399
4509 10399 10455
7289 6935 6945
6935 6945 7289
6945 6935 7289
1638 4241 10357
4241 1638 10357
10357 1638 4241
418 1850 12037
1850 418 12037
12037 418 1850
1774 4322 6365
6365 1774 4322
4322 1774 6365
9138 1840 13081
13081 1840 9138
1840 9138 13081
2862 1984 7353
1984 2862 7353
7353 1984 2862
3855 4104 12275
12275 3855 4104
4104 3855 12275
1956 3474 7653
7653 1956 3474
3474 1956 7653
7893 5235 11854
5235 7893 11854
11854 5235 7893
479 1863 13235
13235 479 1863
1863 479 13235
13305 7302 12441
12441 7302 13305
7302 12441 13305
875 3001 7627
7627 875 3001
3001 875 7627
13953 6249 10633
10633 6249 13953
6249 10633 13953
7851 6238 8501
6238 7851 8501
8501 6238 7851
5330 8431 12978
8431 5330 12978
12978 5330 8431
4355 9710 14809
14809 4355 9710
9710 4355 14809
6599 7005 11874
11874 6599 7005
7005 6599 11874
6263 8945 11892
8945 6263 11892
11892 6263 8945
6964 4163 10042
10042 4163 6964
4163 6964 10042
10928 7646 8984
8984 7646 10928
7646 8984 10928
18 787 13232
787 18 13232
13232 18 787
14445 10912 14817
14817 10912 14445
10912 14445 14817
9728 9554 14942
14942 9554 9728
9554 9728 14942
8186 3714 14643
14643 3714 8186
3714 8186 14643
722 4189 11855
4189 722 11855
11855 722 4189
14665 9328 11417
9328 11417 14665
11417 9328 14665
8469 9803 14605
9803 8469 14605
14605 8469 9803
7239 11072 13723
11072 7239 13723
13723 7239 11072
10532 4385 12567
12567 4385 10532
4385 10532 12567
13983 4171 7256
4171 7256 13983
7256 4171 13983
5659 1073 7244
1073 5659 7244
7244 1073 5659
13865 1248 12344
12344 1248 13865
1248 12344 13865
9972 2808 12751
2808 9972 12751
12751 2808 9972
3840 10509 13948
10509 3840 13948
13948 3840 10509
5811 6512 13845
6512 5811 13845
13845 5811 6512
8910 12127 14772
12127 8910 14772
14772 8910 12127
9705 710 4914
710 4914 9705
4914 710 9705
7564 1970 9153
1970 7564 9153
9153 1970 7564
10870 4432 7104
7104 4432 10870
4432 7104 10870
6808 5527 5819
5527 5819 6808
5819 5527 6808
14000 3659 5700
3659 5700 14000
5700 3659 14000
1440 12894 13591
12894 1440 13591
13591 1440 12894
13463 11097 12475
11097 12475 13463
12475 11097 13463
12551 3749 3903
3903 3749 12551
3749 3903 12551
6690 3954 6261
6261 3954 6690
3954 6261 6690
8809 5404 13491
13491 5404 8809
5404 8809 13491
12354 10166 12361
10166 12354 12361
12361 10166 12354
5893 11078 11214
11214 5893 11078
11078 5893 11214
10205 9208 13428
13428 9208 10205
9208 10205 13428
5909 2143 14189
14189 2143 5909
2143 5909 14189
2810 2283 7541
2283 2810 7541
7541 2283 2810
5985 6125 13317
6125 5985 13317
13317 5985 6125
2987 7743 12661
7743 2987 12661
12661 2987 7743
12589 7373 14872
14872 7373 12589
7373 12589 14872
4596 3997 14490
3997 4596 14490
14490 3997 4596
3525 11261 12718
11261 3525 12718
12718 3525 11261
14637 2093 2434
2093 2434 14637
2434 2093 14637
4402 10383 13509
10383 4402 13509
13509 4402 10383
14121 5200 6940
5200 6940 14121
6940 5200 14121
4804 2365 7331
2365 4804 7331
7331 2365 4804
4210 6768 7134
7134 4210 6768
6768 4210 7134
7505 6415 14922
6415 7505 14922
14922 6415 7505
9591 1372 13404
1372 9591 13404
13404 1372 9591
12902 530 13469
530 12902 13469
13469 530 12902
8 8032 9886
8032 8 9886
9886 8 8032
8922 5067 11260
11260 5067 8922
5067 8922 11260
8918 429 6204
429 6204 8918
6204 429 8918
4374 594 11371
594 4374 11371
11371 594 4374
2259 8660 12435
12435 2259 8660
8660 2259 12435
1074 14521 14652
14652 1074 14521
14521 1074 14652
9468 28 5177
28 5177 9468
5177 28 9468
4420 3532 6346
3532 4420 6346
6346 3532 4420
14925 1595 10425
10425 1595 14925
1595 10425 14925
9595 4739 8759
4739 8759 9595
8759 4739 9595
8062 2607 13432
2607 8062 13432
13432 2607 8062
5349 11009 12215
11009 5349 12215
12215 5349 11009
10910 6222 14537
14537 6222 10910
6222 10910 14537
531 2235 4581
4581 531 2235
2235 531 4581
9878 4756 8899
8899 4756 9878
4756 8899 9878
1901 762 12235
762 1901 12235
12235 762 1901
7671 6155 14357
14357 6155 7671
6155 7671 14357
10474 9546 14954
9546 10474 14954
14954 9546 10474
2387 13332 14444
14444 2387 13332
13332 2387 14444
9641 144 10240
144 9641 10240
10240 144 9641
10186 7384 10646
10646 7384 10186
7384 10186 10646
3793 4728 6880
6880 3793 4728
4728 3793 6880
2110 9794 12057
12057 2110 9794
9794 2110 12057
8265 3540 4413
4413 3540 8265
3540 4413 8265
12631 3039 11271
11271 3039 12631
3039 11271 12631
12095 11068 11899
11068 11899 12095
11899 11068 12095
3390 4719 14389
14389 3390 4719
4719 3390 14389
8364 7102 8118
8118 7102 8364
7102 8118 8364
1318 481 9741
481 1318 9741
9741 481 1318
3009 5569 9178
9178 3009 5569
5569 3009 9178
1392 12994 14413
12994 1392 14413
14413 1392 12994
7760 10771 12670
10771 7760 12670
12670 7760 10771
7452 11011 12612
11011 7452 12612
12612 7452 11011
8789 2251 14966
14966 2251 8789
2251 8789 14966
14529 2653 6286
6286 2653 14529
2653 6286 14529
5660 6617 12364
6617 5660 12364
12364 5660 6617
7041 1485 11435
11435 1485 7041
1485 7041 11435
14701 1310 5512
1310 5512 14701
5512 1310 14701
12334 6697 10995
6697 10995 12334
10995 6697 12334
11938 260 3371
260 3371 11938
3371 260 11938
7647 10795 13077
10795 7647 13077
13077 7647 10795
1708 9437 14268
14268 1708 9437
9437 1708 14268
8901 12193 14280
14280 8901 12193
12193 8901 14280
9098 2492 3930
2492 3930 9098
3930 2492 9098
7024 8661 8740
8661 7024 8740
8740 7024 8661
6546 5689 12678
12678 5689 6546
5689 6546 12678
11366 3040 7196
7196 3040 11366
3040 7196 11366
853 3212 14641
14641 853 3212
3212 853 14641
3842 11979 12352
11979 3842 12352
12352 3842 11979
5831 2090 7240
7240 2090 5831
2090 5831 7240
4917 9016 11769
11769 4917 9016
9016 4917 11769
11102 5167 9893
5167 9893 11102
9893 5167 11102
5449 1936 8379
8379 1936 5449
1936 5449 8379
3717 1431 14649
1431 3717 14649
14649 1431 3717
9378 5820 9789
5820 9378 9789
9789 5820 9378
12128 8347 13882
13882 8347 12128
8347 12128 13882
10015 10548 14425
10548 10015 14425
14425 10015 10548
2347 1294 11709
11709 1294 2347
1294 2347 11709
8793 5191 6852
5191 6852 8793
6852 5191 8793
3549 3554 13906
13906 3549 3554
3554 3549 13906
4807 1245 12281
1245 4807 12281
12281 1245 4807
5846 8553 11823
8553 5846 11823
11823 5846 8553
12036 2517 9720
2517 9720 12036
9720 2517 12036
4717 2593 7724
2593 4717 7724
7724 2593 4717
4425 5044 9196
5044 4425 9196
9196 4425 5044
2749 2997 14851
2997 2749 14851
14851 2749 2997
14982 8444 11066
11066 8444 14982
8444 11066 14982
7021 5212 8538
5212 7021 8538
8538 5212 7021
6305 3755 3948
3948 3755 6305
3755 3948 6305
13351 880 14278
14278 880 13351
880 13351 14278
4179 8136 14744
8136 4179 14744
14744 4179 8136
9266 3614 3682
3682 3614 9266
3614 3682 9266
11402 2672 7707
2672 7707 11402
7707 2672 11402
1634 8226 10501
10501 1634 8226
8226 1634 10501
3132 2424 13570
13570 2424 3132
2424 3132 13570
13974 320 3819
3819 320 13974
320 3819 13974
10095 4970 13914
13914 4970 10095
4970 10095 13914
243 8043 10016
8043 243 10016
10016 243 8043
504 9947 12970
12970 504 9947
9947 504 12970
8246 5800 12373
12373 5800 8246
5800 8246 12373
11576 2935 8723
2935 8723 11576
8723 2935 11576
12669 3192 11571
3192 11571 12669
11571 3192 12669
4919 661 9962
9962 661 4919
661 4919 9962
13599 8161 13632
8161 13599 13632
13632 8161 13599
14394 12199 13746
12199 13746 14394
13746 12199 14394
3988 12369 14576
12369 3988 14576
14576 3988 12369
1174 2893 11887
2893 1174 11887
11887 1174 2893
8914 4628 11663
11663 4628 8914
4628 8914 11663
6682 4207 11332
11332 4207 6682
4207 6682 11332
6563 7896 11650
11650 6563 7896
7896 6563 11650
5193 2361 7699
7699 2361 5193
2361 5193 7699
8273 4327 5996
5996 4327 8273
4327 5996 8273
7378 4052 7453
4052 7378 7453
7453 4052 7378
5697 2447 8930
8930 2447 5697
2447 5697 8930
1183 8026 9179
9179 1183 8026
8026 1183 9179
11 7676 9748
7676 11 9748
9748 11 7676
8396 1922 11685
11685 1922 8396
1922 8396 11685
14348 3341 10756
10756 3341 14348
3341 10756 14348
5209 3219 5704
5704 3219 5209
3219 5209 5704
4930 2678 8588
8588 2678 4930
2678 4930 8588
2207 7298 8964
8964 2207 7298
7298 2207 8964
12744 1720 10100
10100 1720 12744
1720 10100 12744
4758 1321 14410
14410 1321 4758
1321 4758 14410
14823 6970 7207
7207 6970 14823
6970 7207 14823
2833 8610 14256
8610 2833 14256
14256 2833 8610
8330 117 11728
117 8330 11728
11728 117 8330
741 488 4761
488 741 4761
4761 488 741
10256 7414 12013
7414 10256 12013
12013 7414 10256
9474 12068 13701
13701 9474 12068
12068 9474 13701
4670 8668 13472
13472 4670 8668
8668 4670 13472
3917 9239 10931
10931 3917 9239
9239 3917 10931
3422 8389 14997
8389 3422 14997
14997 3422 8389
9713 8714 14517
8714 9713 14517
14517 8714 9713
5866 7270 10726
10726 5866 7270
7270 5866 10726
2153 4815 6692
6692 2153 4815
4815 2153 6692
10114 7204 12391
7204 10114 12391
12391 7204 10114
739 1585 12208
12208 739 1585
1585 739 12208
4384 5373 6451
6451 4384 5373
5373 4384 6451
8281 5959 14680
5959 8281 14680
14680 5959 8281
6783 4089 12182
12182 4089 6783
4089 6783 12182
5440 1830 13825
1830 5440 13825
13825 1830 5440
13932 2848 5534
5534 2848 13932
2848 5534 13932
854 5026 14283
5026 854 14283
14283 854 5026
10725 3584 6738
3584 6738 10725
6738 3584 10725
291 10305 12295
10305 291 12295
12295 291 10305
11095 10949 12381
12381 10949 11095
10949 11095 12381
6593 6127 8909
8909 6127 6593
6127 6593 8909
384 5259 10740
10740 384 5259
5259 384 10740
13575 8832 10979
10979 8832 13575
8832 10979 13575
10352 9285 9376
9285 9376 10352
9376 9285 10352
11013 4294 13614
4294 11013 13614
13614 4294 11013
3315 3003 6019
3003 3315 6019
6019 3003 3315
10428 2277 7253
7253 2277 10428
2277 7253 10428
12554 6549 11242
6549 11242 12554
11242 6549 12554
8590 1509 8129
1509 8129 8590
8129 1509 8590
249 8627 14707
14707 249 8627
8627 249 14707
7431 8420 8447
8447 7431 8420
8420 7431 8447
3121 10913 11054
11054 3121 10913
10913 3121 11054
11431 7455 12219
7455 11431 12219
12219 7455 11431
1195 3825 11255
11255 1195 3825
3825 1195 11255
3919 12693 12761
12761 3919 12693
12693 3919 12761
12848 11493 13146
11493 12848 13146
13146 11493 12848
8311 1306 5002
1306 5002 8311
5002 1306 8311
7272 937 6160
6160 937 7272
937 6160 7272
4043 4141 10430
10430 4043 4141
4141 4043 10430
4712 6870 11558
6870 4712 11558
11558 4712 6870
7829 6630 12138
12138 6630 7829
6630 7829 12138
11721 5069 10051
5069 10051 11721
10051 5069 11721
7799 5080 5666
5080 5666 7799
5666 5080 7799
4935 347 494
347 494 4935
494 347 4935
12046 692 14492
692 12046 14492
14492 692 12046
8549 3641 7571
3641 7571 8549
7571 3641 8549
3281 13040 14602
13040 3281 14602
14602 3281 13040
8395 9013 9511
9013 8395 9511
9511 8395 9013
6351 9134 13866
13866 6351 9134
9134 6351 13866
971 3235 4135
3235 971 4135
4135 971 3235
4012 8209 11367
8209 4012 11367
11367 4012 8209
14750 3375 9086
3375 9086 14750
9086 3375 14750
558 1076 7025
1076 558 7025
7025 558 1076
967 4765 5095
4765 967 5095
5095 967 4765
6432 9140 12038
12038 6432 9140
9140 6432 12038
10853 569 5558
569 5558 10853
5558 569 10853
3794 352 3957
3957 352 3794
352 3794 3957
9400 3172 11808
3172 9400 11808
11808 3172 9400
14495 4146 6323
4146 6323 14495
6323 4146 14495
5461 3596 10956
10956 3596 5461
3596 5461 10956
14463 2307 6139
6139 2307 14463
2307 6139 14463
4271 5454 13960
13960 4271 5454
5454 4271 13960
12346 4839 10614
10614 4839 12346
4839 10614 12346
6057 4960 9026
4960 6057 9026
9026 4960 6057
10023 4623 7728
7728 4623 10023
4623 7728 10023
2676 857 6831
857 2676 6831
6831 857 2676
9986 3637 9845
3637 9845 9986
9845 3637 9986
2800 12777 13864
13864 2800 12777
12777 2800 13864
7285 2743 7232
2743 7232 7285
7232 2743 7285
7890 6916 13339
13339 6916 7890
6916 7890 13339
13283 5138 11989
5138 11989 13283
11989 5138 13283
11621 7246 13761
7246 11621 13761
13761 7246 11621
917 9672 10860
10860 917 9672
9672 917 10860
8119 6529 12861
12861 6529 8119
6529 8119 12861
3336 272 1771
1771 272 3336
272 1771 3336
2034 10420 10964
10420 2034 10964
10964 2034 10420
2583 8298 14514
8298 2583 14514
14514 2583 8298
7888 4587 12561
12561 4587 7888
4587 7888 12561
13220 2674 6103
6103 2674 13220
2674 6103 13220
11714 8083 12437
8083 11714 12437
12437 8083 11714
14780 9536 13355
9536 13355 14780
13355 9536 14780
2533 3099 11416
11416 2533 3099
3099 2533 11416
10374 1717 3006
1717 3006 10374
3006 1717 10374
349 3878 5091
5091 349 3878
3878 349 5091
5055 9226 10249
9226 5055 10249
10249 5055 9226
14615 1987 12501
12501 1987 14615
1987 12501 14615
14814 7434 9146
7434 9146 14814
9146 7434 14814
12444 2999 9337
9337 2999 12444
2999 9337 12444
3940 834 8560
8560 834 3940
834 3940 8560
3553 4363 13955
4363 3553 13955
13955 3553 4363
9455 6408 12914
6408 9455 12914
12914 6408 9455
14928 389 9350
9350 389 14928
389 9350 14928
2184 8644 13492
8644 2184 13492
13492 2184 8644
13192 9004 10554
10554 9004 13192
9004 10554 13192
4092 37 3169
37 3169 4092
3169 37 4092
9426 4408 4767
4767 4408 9426
4408 4767 9426
5983 5238 10222
5238 5983 10222
10222 5238 5983
5627 5029 14324
14324 5029 5627
5029 5627 14324
4569 130 3764
3764 130 4569
130 3764 4569
12333 5128 7939
7939 5128 12333
5128 7939 12333
2320 3953 9627
3953 2320 9627
9627 2320 3953
8685 4650 13502
13502 4650 8685
4650 8685 13502
1052 4858 14560
14560 1052 4858
4858 1052 14560
1231 766 6157
6157 766 1231
766 1231 6157
4009 1255 10769
1255 4009 10769
10769 1255 4009
13460 522 7389
7389 522 13460
522 7389 13460
11455 5861 8818
5861 8818 11455
8818 5861 11455
12853 7291 13230
13230 7291 12853
7291 12853 13230
5713 6063 8557
6063 5713 8557
8557 5713 6063
12454 2712 11864
11864 2712 12454
2712 11864 12454
13279 8306 14541
8306 13279 14541
14541 8306 13279
5299 4550 14275
14275 4550 5299
4550 5299 14275
2433 1208 5244
1208 2433 5244
5244 1208 2433
10021 13215 14998
13215 10021 14998
14998 10021 13215
7300 4087 7613
7613 4087 7300
4087 7300 7613
11560 4769 9175
9175 4769 11560
4769 9175 11560
1618 5053 7266
7266 1618 5053
5053 1618 7266
10007 9824 9860
9860 9824 10007
9824 9860 10007
3152 189 3167
3167 189 3152
189 3152 3167
2688 13029 13638
13029 2688 13638
13638 2688 13029
7798 4446 9252
4446 7798 9252
9252 4446 7798
9310 12164 12716
12164 9310 12716
12716 9310 12164
7182 6749 12260
6749 7182 12260
12260 6749 7182
14876 7925 13649
7925 13649 14876
13649 7925 14876
5120 7356 14756
7356 5120 14756
14756 5120 7356
2397 2194 4892
2194 2397 4892
4892 2194 2397
7731 7397 14881
7397 7731 14881
14881 7397 7731
6755 2618 9573
2618 6755 9573
9573 2618 6755
6295 765 8402
765 6295 8402
8402 765 6295
8124 8823 12852
8823 8124 12852
12852 8124 8823
14081 11065 14804
11065 14081 14804
14804 11065 14081
5995 7358 11346
11346 5995 7358
7358 5995 11346
11201 182 5210
5210 182 11201
182 5210 11201
3465 5282 12916
12916 3465 5282
5282 3465 12916
2609 3822 9371
3822 2609 9371
9371 2609 3822
10596 10758 14573
10758 10596 14573
14573 10596 10758
13393 5905 11828
5905 11828 13393
11828 5905 13393
2407 1197 14972
14972 1197 2407
1197 2407 14972
3768 8219 13985
13985 3768 8219
8219 3768 13985
13819 1138 9249
1138 9249 13819
9249 1138 13819
7337 8532 10835
8532 7337 10835
10835 7337 8532
12379 11215 12144
11215 12144 12379
12144 11215 12379
12034 3059 10099
3059 10099 12034
10099 3059 12034
12555 13014 13186
13014 12555 13186
13186 12555 13014
10793 2425 11830
2425 10793 11830
11830 2425 10793
178 1713 6895
1713 178 6895
6895 178 1713
707 6134 14993
6134 707 14993
14993 707 6134
2000 528 10562
528 2000 10562
10562 528 2000
285 3455 3943
3455 285 3943
3943 285 3455
11062 10325 13680
13680 10325 11062
10325 11062 13680
7806 1424 6725
6725 1424 7806
1424 6725 7806
3058 1057 12773
12773 1057 3058
1057 3058 12773
9209 185 3910
3910 185 9209
185 3910 9209
8327 11664 12165
11664 8327 12165
12165 8327 11664
6283 6234 11381
11381 6234 6283
6234 6283 11381
7187 673 8746
673 7187 8746
8746 673 7187
8279 6921 9936
9936 6921 8279
6921 8279 9936
536 829 5004
5004 536 829
829 536 5004
10511 5414 10891
5414 10511 10891
10891 5414 10511
1655 6729 7821
7821 1655 6729
6729 1655 7821
7484 8004 9187
9187 7484 8004
8004 7484 9187
13033 4297 12614
4297 12614 13033
12614 4297 13033
7662 7747 11156
7747 7662 11156
11156 7662 7747
3620 5359 11972
11972 3620 5359
5359 3620 11972
10130 3645 4669
3645 4669 10130
4669 3645 10130
12101 269 8577
8577 269 12101
269 8577 12101
9259 12632 13097
13097 9259 12632
12632 9259 13097
4138 3848 4164
3848 4138 4164
4164 3848 4138
14195 13544 14598
14598 13544 14195
13544 14195 14598
666 769 9282
9282 666 769
769 666 9282
9504 10967 11434
11434 9504 10967
10967 9504 11434
10299 7324 7576
7324 7576 10299
7576 7324 10299
11484 6368 13823
13823 6368 11484
6368 11484 13823
11162 2709 8247
2709 8247 11162
8247 2709 11162
9988 4007 13089
13089 4007 9988
4007 9988 13089
12233 1724 2555
2555 1724 12233
1724 2555 12233
5962 1945 8516
1945 5962 8516
8516 1945 5962
9621 147 9298
9298 147 9621
147 9298 9621
11789 1541 12553
1541 11789 12553
12553 1541 11789
1016 12737 13841
12737 1016 13841
13841 1016 12737
1870 5612 14196
14196 1870 5612
5612 1870 14196
2707 6722 10294
6722 2707 10294
10294 2707 6722
1062 658 8771
658 1062 8771
8771 658 1062
5663 8601 10327
8601 5663 10327
10327 5663 8601
14515 9152 12466
12466 9152 14515
9152 12466 14515
5617 2328 7999
2328 5617 7999
7999 2328 5617
5180 11520 12955
12955 5180 11520
11520 5180 12955
6863 1263 9949
1263 6863 9949
9949 1263 6863
6606 4391 6873
4391 6606 6873
6873 4391 6606
12540 1259 2970
1259 2970 12540
2970 1259 12540
12851 1097 6373
1097 6373 12851
6373 1097 12851
1892 7718 13920
7718 1892 13920
13920 1892 7718
73 3357 5990
3357 73 5990
5990 73 3357
3770 2041 10668
2041 3770 10668
10668 2041 3770
443 2980 3521
2980 443 3521
3521 443 2980
14419 3061 8272
8272 3061 14419
3061 8272 14419
10704 1691 14440
1691 10704 14440
14440 1691 10704
11135 2811 4958
4958 2811 11135
2811 4958 11135
1756 6639 8498
8498 1756 6639
6639 1756 8498
14877 3757 9139
9139 3757 14877
3757 9139 14877
10419 5294 8800
5294 8800 10419
8800 5294 10419
9045 5482 14131
5482 9045 14131
14131 5482 9045
5610 905 12805
12805 905 5610
905 5610 12805
4270 4491 10820
10820 4270 4491
4491 4270 10820
12386 4331 14638
14638 4331 12386
4331 12386 14638
11040 5124 7091
5124 7091 11040
7091 5124 11040
6085 4421 13616
13616 4421 6085
4421 6085 13616
3501 10581 13179
10581 3501 13179
13179 3501 10581
4000 9933 13442
9933 4000 13442
13442 4000 9933
9270 5161 9388
9388 5161 9270
5161 9270 9388
1071 10527 10670
10670 1071 10527
10527 1071 10670
5588 10124 13078
10124 5588 13078
13078 5588 10124
12656 8618 14211
14211 8618 12656
8618 12656 14211
13475 11375 14273
11375 13475 14273
14273 11375 13475
3872 6724 8989
6724 3872 8989
8989 3872 6724
5645 1104 3600
1104 3600 5645
3600 1104 5645
8638 10863 11108
10863 8638 11108
11108 8638 10863
1264 6094 10072
6094 1264 10072
10072 1264 6094
2929 7943 11623
7943 2929 11623
11623 2929 7943
5746 9137 10208
10208 5746 9137
9137 5746 10208
7205 8743 9661
8743 7205 9661
9661 7205 8743
9958 2279 7957
7957 2279 9958
2279 7957 9958
453 3091 5453
5453 453 3091
3091 453 5453
14483 10011 11516
11516 10011 14483
10011 11516 14483
4070 9031 13684
9031 4070 13684
13684 4070 9031
14738 11246 12321
12321 11246 14738
11246 12321 14738
4313 11368 12818
11368 4313 12818
12818 4313 11368
8031 7398 11305
11305 7398 8031
7398 8031 11305
9157 662 4997
4997 662 9157
662 4997 9157
2741 9712 11103
9712 2741 11103
11103 2741 9712
8266 315 7193
7193 315 8266
315 7193 8266
10218 2589 3688
3688 2589 10218
2589 3688 10218
7591 4173 13152
13152 4173 7591
4173 7591 13152
8891 190 10877
10877 190 8891
190 8891 10877
5680 792 5851
5851 792 5680
792 5680 5851
10796 2796 14879
2796 10796 14879
14879 2796 10796
4521 4115 11353
11353 4115 4521
4115 4521 11353
8515 10075 14533
10075 8515 14533
14533 8515 10075
10963 2716 5511
2716 5511 10963
5511 2716 10963
11457 6762 9396
6762 9396 11457
9396 6762 11457
11187 4875 7220
7220 4875 11187
4875 7220 11187
8804 9449 14981
14981 8804 9449
9449 8804 14981
7188 6688 9844
6688 7188 9844
9844 6688 7188
9864 1300 8479
8479 1300 9864
1300 8479 9864
14731 3038 8346
8346 3038 14731
3038 8346 14731
1935 3055 11533
3055 1935 11533
11533 1935 3055
3800 12287 13928
13928 3800 12287
12287 3800 13928
4101 5403 13385
5403 4101 13385
13385 4101 5403
3808 6253 11112
6253 3808 11112
11112 3808 6253
13997 2172 6166
2172 6166 13997
6166 2172 13997
1477 7319 9143
9143 1477 7319
7319 1477 9143
459 2353 13080
2353 459 13080
13080 459 2353
7183 7468 12786
12786 7183 7468
7468 7183 12786
11737 1992 8020
8020 1992 11737
1992 8020 11737
12350 2938 5045
5045 2938 12350
2938 5045 12350
13946 4824 14936
4824 13946 14936
14936 4824 13946
10295 1383 11498
11498 1383 10295
1383 10295 11498
7231 9969 13347
9969 7231 13347
13347 7231 9969
6105 2826 9963
2826 6105 9963
9963 2826 6105
10264 5994 12320
5994 10264 12320
12320 5994 10264
9407 600 5509
600 5509 9407
5509 600 9407
4383 1758 11456
1758 4383 11456
11456 1758 4383
14746 2288 4090
2288 4090 14746
4090 2288 14746
13349 2971 3817
3817 2971 13349
2971 3817 13349
6095 3296 14854
14854 3296 6095
3296 6095 14854
5863 4083 5766
4083 5766 5863
5766 4083 5863
7427 4667 8752
8752 4667 7427
4667 7427 8752
8443 681 8582
8582 681 8443
681 8443 8582
14544 1085 12132
1085 12132 14544
12132 1085 14544
4816 4781 11984
11984 4781 4816
4781 4816 11984
2852 5788 8148
5788 2852 8148
8148 2852 5788
8555 468 4681
468 4681 8555
4681 468 8555
11622 5361 14234
5361 11622 14234
14234 5361 11622
5384 4162 11749
4162 5384 11749
11749 4162 5384
14769 9136 9858
9858 9136 14769
9136 9858 14769
10819 11010 12288
11010 10819 12288
12288 10819 11010
8929 8486 14555
14555 8486 8929
8486 8929 14555
7843 13574 14439
14439 7843 13574
13574 7843 14439
8196 6180 8725
6180 8196 8725
8725 6180 8196
5941 12358 13889
13889 5941 12358
12358 5941 13889
14943 7126 10549
10549 7126 14943
7126 10549 14943
13635 6093 13021
6093 13021 13635
13021 6093 13635
112 137 4036
137 112 4036
4036 112 137
393 12560 14353
14353 393 12560
12560 393 14353
175 12796 13784
13784 175 12796
12796 175 13784
7739 12254 13957
13957 7739 12254
12254 7739 13957
5884 11401 14725
14725 5884 11401
11401 5884 14725
7189 5555 9144
9144 5555 7189
5555 7189 9144
5636 4980 9344
9344 4980 5636
4980 5636 9344
9847 910 6686
910 6686 9847
6686 910 9847
14212 8393 14847
8393 14212 14847
14847 8393 14212
3102 1160 9120
9120 1160 3102
1160 3102 9120
10 11833 14054
11833 10 14054
14054 10 11833
6819 773 10431
10431 773 6819
773 6819 10431
8938 1975 6553
6553 1975 8938
1975 6553 8938
301 3046 3805
3046 301 3805
3805 301 3046
12133 6758 11380
6758 11380 12133
11380 6758 12133
5334 12633 12895
12895 5334 12633
12633 5334 12895
3996 2052 8699
2052 3996 8699
8699 2052 3996
1630 3972 13847
13847 1630 3972
3972 1630 13847
6236 1540 8542
1540 6236 8542
8542 1540 6236
1149 6429 12654
6429 1149 12654
12654 1149 6429
3360 5231 7796
7796 3360 5231
5231 3360 7796
1684 8838 12086
8838 1684 12086
12086 1684 8838
11646 11747 14239
14239 11646 11747
11747 11646 14239
12114 6265 9753
9753 6265 12114
6265 9753 12114
599 3024 13678
3024 599 13678
13678 599 3024
14853 400 5933
5933 400 14853
400 5933 14853
12697 5149 11708
5149 11708 12697
11708 5149 12697
8413 4368 14404
4368 8413 14404
14404 4368 8413
614 6980 9686
9686 614 6980
6980 614 9686
10101 12814 14085
14085 10101 12814
12814 10101 14085
12384 7276 7411
7276 7411 12384
7411 7276 12384
11370 2393 5222
5222 2393 11370
2393 5222 11370
9436 8641 9792
9792 8641 9436
8641 9436 9792
8144 1500 9945
1500 8144 9945
9945 1500 8144
8533 4035 10126
4035 8533 10126
10126 4035 8533
565 2102 2181
2102 565 2181
2181 565 2102
3355 840 1190
1190 840 3355
840 1190 3355
5355 6128 10834
6128 5355 10834
10834 5355 6128
12772 6349 9676
9676 6349 12772
6349 9676 12772
13155 6224 8242
6224 8242 13155
8242 6224 13155
5567 2887 11175
2887 5567 11175
11175 2887 5567
5013 3487 11344
3487 5013 11344
11344 3487 5013
13346 377 14362
14362 377 13346
377 13346 14362
7548 11702 12407
12407 7548 11702
11702 7548 12407
11640 2002 4284
2002 4284 11640
4284 2002 11640
3828 10677 10899
10899 3828 10677
10677 3828 10899
3301 6756 10184
10184 3301 6756
6756 3301 10184
2878 5915 14351
5915 2878 14351
14351 2878 5915
11205 8758 14098
14098 8758 11205
8758 11205 14098
13919 4330 6414
6414 4330 13919
4330 6414 13919
294 1470 7744
7744 294 1470
1470 294 7744
8048 1220 13832
1220 8048 13832
13832 1220 8048
13818 988 13571
13571 988 13818
988 13571 13818
4579 946 10027
10027 946 4579
946 4579 10027
5976 2174 7127
7127 2174 5976
2174 5976 7127
2414 44 8808
8808 44 2414
44 2414 8808
7531 13942 14636
13942 7531 14636
14636 7531 13942
3117 839 12964
839 3117 12964
12964 839 3117
4187 4874 12044
4874 4187 12044
12044 4187 4874
3012 9380 11822
9380 3012 11822
11822 3012 9380
11525 8817 8820
8820 8817 11525
8817 8820 11525
12296 8095 14689
14689 8095 12296
8095 12296 14689
6252 1378 7163
7163 1378 6252
1378 6252 7163
837 4780 8729
8729 837 4780
4780 837 8729
4113 4457 10310
10310 4113 4457
4457 4113 10310
9747 1700 14924
1700 9747 14924
14924 1700 9747
5163 8240 10081
10081 5163 8240
8240 5163 10081
3409 136 14700
14700 136 3409
136 3409 14700
8397 7405 14437
7405 8397 14437
14437 7405 8397
2218 91 2792
2792 91 2218
91 2218 2792
12357 3053 4799
3053 4799 12357
4799 3053 12357
8825 3829 7612
3829 7612 8825
7612 3829 8825
3114 7686 9040
7686 3114 9040
9040 3114 7686
5253 3367 7585
3367 5253 7585
7585 3367 5253
12780 2252 2577
2252 2577 12780
2577 2252 12780
4079 2200 9347
2200 4079 9347
9347 2200 4079
6542 7583 7902
7902 6542 7583
7583 6542 7902
12315 3189 11319
3189 11319 12315
11319 3189 12315
1710 3259 14794
3259 1710 14794
14794 1710 3259
398 202 14257
202 398 14257
14257 202 398
3142 2409 8813
2409 3142 8813
8813 2409 3142
6098 12903 13289
13289 6098 12903
12903 6098 13289
7700 5546 12610
12610 5546 7700
5546 7700 12610
11284 4452 12177
4452 11284 12177
12177 4452 11284
6442 702 6627
702 6442 6627
6627 702 6442
12115 7009 11197
11197 7009 12115
7009 11197 12115
8302 2637 3807
2637 3807 8302
3807 2637 8302
12648 4039 8547
8547 4039 12648
4039 8547 12648
7649 10778 11626
10778 7649 11626
11626 7649 10778
9132 508 9530
508 9132 9530
9530 508 9132
8503 2404 6744
6744 2404 8503
2404 6744 8503
5629 679 8155
679 5629 8155
8155 679 5629
12446 4590 11615
4590 11615 12446
11615 4590 12446
10801 2159 13547
13547 2159 10801
2159 10801 13547
9234 2269 2693
2693 2269 9234
2269 2693 9234
13839 3343 11588
11588 3343 13839
3343 11588 13839
4069 12033 13224
12033 4069 13224
13224 4069 12033
4172 12503 12823
12823 4172 12503
12503 4172 12823
7729 5162 6327
5162 6327 7729
6327 5162 7729
251 2831 13296
13296 251 2831
2831 251 13296
2918 1802 13424
1802 2918 13424
13424 1802 2918
7226 4783 6660
6660 4783 7226
4783 6660 7226
13596 6994 11851
6994 11851 13596
11851 6994 13596
1034 2525 10111
2525 1034 10111
10111 1034 2525
8711 2294 14301
14301 2294 8711
2294 8711 14301
1586 12087 13085
13085 1586 12087
12087 1586 13085
9476 9255 9469
9469 9255 9476
9255 9469 9476
12495 2558 14648
2558 12495 14648
14648 2558 12495
912 7602 14266
14266 912 7602
7602 912 14266
5904 1015 12933
12933 1015 5904
1015 5904 12933
8646 2426 4585
4585 2426 8646
2426 4585 8646
13244 2898 6835
6835 2898 13244
2898 6835 13244
14166 3183 3528
3528 3183 14166
3183 3528 14166
4375 1985 4530
1985 4375 4530
4530 1985 4375
12073 867 1179
1179 867 12073
867 1179 12073
3035 5190 6181
5190 3035 6181
6181 3035 5190
3517 515 2019
515 2019 3517
2019 515 3517
7923 39 9798
9798 39 7923
39 7923 9798
174 3767 13609
13609 174 3767
3767 174 13609
4749 13212 14281
13212 4749 14281
14281 4749 13212
12060 3526 6759
6759 3526 12060
3526 6759 12060
7584 2958 8599
2958 7584 8599
8599 2958 7584
206 2683 12727
2683 206 12727
12727 206 2683
11503 10938 12790
12790 10938 11503
10938 11503 12790
9291 3481 5692
5692 3481 9291
3481 5692 9291
12112 5501 8718
8718 5501 12112
5501 8718 12112
7598 2005 8715
2005 7598 8715
8715 2005 7598
4615 951 6191
951 4615 6191
6191 951 4615
13924 11123 12778
11123 12778 13924
12778 11123 13924
12142 4889 7538
7538 4889 12142
4889 7538 12142
3289 6551 7498
6551 3289 7498
7498 3289 6551
9182 994 3570
3570 994 9182
994 3570 9182
7068 270 9996
270 7068 9996
9996 270 7068
10013 2481 8098
8098 2481 10013
2481 8098 10013
11116 5264 6716
5264 6716 11116
6716 5264 11116
9659 7203 8939
8939 7203 9659
7203 8939 9659
874 7176 9404
9404 874 7176
7176 874 9404
771 13931 15000
13931 771 15000
15000 771 13931
8954 1835 10560
10560 1835 8954
1835 8954 10560
4870 2687 5890
5890 2687 4870
2687 4870 5890
8944 8802 11551
11551 8802 8944
8802 8944 11551
233 3101 6924
3101 233 6924
6924 233 3101
6518 5727 6217
5727 6217 6518
6217 5727 6518
12582 3111 4105
3111 4105 12582
4105 3111 12582
496 9278 13150
9278 496 13150
13150 496 9278
3907 5042 12707
12707 3907 5042
5042 3907 12707
5086 1447 7192
7192 1447 5086
1447 5086 7192
6452 3782 10175
10175 3782 6452
3782 6452 10175
415 2310 11025
11025 415 2310
2310 415 11025
6445 440 7036
7036 440 6445
440 6445 7036
14197 11986 13363
13363 11986 14197
11986 13363 14197
12479 59 2290
2290 59 12479
59 2290 12479
5094 5179 8544
8544 5094 5179
5179 5094 8544
13816 1169 7652
1169 7652 13816
7652 1169 13816
5103 4471 10052
4471 5103 10052
10052 4471 5103
12122 4809 11609
11609 4809 12122
4809 11609 12122
12016 10373 11948
11948 10373 12016
10373 11948 12016
4653 1991 2714
1991 2714 4653
2714 1991 4653
5495 11522 12018
11522 5495 12018
12018 5495 11522
12812 6592 7318
6592 7318 12812
7318 6592 12812
8377 547 9491
547 8377 9491
9491 547 8377
288 4124 14919
4124 288 14919
14919 288 4124
14899 3245 9232
9232 3245 14899
3245 9232 14899
8988 4500 14321
14321 4500 8988
4500 8988 14321
8726 4733 11985
11985 4733 8726
4733 8726 11985
597 8795 9318
8795 597 9318
9318 597 8795
11840 767 7206
767 7206 11840
7206 767 11840
7658 1346 13316
1346 7658 13316
13316 1346 7658
742 9846 13200
9846 742 13200
13200 742 9846
5565 2088 11719
2088 5565 11719
11719 2088 5565
2133 13685 14497
14497 2133 13685
13685 2133 14497
11490 5745 10583
5745 10583 11490
10583 5745 11490
1246 8948 12359
8948 1246 12359
12359 1246 8948
14448 5322 11478
11478 5322 14448
5322 11478 14448
1814 2906 14917
2906 1814 14917
14917 1814 2906
1094 8451 11486
11486 1094 8451
8451 1094 11486
14333 12307 13271
12307 13271 14333
13271 12307 14333
3616 1759 4826
4826 1759 3616
1759 3616 4826
12841 2228 13471
13471 2228 12841
2228 12841 13471
1355 1836 3544
3544 1355 1836
1836 1355 3544
13360 7766 11099
11099 7766 13360
7766 11099 13360
2740 6439 8801
8801 2740 6439
6439 2740 8801
4976 3844 12974
12974 3844 4976
3844 4976 12974
12214 4803 13507
13507 4803 12214
4803 12214 13507
4484 8002 13713
8002 4484 13713
13713 4484 8002
5130 3815 13411
3815 5130 13411
13411 3815 5130
7322 3511 13329
3511 7322 13329
13329 3511 7322
2470 8006 14897
8006 2470 14897
14897 2470 8006
13335 4256 6597
6597 4256 13335
4256 6597 13335
4537 1768 10607
10607 1768 4537
1768 4537 10607
10131 10937 14431
10937 10131 14431
14431 10131 10937
7045 4944 14703
4944 7045 14703
14703 4944 7045
12151 4211 10902
4211 10902 12151
10902 4211 12151
10085 4750 10272
10272 4750 10085
4750 10085 10272
868 4076 10292
4076 868 10292
10292 868 4076
14139 3687 11086
11086 3687 14139
3687 11086 14139
4487 6372 7360
6372 4487 7360
7360 4487 6372
13328 12075 14588
12075 13328 14588
14588 12075 13328
12284 2073 11846
2073 11846 12284
11846 2073 12284
4358 9020 11783
11783 4358 9020
9020 4358 11783
782 13921 14836
14836 782 13921
13921 782 14836
2579 8185 14824
14824 2579 8185
8185 2579 14824
10332 7034 12271
7034 10332 12271
12271 7034 10332
13450 4220 4872
4872 4220 13450
4220 4872 13450
7175 489 4648
489 4648 7175
4648 489 7175
7199 3982 8972
3982 7199 8972
8972 3982 7199
5681 3265 13757
3265 5681 13757
13757 3265 5681
11360 1347 14104
1347 11360 14104
14104 1347 11360
12382 2436 11597
2436 11597 12382
11597 2436 12382
2838 6640 12290
12290 2838 6640
6640 2838 12290
13083 5092 5947
5947 5092 13083
5092 5947 13083
13361 2496 12483
2496 12483 13361
12483 2496 13361
13254 9 8106
8106 9 13254
9 8106 13254
8594 2513 3317
3317 2513 8594
2513 3317 8594
576 7848 11819
7848 576 11819
11819 576 7848
2860 425 10281
10281 425 2860
425 2860 10281
10160 9581 11900
11900 9581 10160
9581 10160 11900
4202 2084 13989
2084 4202 13989
13989 2084 4202
71 2630 12478
12478 71 2630
2630 71 12478
13534 14706 14913
14913 13534 14706
14706 13534 14913
4020 10337 14375
14375 4020 10337
10337 4020 14375
6280 733 9927
9927 733 6280
733 6280 9927
7359 7040 12092
12092 7040 7359
7040 7359 12092
7767 6022 12049
6022 7767 12049
12049 6022 7767
5110 2231 14006
14006 2231 5110
2231 5110 14006
4199 449 11249
11249 449 4199
449 4199 11249
14129 1682 7263
7263 1682 14129
1682 7263 14129
4915 5093 13473
13473 4915 5093
5093 4915 13473
14882 5980 10201
10201 5980 14882
5980 10201 14882
1899 3231 5999
5999 1899 3231
3231 1899 5999
3461 4614 14992
14992 3461 4614
4614 3461 14992
5160 10138 10866
10138 5160 10866
10866 5160 10138
7683 4510 8701
4510 7683 8701
8701 4510 7683
13806 3011 6388
6388 3011 13806
3011 6388 13806
3873 2302 9699
2302 3873 9699
9699 2302 3873
3657 2540 7791
2540 3657 7791
7791 2540 3657
6047 234 11987
234 6047 11987
11987 234 6047
12980 6920 11860
11860 6920 12980
6920 11860 12980
4978 2021 2807
2807 2021 4978
2021 2807 4978
11683 7131 12104
12104 7131 11683
7131 11683 12104
3033 3703 14704
3703 3033 14704
14704 3033 3703
5328 191 12956
191 5328 12956
12956 191 5328
7219 4610 5725
5725 4610 7219
4610 5725 7219
11734 6184 6239
6184 6239 11734
6239 6184 11734
10514 6274 11326
6274 10514 11326
11326 6274 10514
300 9762 11519
9762 300 11519
11519 300 9762
6203 2845 3534
2845 3534 6203
3534 2845 6203
4518 552 14093
552 4518 14093
14093 552 4518
8633 3935 13137
3935 8633 13137
13137 3935 8633
5468 8191 8490
8490 5468 8191
8191 5468 8490
13617 2989 7630
7630 2989 13617
2989 7630 13617
8951 4395 11659
4395 8951 11659
11659 4395 8951
6785 9509 12450
9509 6785 12450
12450 6785 9509
10150 3883 11584
3883 10150 11584
11584 3883 10150
7559 613 13422
613 7559 13422
13422 613 7559
11977 1662 14527
14527 1662 11977
1662 11977 14527
12323 8991 13063
8991 12323 13063
13063 8991 12323
2383 2806 11968
11968 2383 2806
2806 2383 11968
10523 1740 6525
1740 6525 10523
6525 1740 10523
6846 3299 11165
3299 6846 11165
11165 3299 6846
6678 61 9587
61 6678 9587
9587 61 6678
2851 5986 7560
7560 2851 5986
5986 2851 7560
11043 12211 13380
12211 11043 13380
13380 11043 12211
2324 3052 7670
3052 2324 7670
7670 2324 3052
12250 4357 4954
4357 4954 12250
4954 4357 12250
125 5742 11130
11130 125 5742
5742 125 11130
10313 3308 6784
6784 3308 10313
3308 6784 10313
2485 6400 6478
6400 2485 6478
6478 2485 6400
6511 2847 5427
5427 2847 6511
2847 5427 6511
3847 10567 11488
11488 3847 10567
10567 3847 11488
11867 6209 14868
14868 6209 11867
6209 11867 14868
8831 646 13447
13447 646 8831
646 8831 13447
45 4957 5544
4957 45 5544
5544 45 4957
8115 2541 14715
2541 8115 14715
14715 2541 8115
1538 5369 10238
10238 1538 5369
5369 1538 10238
1143 3582 8422
3582 1143 8422
8422 1143 3582
5925 7878 9022
7878 5925 9022
9022 5925 7878
1548 1678 6216
1678 1548 6216
6216 1548 1678
11990 1510 8868
8868 1510 11990
1510 8868 11990
6859 5639 8736
5639 6859 8736
8736 5639 6859
785 1694 11527
1694 785 11527
11527 785 1694
12356 1545 3608
1545 3608 12356
3608 1545 12356
8827 7546 13604
13604 7546 8827
7546 8827 13604
7138 5907 7929
7929 5907 7138
5907 7138 7929
14837 6912 9599
9599 6912 14837
6912 9599 14837
11132 12722 14579
14579 11132 12722
