1071 1258 1286
1286 1071 1258
1258 1071 1286
462 1126 1486
1486 462 1126
1126 462 1486
804 105 1204
1204 105 804
105 804 1204
562 531 1496
531 562 1496
1496 531 562
1393 758 1468
1468 758 1393
758 1393 1468
511 559 1421
1421 511 559
559 511 1421
1329 798 1170
1170 798 1329
798 1170 1329
87 325 510
325 87 510
510 87 325
851 160 685
685 160 851
160 685 851
1044 818 1256
1256 818 1044
818 1044 1256
1442 328 1236
1236 328 1442
328 1236 1442
1491 700 1086
1086 700 1491
700 1086 1491
1386 619 1361
1361 619 1386
619 1361 1386
1323 236 520
236 520 1323
520 236 1323
646 423 1344
1344 423 646
423 646 1344
424 596 985
985 424 596
596 424 985
1151 200 1143
1143 200 1151
200 1143 1151
843 640 955
640 843 955
955 640 843
827 27 1394
27 827 1394
1394 27 827
40 282 723
282 40 723
723 40 282
374 1051 1079
1051 374 1079
1079 374 1051
529 1045 1214
1214 529 1045
1045 529 1214
59 621 1082
1082 59 621
621 59 1082
284 871 1189
871 284 1189
1189 284 871
1315 396 699
699 396 1315
396 699 1315
39 61 1279
61 39 1279
1279 39 61
1014 303 875
875 303 1014
303 875 1014
361 353 966
966 353 361
353 361 966
1102 852 1336
852 1102 1336
1336 852 1102
740 713 1073
713 740 1073
1073 713 740
1242 436 703
703 436 1242
436 703 1242
1263 343 815
343 815 1263
815 343 1263
57 522 1380
522 57 1380
1380 57 522
278 98 959
98 278 959
959 98 278
1492 1308 1317
1317 1308 1492
1308 1317 1492
593 62 224
62 224 593
224 62 593
1202 276 1407
276 1202 1407
1407 276 1202
1346 354 1493
354 1346 1493
1493 354 1346
167 769 832
832 167 769
769 167 832
309 609 1488
609 309 1488
1488 309 609
566 856 1332
1332 566 856
856 566 1332
189 946 1088
946 189 1088
1088 189 946
648 345 779
779 345 648
345 648 779
935 2 355
2 355 935
355 2 935
1002 416 1148
416 1002 1148
1148 416 1002
1298 943 1077
1077 943 1298
943 1077 1298
1234 679 728
728 679 1234
679 728 1234
1452 469 1052
469 1052 1452
1052 469 1452
500 659 754
754 500 659
659 500 754
1219 313 692
313 692 1219
692 313 1219
1091 318 1371
318 1091 1371
1371 318 1091
430 535 1419
1419 430 535
535 430 1419
68 945 1131
945 68 1131
1131 68 945
1028 1209 1474
1209 1028 1474
1474 1028 1209
127 429 501
429 127 501
501 127 429
1133 294 482
294 482 1133
482 294 1133
447 407 841
407 447 841
841 407 447
213 69 1099
1099 69 213
69 213 1099
306 1185 1383
1383 306 1185
1185 306 1383
536 1038 1053
1053 536 1038
1038 536 1053
267 9 1074
9 267 1074
1074 9 267
693 601 939
601 693 939
939 601 693
66 291 1477
291 66 1477
1477 66 291
1193 439 485
485 439 1193
439 485 1193
1299 787 1397
787 1299 1397
1397 787 1299
654 32 1003
32 654 1003
1003 32 654
789 509 561
561 509 789
509 561 789
378 31 751
751 31 378
31 378 751
117 412 1427
1427 117 412
412 117 1427
1326 264 770
770 264 1326
264 770 1326
671 235 1157
1157 235 671
235 671 1157
41 6 1465
6 41 1465
1465 6 41
450 368 927
368 450 927
927 368 450
259 525 1266
1266 259 525
525 259 1266
401 899 1381
899 401 1381
1381 401 899
1241 333 752
333 752 1241
752 333 1241
811 1250 1338
1338 811 1250
1250 811 1338
1029 465 901
901 465 1029
465 901 1029
857 1009 1162
1009 857 1162
1162 857 1009
375 588 712
712 375 588
588 375 712
1499 217 649
649 217 1499
217 649 1499
933 721 1312
721 933 1312
1312 721 933
442 1027 1239
1239 442 1027
1027 442 1239
1447 147 408
408 147 1447
147 408 1447
205 300 914
300 205 914
914 205 300
749 186 274
186 274 749
274 186 749
417 144 216
216 144 417
144 216 417
383 981 1417
1417 383 981
981 383 1417
563 483 1012
483 563 1012
1012 483 563
52 691 893
691 52 893
893 52 691
910 652 1000
652 910 1000
1000 652 910
572 70 979
979 70 572
70 572 979
1494 371 1277
371 1277 1494
1277 371 1494
64 187 763
187 64 763
763 64 187
1264 696 1192
1192 696 1264
696 1192 1264
1436 1458 1497
1458 1436 1497
1497 1436 1458
1267 357 1054
1054 357 1267
357 1054 1267
123 203 295
295 123 203
203 123 295
625 247 1373
247 625 1373
1373 247 625
1175 964 1479
1479 964 1175
964 1175 1479
210 458 1372
458 210 1372
1372 210 458
1322 920 1321
920 1321 1322
1321 920 1322
128 748 1500
748 128 1500
1500 128 748
911 578 1358
578 911 1358
1358 578 911
91 370 1229
370 91 1229
1229 91 370
969 406 1339
406 969 1339
1339 406 969
1221 261 879
879 261 1221
261 879 1221
453 124 1330
1330 124 453
124 453 1330
708 281 474
474 281 708
281 474 708
986 142 239
142 239 986
239 142 986
182 844 873
873 182 844
844 182 873
839 92 972
972 92 839
92 839 972
1226 1055 1064
1055 1064 1226
1064 1055 1226
418 320 1274
320 418 1274
1274 320 418
252 1166 1333
1166 252 1333
1333 252 1166
467 334 1124
334 467 1124
1124 334 467
78 719 1235
1235 78 719
719 78 1235
583 553 1057
553 583 1057
1057 553 583
1022 1255 1392
1392 1022 1255
1255 1022 1392
814 514 968
968 514 814
514 814 968
638 675 1412
1412 638 675
675 638 1412
1385 907 1084
907 1084 1385
1084 907 1385
1359 1444 1489
1444 1359 1489
1489 1359 1444
821 665 1196
665 821 1196
1196 665 821
1306 540 801
540 801 1306
801 540 1306
10 330 838
330 10 838
838 10 330
858 219 853
219 853 858
853 219 858
1225 973 1161
973 1161 1225
1161 973 1225
171 519 824
824 171 519
519 171 824
978 85 1227
85 978 1227
1227 85 978
1304 20 1449
20 1304 1449
1449 20 1304
1125 174 854
174 854 1125
854 174 1125
433 373 999
999 373 433
373 433 999
886 513 1435
1435 513 886
513 886 1435
1244 440 1313
440 1244 1313
1313 440 1244
1026 456 784
456 784 1026
784 456 1026
178 5 874
5 178 874
874 5 178
301 1303 1310
1303 301 1310
1310 301 1303
1325 183 1347
183 1325 1347
1347 183 1325
720 109 196
196 109 720
109 196 720
464 503 681
681 464 503
503 464 681
188 820 1269
820 188 1269
1269 188 820
96 641 868
868 96 641
641 96 868
1129 623 690
623 690 1129
690 623 1129
202 321 369
369 202 321
321 202 369
55 487 1089
1089 55 487
487 55 1089
507 156 1469
156 507 1469
1469 156 507
1268 499 502
499 502 1268
502 499 1268
1282 516 1352
1352 516 1282
516 1282 1352
24 448 724
724 24 448
448 24 724
1425 154 1018
154 1018 1425
1018 154 1425
880 956 1154
956 880 1154
1154 880 956
896 668 962
668 896 962
962 668 896
799 26 223
223 26 799
26 223 799
145 103 1076
103 145 1076
1076 103 145
894 120 1224
120 894 1224
1224 120 894
890 431 678
678 431 890
431 678 890
441 644 1105
644 441 1105
1105 441 644
639 152 796
152 639 796
796 152 639
221 1 1360
1 221 1360
1360 1 221
1480 173 1101
173 1101 1480
1101 173 1480
1140 65 1136
1136 65 1140
65 1136 1140
1295 883 918
918 883 1295
883 918 1295
215 288 1198
1198 215 288
288 215 1198
1290 833 951
833 951 1290
951 833 1290
226 101 1426
101 226 1426
1426 101 226
404 428 1207
428 404 1207
1207 404 428
161 591 736
591 161 736
736 161 591
544 201 1353
201 544 1353
1353 201 544
1128 454 1409
454 1128 1409
1409 454 1128
93 600 860
860 93 600
600 93 860
565 925 1040
1040 565 925
925 565 1040
388 709 1470
709 388 1470
1470 388 709
287 340 622
340 287 622
622 287 340
270 505 835
835 270 505
505 270 835
756 526 617
617 526 756
526 617 756
541 99 256
99 256 541
256 99 541
271 336 795
336 271 795
795 271 336
132 12 382
382 12 132
12 132 382
980 569 908
908 569 980
569 908 980
1095 241 1389
1389 241 1095
241 1095 1389
715 88 1075
88 715 1075
1075 88 715
1418 432 1061
1061 432 1418
432 1061 1418
234 367 597
367 234 597
597 234 367
655 212 395
212 395 655
395 212 655
400 1260 1464
1260 400 1464
1464 400 1260
658 317 944
317 658 944
944 317 658
1197 575 1388
575 1197 1388
1388 575 1197
389 777 1015
777 389 1015
1015 389 777
705 225 921
225 705 921
921 225 705
298 492 932
492 298 932
932 298 492
331 269 489
489 269 331
269 331 489
903 260 1137
1137 260 903
260 903 1137
735 358 830
358 735 830
830 358 735
1320 410 793
410 793 1320
793 410 1320
1127 620 702
620 702 1127
702 620 1127
1324 1356 1364
1364 1324 1356
1356 1324 1364
542 427 828
427 542 828
828 427 542
570 197 602
197 570 602
602 197 570
1205 349 807
349 807 1205
807 349 1205
194 339 822
822 194 339
339 194 822
508 37 506
37 506 508
506 37 508
1222 250 737
737 250 1222
250 737 1222
738 567 1103
1103 567 738
567 738 1103
1273 238 1351
1351 238 1273
238 1273 1351
169 887 1278
887 169 1278
1278 169 887
479 892 1485
892 479 1485
1485 479 892
1443 650 831
831 650 1443
650 831 1443
722 42 800
800 42 722
42 722 800
881 1186 1262
1262 881 1186
1186 881 1262
209 936 1150
936 209 1150
1150 209 936
1387 539 1107
539 1107 1387
1107 539 1387
753 1367 1475
1475 753 1367
1367 753 1475
1195 1049 1350
1049 1195 1350
1350 1049 1195
1305 750 797
750 797 1305
797 750 1305
387 1178 1484
1484 387 1178
1178 387 1484
1083 882 1203
882 1083 1203
1203 882 1083
674 634 1265
634 674 1265
1265 634 674
725 538 803
538 725 803
803 538 725
1141 676 1408
676 1141 1408
1408 676 1141
477 273 579
273 477 579
579 273 477
73 126 906
126 73 906
906 73 126
610 459 1159
1159 459 610
459 610 1159
733 847 1362
1362 733 847
847 733 1362
957 94 813
813 94 957
94 813 957
1184 532 651
651 532 1184
532 651 1184
100 163 682
682 100 163
163 100 682
1042 1130 1453
1130 1042 1453
1453 1042 1130
729 1271 1376
1376 729 1271
1271 729 1376
266 324 1097
324 266 1097
1097 266 324
84 242 877
242 84 877
877 84 242
845 548 1118
548 845 1118
1118 548 845
788 504 613
613 504 788
504 613 788
1245 924 1108
1108 924 1245
924 1108 1245
1378 810 1463
1463 810 1378
810 1378 1463
1340 451 480
480 451 1340
451 480 1340
1115 543 1459
1459 543 1115
543 1115 1459
364 415 633
415 364 633
633 364 415
119 258 1206
1206 119 258
258 119 1206
988 584 989
584 988 989
989 584 988
230 233 1068
1068 230 233
233 230 1068
664 222 663
222 663 664
663 222 664
346 121 912
912 121 346
121 346 912
199 376 1152
1152 199 376
376 199 1152
742 381 1007
1007 381 742
381 742 1007
305 314 1257
1257 305 314
314 305 1257
645 386 919
386 645 919
919 386 645
555 628 657
628 555 657
657 555 628
624 168 672
168 624 672
672 168 624
666 556 1448
1448 556 666
556 666 1448
1438 461 1215
461 1215 1438
1215 461 1438
1144 403 1109
403 1109 1144
1109 403 1144
1294 590 1401
590 1294 1401
1401 590 1294
1011 637 1032
1032 637 1011
637 1011 1032
56 599 1259
599 56 1259
1259 56 599
1405 618 904
618 904 1405
904 618 1405
1478 463 1163
463 1163 1478
1163 463 1478
133 1085 1119
1119 133 1085
1085 133 1119
780 496 521
521 496 780
496 521 780
1008 706 1276
1276 706 1008
706 1008 1276
1343 72 861
72 861 1343
861 72 1343
1437 337 359
359 337 1437
337 359 1437
1016 316 1335
316 1016 1335
1335 316 1016
1149 571 1300
1300 571 1149
571 1149 1300
1096 1146 1471
1146 1096 1471
1471 1096 1146
1251 46 866
866 46 1251
46 866 1251
898 138 1030
1030 138 898
138 898 1030
997 452 1280
1280 452 997
452 997 1280
926 495 667
667 495 926
495 667 926
488 332 834
332 488 834
834 332 488
457 1065 1090
1090 457 1065
1065 457 1090
1169 30 581
581 30 1169
30 581 1169
717 348 864
348 717 864
864 348 717
1034 585 1309
1309 585 1034
585 1034 1309
1450 631 837
837 631 1450
631 837 1450
1382 434 1220
434 1220 1382
1220 434 1382
130 54 293
54 130 293
293 54 130
206 3 280
280 3 206
3 206 280
965 435 1354
1354 435 965
435 965 1354
344 82 812
812 82 344
82 344 812
515 297 808
297 515 808
808 297 515
8 466 1297
466 8 1297
1297 8 466
1316 876 1174
876 1174 1316
1174 876 1316
1287 731 1201
1201 731 1287
731 1201 1287
36 809 826
826 36 809
809 36 826
125 33 727
33 125 727
727 33 125
1466 653 1177
653 1177 1466
1177 653 1466
18 694 778
694 18 778
778 18 694
1160 855 1366
1366 855 1160
855 1160 1366
104 44 1019
1019 44 104
44 104 1019
1023 263 684
684 263 1023
263 684 1023
1319 153 960
960 153 1319
153 960 1319
781 726 1037
1037 726 781
726 781 1037
1384 385 1104
385 1104 1384
1104 385 1384
350 741 761
741 350 761
761 350 741
50 372 941
372 50 941
941 50 372
1147 28 1123
1123 28 1147
28 1123 1147
1410 1200 1302
1200 1302 1410
1302 1200 1410
755 170 1431
1431 170 755
170 755 1431
1230 275 1218
275 1218 1230
1218 275 1230
1416 75 1379
1379 75 1416
75 1379 1416
1080 319 1490
1490 319 1080
319 1080 1490
1062 19 1402
19 1062 1402
1402 19 1062
1391 107 660
107 660 1391
660 107 1391
928 392 984
392 928 984
984 392 928
1349 998 1483
1483 998 1349
998 1349 1483
1445 975 1487
975 1445 1487
1487 975 1445
244 390 1462
1462 244 390
390 244 1462
547 11 1145
1145 11 547
11 547 1145
1199 560 1213
1213 560 1199
560 1199 1213
897 582 592
592 582 897
582 592 897
312 243 759
759 243 312
243 312 759
1456 16 150
150 16 1456
16 150 1456
79 113 470
113 79 470
470 79 113
1291 245 862
862 245 1291
245 862 1291
739 83 635
635 83 739
83 635 739
1013 106 1043
1043 106 1013
106 1013 1043
701 335 836
335 701 836
836 335 701
347 1138 1467
1138 347 1467
1467 347 1138
680 48 869
869 48 680
48 680 869
1476 289 745
289 745 1476
745 289 1476
1440 443 518
518 443 1440
443 518 1440
1472 517 958
517 958 1472
958 517 1472
589 351 747
351 589 747
747 351 589
95 449 1370
449 95 1370
1370 95 449
533 629 710
710 533 629
629 533 710
97 232 1060
1060 97 232
232 97 1060
615 76 900
900 76 615
76 615 900
1432 342 757
757 342 1432
342 757 1432
1398 366 940
940 366 1398
366 940 1398
785 574 576
576 574 785
574 576 785
1168 616 1396
616 1168 1396
1396 616 1168
311 139 283
139 283 311
283 139 311
948 1331 1399
1399 948 1331
1331 948 1399
207 43 490
43 207 490
490 43 207
249 363 1406
363 249 1406
1406 249 363
310 1217 1429
1217 310 1429
1429 310 1217
683 460 1113
1113 460 683
460 683 1113
1293 772 1270
772 1270 1293
1270 772 1293
299 711 1010
711 299 1010
1010 299 711
227 112 1424
1424 112 227
112 227 1424
971 1155 1301
1301 971 1155
1155 971 1301
850 524 1231
524 850 1231
1231 524 850
1036 1179 1314
1179 1036 1314
1314 1036 1179
743 141 228
141 228 743
228 141 743
1112 131 472
472 131 1112
131 472 1112
1289 80 122
122 80 1289
80 122 1289
849 204 598
204 598 849
598 204 849
1176 419 627
419 627 1176
627 419 1176
246 1411 1460
1411 246 1460
1460 246 1411
1414 377 1252
377 1252 1414
1252 377 1414
1165 546 1441
546 1165 1441
1441 546 1165
773 497 867
497 773 867
867 497 773
1311 425 1180
1180 425 1311
425 1180 1311
481 422 1413
422 481 1413
1413 422 481
1248 176 527
176 527 1248
527 176 1248
108 587 1240
587 108 1240
1240 108 587
1191 195 491
195 491 1191
491 195 1191
1194 17 1106
17 1106 1194
1106 17 1194
191 411 884
884 191 411
411 191 884
1285 983 1078
983 1078 1285
1078 983 1285
1272 662 994
662 994 1272
994 662 1272
484 632 1243
1243 484 632
632 484 1243
604 272 568
568 272 604
272 568 604
1058 1153 1481
1153 1058 1481
1481 1058 1153
612 302 1284
302 612 1284
1284 302 612
817 766 1337
1337 766 817
766 817 1337
1110 1006 1434
1434 1006 1110
1006 1110 1434
248 25 166
25 166 248
166 25 248
184 265 643
643 184 265
265 184 643
767 528 557
528 557 767
557 528 767
1041 77 438
77 438 1041
438 77 1041
1069 478 995
478 995 1069
995 478 1069
1341 338 846
846 338 1341
338 846 1341
823 74 286
286 74 823
74 286 823
1457 775 1056
1056 775 1457
775 1056 1457
816 471 670
471 670 816
670 471 816
1368 913 1223
913 1223 1368
1223 913 1368
1348 162 963
162 963 1348
963 162 1348
764 794 805
805 764 794
794 764 805
292 341 776
776 292 341
341 292 776
426 595 1439
1439 426 595
595 426 1439
765 746 891
746 765 891
891 746 765
277 734 937
937 277 734
734 277 937
1454 13 420
13 420 1454
420 13 1454
1210 677 1307
677 1210 1307
1307 677 1210
146 237 916
916 146 237
237 146 916
23 523 1188
523 23 1188
1188 23 523
393 159 1430
1430 159 393
159 393 1430
534 29 1047
29 534 1047
1047 29 534
134 930 976
930 134 976
976 134 930
35 494 558
494 35 558
558 35 494
1156 149 414
414 149 1156
149 414 1156
1233 1328 1403
1328 1233 1403
1403 1233 1328
1183 114 1292
114 1183 1292
1292 114 1183
179 296 611
611 179 296
296 179 611
551 177 732
732 177 551
177 551 732
218 185 1451
185 218 1451
1451 185 218
744 67 1228
67 744 1228
1228 67 744
1135 573 1004
573 1004 1135
1004 573 1135
762 445 1296
1296 445 762
445 762 1296
707 304 594
304 594 707
594 304 707
552 157 1212
157 552 1212
1212 157 552
530 1281 1415
1281 530 1415
1415 530 1281
1420 829 1024
1024 829 1420
829 1024 1420
290 993 1182
993 290 1182
1182 290 993
931 953 1374
953 931 1374
1374 931 953
1211 129 608
608 129 1211
129 608 1211
947 49 165
165 49 947
49 165 947
606 220 1173
1173 220 606
220 606 1173
1455 352 982
352 982 1455
982 352 1455
21 90 889
90 21 889
889 21 90
155 603 1164
603 155 1164
1164 155 603
697 391 577
391 577 697
577 391 697
51 214 1400
214 51 1400
1400 51 214
626 554 1092
554 626 1092
1092 554 626
1342 949 1334
1334 949 1342
949 1334 1342
545 564 992
992 545 564
564 545 992
549 257 1067
257 549 1067
1067 257 549
878 473 790
473 790 878
790 473 878
1035 58 1275
58 1035 1275
1275 58 1035
1121 783 1238
783 1121 1238
1238 783 1121
673 135 444
135 444 673
444 135 673
399 614 1134
1134 399 614
614 399 1134
902 848 1246
848 902 1246
1246 848 902
38 498 840
498 38 840
840 38 498
1498 63 977
63 977 1498
977 63 1498
1473 421 950
950 421 1473
421 950 1473
1025 192 1253
192 1025 1253
1253 192 1025
81 942 996
996 81 942
942 81 996
493 990 1446
1446 493 990
990 493 1446
362 211 870
870 211 362
211 362 870
991 1100 1208
1100 991 1208
1208 991 1100
550 642 1345
642 550 1345
1345 550 642
315 45 1247
1247 45 315
45 315 1247
1120 254 863
863 254 1120
254 863 1120
409 15 1093
1093 15 409
15 409 1093
1005 89 229
89 229 1005
229 89 1005
180 1249 1395
1395 180 1249
1249 180 1395
730 1059 1117
1059 730 1117
1117 730 1059
952 111 413
413 111 952
111 413 952
190 327 961
327 190 961
961 190 327
193 251 1114
1114 193 251
251 193 1114
405 782 859
782 405 859
859 405 782
476 987 1365
1365 476 987
987 476 1365
607 7 172
7 172 607
172 7 607
938 326 580
580 326 938
326 580 938
586 240 1237
240 586 1237
1237 240 586
231 819 905
819 231 905
905 231 819
86 915 923
923 86 915
915 86 923
929 164 687
687 164 929
164 687 929
934 115 268
115 268 934
268 115 934
1111 384 909
909 384 1111
384 909 1111
1283 71 1001
1001 71 1283
71 1001 1283
446 102 1098
102 446 1098
1098 102 446
379 792 1428
792 379 1428
1428 379 792
1390 786 1171
786 1171 1390
1171 786 1390
1355 689 1369
1369 689 1355
689 1355 1369
1495 53 1142
53 1142 1495
1142 53 1495
1422 365 437
437 365 1422
365 437 1422
1190 136 774
136 774 1190
774 136 1190
356 1132 1433
1132 356 1433
1433 356 1132
308 116 954
954 116 308
116 308 954
486 630 704
630 486 704
704 486 630
718 1072 1139
1072 718 1139
1139 718 1072
842 322 1039
322 842 1039
1039 322 842
34 865 1461
865 34 1461
1461 34 865
647 255 1377
1377 255 647
255 647 1377
1375 468 1216
1216 468 1375
468 1216 1375
307 771 1423
771 307 1423
1423 307 771
922 148 636
148 636 922
636 148 922
1066 1254 1318
1254 1066 1318
1318 1066 1254
397 137 537
537 137 397
137 397 537
760 1122 1357
1122 760 1357
1357 760 1122
329 605 1048
605 329 1048
1048 329 605
455 110 698
698 110 455
110 455 698
885 402 1031
402 885 1031
1031 402 885
143 198 1033
198 143 1033
1033 143 198
661 394 1181
394 661 1181
1181 394 661
360 60 512
512 60 360
60 360 512
716 872 1046
1046 716 872
872 716 1046
151 158 888
158 151 888
888 151 158
1094 974 1017
1017 974 1094
974 1017 1094
1116 802 1081
802 1081 1116
1081 802 1116
714 181 253
253 181 714
181 253 714
1404 1021 1261
1021 1261 1404
1261 1021 1404
1363 917 1087
917 1087 1363
1087 917 1363
970 686 791
686 791 970
791 686 970
47 323 967
967 47 323
323 47 967
1158 398 1050
398 1050 1158
1050 398 1158
4 279 1187
279 4 1187
1187 4 279
768 118 825
825 118 768
118 768 825
1482 175 1327
1327 175 1482
175 1327 1482
669 140 695
695 140 669
140 669 695
656 208 1167
1167 208 656
208 656 1167
806 14 262
262 14 806
14 262 806
1232 475 688
475 688 1232
688 475 1232
380 285 1070
285 380 1070
1070 285 380
1020 1063 1288
1288 1020 1063
1063 1020 1288
895 22 1172
22 895 1172
1172 22 895
