120571 20573 70568
20573 70568 120571
70568 20573 120571
15097 33034 62264
62264 15097 33034
33034 15097 62264
84657 13954 21738
21738 13954 84657
13954 21738 84657
12791 117644 119033
117644 12791 119033
119033 12791 117644
65179 90132 116487
90132 65179 116487
116487 65179 90132
146582 50035 59004
59004 50035 146582
50035 59004 146582
134572 70204 122788
70204 122788 134572
122788 70204 134572
140803 3786 63792
63792 3786 140803
3786 63792 140803
143550 9631 71444
9631 71444 143550
71444 9631 143550
114460 87342 122844
87342 114460 122844
122844 87342 114460
59913 25615 71834
25615 59913 71834
71834 25615 59913
2878 114617 134071
114617 2878 134071
134071 2878 114617
147475 32491 108361
108361 32491 147475
32491 108361 147475
48986 85577 89529
85577 48986 89529
89529 48986 85577
103394 30473 89859
89859 30473 103394
30473 89859 103394
31394 69767 134783
134783 31394 69767
69767 31394 134783
73297 48849 55370
48849 55370 73297
55370 48849 73297
68794 30175 131227
30175 68794 131227
131227 30175 68794
140248 99525 105563
105563 99525 140248
99525 105563 140248
43756 79754 147808
79754 43756 147808
147808 43756 79754
140854 22813 129591
129591 22813 140854
22813 129591 140854
146627 47866 75586
75586 47866 146627
47866 75586 146627
114641 5118 144319
144319 5118 114641
5118 114641 144319
101236 9750 33448
9750 33448 101236
33448 9750 101236
64322 44142 134753
134753 44142 64322
44142 64322 134753
91788 20473 90656
90656 20473 91788
20473 90656 91788
81678 80122 145296
80122 81678 145296
145296 80122 81678
122077 48484 73210
73210 48484 122077
48484 73210 122077
60720 12396 51785
51785 12396 60720
12396 51785 60720
77689 37842 134705
134705 37842 77689
37842 77689 134705
40030 31058 139613
139613 31058 40030
31058 40030 139613
145612 16602 111569
111569 16602 145612
16602 111569 145612
102774 2564 75623
2564 75623 102774
75623 2564 102774
106325 39515 57661
57661 39515 106325
39515 57661 106325
130553 31740 146860
146860 31740 130553
31740 130553 146860
86049 81384 143343
143343 81384 86049
81384 86049 143343
147453 28265 94728
94728 28265 147453
28265 94728 147453
119168 9459 97465
97465 9459 119168
9459 97465 119168
4713 93423 98495
98495 4713 93423
93423 4713 98495
51880 89721 103866
103866 51880 89721
89721 51880 103866
137194 109716 139385
139385 109716 137194
109716 137194 139385
40952 128101 147050
147050 40952 128101
128101 40952 147050
54817 136948 138948
136948 54817 138948
138948 54817 136948
125885 27629 76023
27629 76023 125885
76023 27629 125885
88536 84944 113754
84944 88536 113754
113754 84944 88536
48208 36713 120013
36713 48208 120013
120013 36713 48208
19112 122171 129949
122171 19112 129949
129949 19112 122171
135825 68780 147977
68780 135825 147977
147977 68780 135825
39864 35715 122749
35715 39864 122749
122749 35715 39864
84268 31101 130377
130377 31101 84268
31101 84268 130377
112496 127705 144917
127705 112496 144917
144917 112496 127705
28074 43785 144153
43785 28074 144153
144153 28074 43785
67557 72804 128713
128713 67557 72804
72804 67557 128713
68804 37641 126944
37641 68804 126944
126944 37641 68804
4919 19366 133533
19366 4919 133533
133533 4919 19366
69444 36230 129999
129999 36230 69444
36230 69444 129999
3579 18857 98818
98818 3579 18857
18857 3579 98818
20122 102213 140315
102213 20122 140315
140315 20122 102213
21353 122461 125000
125000 21353 122461
122461 21353 125000
53416 49334 124640
124640 49334 53416
49334 53416 124640
140184 19571 75385
19571 75385 140184
75385 19571 140184
56139 59757 91308
91308 56139 59757
59757 56139 91308
78493 139346 143907
139346 78493 143907
143907 78493 139346
111008 54168 83515
54168 83515 111008
83515 54168 111008
90652 1761 127003
127003 1761 90652
1761 90652 127003
34878 101663 141130
101663 34878 141130
141130 34878 101663
136741 58739 93491
93491 58739 136741
58739 93491 136741
5345 8545 75867
75867 5345 8545
8545 5345 75867
5661 126842 135523
135523 5661 126842
126842 5661 135523
36472 47105 75827
47105 36472 75827
75827 36472 47105
135992 40983 70848
70848 40983 135992
40983 70848 135992
63481 86985 103021
103021 63481 86985
86985 63481 103021
58686 55212 83562
55212 58686 83562
83562 55212 58686
35338 6289 85657
6289 35338 85657
85657 6289 35338
126002 65998 95384
95384 65998 126002
65998 95384 126002
6739 76458 132360
76458 6739 132360
132360 6739 76458
141471 32767 139532
139532 32767 141471
32767 139532 141471
84665 116255 132229
116255 84665 132229
132229 84665 116255
112905 19873 80666
80666 19873 112905
19873 80666 112905
67789 15509 69449
15509 67789 69449
69449 15509 67789
108291 22702 110780
22702 108291 110780
110780 22702 108291
147856 39568 79834
79834 39568 147856
39568 79834 147856
138415 97604 102220
102220 97604 138415
97604 102220 138415
45125 21836 27498
27498 21836 45125
21836 27498 45125
140939 43667 137829
137829 43667 140939
43667 137829 140939
47665 108570 142989
142989 47665 108570
108570 47665 142989
8583 11708 77996
77996 8583 11708
11708 8583 77996
111385 28613 82194
82194 28613 111385
28613 82194 111385
79091 104871 137050
137050 79091 104871
104871 79091 137050
110496 37999 114058
114058 37999 110496
37999 110496 114058
72299 15666 62303
62303 15666 72299
15666 62303 72299
87802 121111 122022
122022 87802 121111
121111 87802 122022
72124 24430 61645
61645 24430 72124
24430 61645 72124
32457 92436 134809
134809 32457 92436
92436 32457 134809
9369 70710 110871
70710 9369 110871
110871 9369 70710
105152 27359 111279
111279 27359 105152
27359 105152 111279
108272 119679 136405
136405 108272 119679
119679 108272 136405
66467 33634 99453
33634 66467 99453
99453 33634 66467
80921 81627 101589
101589 80921 81627
81627 80921 101589
33188 31368 32919
32919 31368 33188
31368 32919 33188
144522 38647 146262
38647 144522 146262
146262 38647 144522
57262 65835 145207
65835 57262 145207
145207 57262 65835
7078 78116 80406
78116 7078 80406
80406 7078 78116
35721 148410 148677
148410 35721 148677
148677 35721 148410
48749 84239 115140
84239 48749 115140
115140 48749 84239
5634 50894 127599
50894 5634 127599
127599 5634 50894
97613 103793 123095
123095 97613 103793
103793 97613 123095
20925 2698 116095
2698 20925 116095
116095 2698 20925
7192 56321 73695
73695 7192 56321
56321 7192 73695
17358 8297 123950
8297 17358 123950
123950 8297 17358
96200 29640 123607
29640 96200 123607
123607 29640 96200
84088 40123 46524
40123 46524 84088
46524 40123 84088
141438 29819 113964
29819 113964 141438
113964 29819 141438
114216 27048 62279
62279 27048 114216
27048 62279 114216
118976 66459 149052
66459 118976 149052
149052 66459 118976
56472 68916 112472
112472 56472 68916
68916 56472 112472
41138 92131 136323
136323 41138 92131
92131 41138 136323
89687 33501 77512
33501 77512 89687
77512 33501 89687
76382 16912 80780
80780 16912 76382
16912 76382 80780
148976 6077 18984
18984 6077 148976
6077 18984 148976
21036 72087 105169
105169 21036 72087
72087 21036 105169
99320 72453 83076
83076 72453 99320
72453 83076 99320
137220 34026 53791
53791 34026 137220
34026 53791 137220
99541 55986 79923
79923 55986 99541
55986 79923 99541
149307 71721 116068
71721 116068 149307
116068 71721 149307
13023 37798 79227
79227 13023 37798
37798 13023 79227
3594 4236 4451
4451 3594 4236
4236 3594 4451
134284 13353 137465
13353 134284 137465
137465 13353 134284
12358 44372 144316
144316 12358 44372
44372 12358 144316
128171 24868 85559
24868 85559 128171
85559 24868 128171
144745 103794 104087
104087 103794 144745
103794 104087 144745
17494 50123 143982
50123 17494 143982
143982 17494 50123
135354 52874 146668
146668 52874 135354
52874 135354 146668
43519 33456 147154
147154 33456 43519
33456 43519 147154
32714 41924 79526
41924 32714 79526
79526 32714 41924
68145 88271 107527
88271 68145 107527
107527 68145 88271
62415 80178 137190
137190 62415 80178
80178 62415 137190
71681 51034 123009
51034 71681 123009
123009 51034 71681
1204 46303 134992
134992 1204 46303
46303 1204 134992
5859 26030 132451
132451 5859 26030
26030 5859 132451
26756 86779 143447
86779 26756 143447
143447 26756 86779
128812 101218 143620
101218 128812 143620
143620 101218 128812
102300 31049 109317
31049 102300 109317
109317 31049 102300
29457 8325 30582
30582 8325 29457
8325 29457 30582
104021 15641 81082
15641 81082 104021
81082 15641 104021
6758 55519 140275
55519 6758 140275
140275 6758 55519
17067 86470 103539
103539 17067 86470
86470 17067 103539
60751 99506 108916
99506 60751 108916
108916 60751 99506
99202 110175 114927
114927 99202 110175
110175 99202 114927
33307 111202 115922
115922 33307 111202
111202 33307 115922
83746 11038 71361
11038 71361 83746
71361 11038 83746
103351 105421 109871
105421 103351 109871
109871 103351 105421
40882 25753 57573
57573 25753 40882
25753 40882 57573
17884 9101 138439
138439 9101 17884
9101 17884 138439
143153 73604 88810
88810 73604 143153
73604 88810 143153
32536 90970 96362
96362 32536 90970
90970 32536 96362
99495 40587 83812
40587 83812 99495
83812 40587 99495
134085 6645 40258
40258 6645 134085
6645 40258 134085
83785 91339 101192
101192 83785 91339
91339 83785 101192
53429 31113 92361
92361 31113 53429
31113 53429 92361
80680 71174 142240
71174 80680 142240
142240 71174 80680
88448 7680 69117
7680 69117 88448
69117 7680 88448
146489 59333 94186
59333 94186 146489
94186 59333 146489
127614 106284 137416
137416 106284 127614
106284 127614 137416
12258 49247 87599
87599 12258 49247
49247 12258 87599
41359 23632 83992
23632 41359 83992
83992 23632 41359
88697 6475 70321
70321 6475 88697
6475 70321 88697
76719 49685 51621
51621 49685 76719
49685 51621 76719
96089 41399 89192
41399 89192 96089
89192 41399 96089
53271 101730 125537
101730 53271 125537
125537 53271 101730
4697 33000 130249
33000 4697 130249
130249 4697 33000
136707 64658 117457
64658 117457 136707
117457 64658 136707
16486 10877 45197
45197 10877 16486
10877 16486 45197
13932 5727 58783
5727 13932 58783
58783 5727 13932
45439 69301 76864
76864 45439 69301
69301 45439 76864
16499 82918 130780
130780 16499 82918
82918 16499 130780
26407 25401 50693
50693 25401 26407
25401 26407 50693
46308 41484 76540
76540 41484 46308
41484 46308 76540
125830 30904 58425
58425 30904 125830
30904 58425 125830
54024 60858 117953
60858 54024 117953
117953 54024 60858
18921 40429 107827
107827 18921 40429
40429 18921 107827
112544 30564 149185
149185 30564 112544
30564 112544 149185
32663 89284 130534
130534 32663 89284
89284 32663 130534
211 22647 71026
22647 211 71026
71026 211 22647
44405 1282 20778
20778 1282 44405
1282 20778 44405
69254 68933 104460
104460 68933 69254
68933 69254 104460
24797 39206 112950
39206 24797 112950
112950 24797 39206
13075 10161 102124
102124 10161 13075
10161 13075 102124
85716 10689 72075
10689 72075 85716
72075 10689 85716
4210 7150 62318
7150 4210 62318
62318 4210 7150
55859 72727 82946
82946 55859 72727
72727 55859 82946
46983 87709 132973
87709 46983 132973
132973 46983 87709
111857 66515 114559
114559 66515 111857
66515 111857 114559
49071 32913 76795
76795 32913 49071
32913 49071 76795
108579 862 111434
862 108579 111434
111434 862 108579
103480 29932 95207
95207 29932 103480
29932 95207 103480
41690 29393 87580
29393 41690 87580
87580 29393 41690
73008 18602 135813
18602 73008 135813
135813 18602 73008
11546 25875 131687
131687 11546 25875
25875 11546 131687
49749 52076 88056
52076 49749 88056
88056 49749 52076
103560 15215 29103
29103 15215 103560
15215 29103 103560
97454 65347 91046
65347 91046 97454
91046 65347 97454
103139 81146 87380
87380 81146 103139
81146 87380 103139
28891 130207 137797
130207 28891 137797
137797 28891 130207
66175 27122 119594
27122 66175 119594
119594 27122 66175
29315 32791 112749
32791 29315 112749
112749 29315 32791
100879 20911 77265
20911 77265 100879
77265 20911 100879
61376 46105 145352
145352 46105 61376
46105 61376 145352
8603 63195 67225
63195 8603 67225
67225 8603 63195
94096 88454 118823
118823 88454 94096
88454 94096 118823
16995 97059 133589
133589 16995 97059
97059 16995 133589
73209 12959 143785
143785 12959 73209
12959 73209 143785
16996 88268 140333
88268 16996 140333
140333 16996 88268
139875 37771 136633
37771 136633 139875
136633 37771 139875
16813 12196 74397
74397 12196 16813
12196 16813 74397
33416 41747 68717
41747 33416 68717
68717 33416 41747
89378 69489 135430
135430 69489 89378
69489 89378 135430
25987 31560 103650
103650 25987 31560
31560 25987 103650
69875 13575 84569
13575 69875 84569
84569 13575 69875
35633 93888 118623
93888 35633 118623
118623 35633 93888
41937 118377 135490
135490 41937 118377
118377 41937 135490
48506 1514 110456
1514 48506 110456
110456 1514 48506
78674 68417 74608
68417 74608 78674
74608 68417 78674
112988 47984 133731
133731 47984 112988
47984 112988 133731
23822 1991 3300
1991 3300 23822
3300 1991 23822
139430 17066 121264
121264 17066 139430
17066 121264 139430
112955 18446 127504
18446 112955 127504
127504 18446 112955
149172 13101 120394
13101 120394 149172
120394 13101 149172
134609 98021 109690
109690 98021 134609
98021 109690 134609
86378 109421 117169
109421 86378 117169
117169 86378 109421
22616 79310 81454
81454 22616 79310
79310 22616 81454
125653 90681 139016
90681 125653 139016
139016 90681 125653
53538 87101 122090
122090 53538 87101
87101 53538 122090
124107 51367 57397
51367 57397 124107
57397 51367 124107
17320 64374 122611
64374 17320 122611
122611 17320 64374
23021 70687 105692
105692 23021 70687
70687 23021 105692
18677 18475 127024
127024 18475 18677
18475 18677 127024
91595 87332 99838
99838 87332 91595
87332 91595 99838
8548 22555 99472
99472 8548 22555
22555 8548 99472
133859 26364 40610
40610 26364 133859
26364 40610 133859
46018 97172 106086
97172 46018 106086
106086 46018 97172
137083 1607 107883
1607 107883 137083
107883 1607 137083
45145 23463 44148
44148 23463 45145
23463 44148 45145
12969 62444 121854
62444 12969 121854
121854 12969 62444
42933 65565 115168
115168 42933 65565
65565 42933 115168
80659 6273 71128
6273 71128 80659
71128 6273 80659
89232 5901 102389
5901 89232 102389
102389 5901 89232
122271 107858 121788
121788 107858 122271
107858 121788 122271
103735 87458 144661
144661 87458 103735
87458 103735 144661
107374 2062 13148
13148 2062 107374
2062 13148 107374
78957 1132 11792
1132 11792 78957
11792 1132 78957
1476 23164 41235
41235 1476 23164
23164 1476 41235
115935 1053 140264
140264 1053 115935
1053 115935 140264
104080 111985 140267
140267 104080 111985
111985 104080 140267
43641 14552 135524
14552 43641 135524
135524 14552 43641
127641 70226 98142
70226 98142 127641
98142 70226 127641
134635 66999 132309
132309 66999 134635
66999 132309 134635
58412 26158 141747
141747 26158 58412
26158 58412 141747
14163 45151 128954
128954 14163 45151
45151 14163 128954
134489 31790 56250
31790 56250 134489
56250 31790 134489
53889 295 95029
95029 295 53889
295 53889 95029
66744 76960 84364
84364 66744 76960
76960 66744 84364
63176 26990 69865
26990 63176 69865
69865 26990 63176
140527 31386 121797
31386 121797 140527
121797 31386 140527
103780 32044 91178
32044 91178 103780
91178 32044 103780
62918 92391 130141
130141 62918 92391
92391 62918 130141
44357 104652 115108
104652 44357 115108
115108 44357 104652
129843 82820 106490
82820 106490 129843
106490 82820 129843
24016 25620 51813
51813 24016 25620
25620 24016 51813
141464 21060 112618
112618 21060 141464
21060 112618 141464
10663 45191 102907
45191 10663 102907
102907 10663 45191
4220 61141 63417
61141 4220 63417
63417 4220 61141
76474 12331 48860
48860 12331 76474
12331 48860 76474
148079 29974 101038
29974 101038 148079
101038 29974 148079
64283 75500 118322
118322 64283 75500
75500 64283 118322
34247 95673 98663
98663 34247 95673
95673 34247 98663
48895 38694 102492
38694 48895 102492
102492 38694 48895
79332 116243 143902
143902 79332 116243
116243 79332 143902
83775 89005 94945
89005 83775 94945
94945 83775 89005
50677 101549 113148
101549 50677 113148
113148 50677 101549
73123 14442 66887
14442 66887 73123
66887 14442 73123
70624 30460 34611
34611 30460 70624
30460 34611 70624
24359 38978 100065
38978 24359 100065
100065 24359 38978
28590 55745 84797
84797 28590 55745
55745 28590 84797
18630 34552 114260
114260 18630 34552
34552 18630 114260
38511 11889 96607
11889 38511 96607
96607 11889 38511
107463 76242 115478
115478 76242 107463
76242 107463 115478
60915 19856 21038
21038 19856 60915
19856 21038 60915
52449 21268 149751
149751 21268 52449
21268 52449 149751
81201 40064 45532
40064 45532 81201
45532 40064 81201
122116 20699 102252
20699 102252 122116
102252 20699 122116
75447 92873 102067
92873 75447 102067
102067 75447 92873
57520 24954 137319
24954 57520 137319
137319 24954 57520
113420 54249 90719
54249 90719 113420
90719 54249 113420
23869 5044 92782
5044 23869 92782
92782 5044 23869
91506 10794 18191
18191 10794 91506
10794 18191 91506
66079 19258 141577
19258 66079 141577
141577 19258 66079
97464 95373 132966
132966 95373 97464
95373 97464 132966
29661 59075 128577
59075 29661 128577
128577 29661 59075
2971 14105 140598
14105 2971 140598
140598 2971 14105
108010 99854 143559
99854 108010 143559
143559 99854 108010
112429 8746 90518
90518 8746 112429
8746 90518 112429
130327 37429 66619
66619 37429 130327
37429 66619 130327
98475 8042 129122
8042 98475 129122
129122 8042 98475
61070 72504 75180
72504 61070 75180
75180 61070 72504
105931 13060 127005
13060 105931 127005
127005 13060 105931
61565 122976 127873
127873 61565 122976
122976 61565 127873
95395 44368 148844
148844 44368 95395
44368 95395 148844
44592 74630 131555
131555 44592 74630
74630 44592 131555
113781 126207 134606
126207 113781 134606
134606 113781 126207
18928 31956 54033
31956 18928 54033
54033 18928 31956
67006 49246 109465
109465 49246 67006
49246 67006 109465
69263 40833 54964
40833 54964 69263
54964 40833 69263
13073 104475 128226
128226 13073 104475
104475 13073 128226
96749 15856 50509
50509 15856 96749
15856 50509 96749
96253 109355 146711
146711 96253 109355
109355 96253 146711
50577 18031 27502
27502 18031 50577
18031 27502 50577
113784 34861 131400
34861 113784 131400
131400 34861 113784
128564 33715 97948
97948 33715 128564
33715 97948 128564
118807 20024 24415
24415 20024 118807
20024 24415 118807
2833 74726 135609
135609 2833 74726
74726 2833 135609
128471 87113 136684
87113 128471 136684
136684 87113 128471
27508 101190 109981
109981 27508 101190
101190 27508 109981
13133 62957 106176
106176 13133 62957
62957 13133 106176
137803 11001 93930
93930 11001 137803
11001 93930 137803
113419 99524 100954
100954 99524 113419
99524 100954 113419
99963 95076 135229
95076 99963 135229
135229 95076 99963
51952 48767 58868
48767 51952 58868
58868 48767 51952
125615 6492 15928
6492 15928 125615
15928 6492 125615
40841 11807 87841
11807 40841 87841
87841 11807 40841
106357 147061 149353
147061 106357 149353
149353 106357 147061
23961 27446 141243
141243 23961 27446
27446 23961 141243
125891 4563 147172
147172 4563 125891
4563 125891 147172
34992 10922 98066
98066 10922 34992
10922 34992 98066
204 34762 71884
71884 204 34762
34762 204 71884
26916 58254 86252
58254 26916 86252
86252 26916 58254
30711 13872 29701
13872 29701 30711
29701 13872 30711
65215 55823 69359
55823 65215 69359
69359 55823 65215
31652 37254 121130
121130 31652 37254
37254 31652 121130
19248 40565 96733
40565 19248 96733
96733 19248 40565
88174 39218 74401
39218 74401 88174
74401 39218 88174
14604 609 136550
136550 609 14604
609 14604 136550
6985 9087 97565
97565 6985 9087
9087 6985 97565
81920 52652 65828
65828 52652 81920
52652 65828 81920
983 34849 122007
122007 983 34849
34849 983 122007
3878 43470 56551
56551 3878 43470
43470 3878 56551
22186 11932 141676
11932 22186 141676
141676 11932 22186
96886 85049 101750
85049 96886 101750
101750 85049 96886
46142 10029 50687
10029 46142 50687
50687 10029 46142
61718 44258 74050
74050 44258 61718
44258 61718 74050
107753 97960 99770
99770 97960 107753
97960 99770 107753
54767 9259 107571
9259 54767 107571
107571 9259 54767
136515 107852 147070
107852 136515 147070
147070 107852 136515
113456 64697 144181
64697 113456 144181
144181 64697 113456
73592 19188 113237
113237 19188 73592
19188 73592 113237
59664 100834 103515
103515 59664 100834
100834 59664 103515
82083 75690 123362
75690 82083 123362
123362 75690 82083
134202 29895 134299
29895 134202 134299
134299 29895 134202
61052 28060 59251
28060 59251 61052
59251 28060 61052
143381 33966 141457
141457 33966 143381
33966 141457 143381
107352 102791 148301
148301 102791 107352
102791 107352 148301
59257 81112 88089
81112 59257 88089
88089 59257 81112
111290 38390 128714
38390 111290 128714
128714 38390 111290
70272 11876 108329
11876 70272 108329
108329 11876 70272
107286 109512 119037
119037 107286 109512
109512 107286 119037
22200 22820 148487
148487 22200 22820
22820 22200 148487
19235 9906 12334
12334 9906 19235
9906 12334 19235
144762 179 60383
60383 179 144762
179 60383 144762
100568 18759 78399
78399 18759 100568
18759 78399 100568
144139 24355 47861
24355 47861 144139
47861 24355 144139
131549 18293 34824
18293 34824 131549
34824 18293 131549
26684 5834 14449
14449 5834 26684
5834 14449 26684
102845 15388 75531
75531 15388 102845
15388 75531 102845
148936 8018 11041
8018 11041 148936
11041 8018 148936
86590 68367 70646
70646 68367 86590
68367 70646 86590
130442 92939 116525
92939 116525 130442
116525 92939 130442
110304 15826 133653
133653 15826 110304
15826 110304 133653
82688 85885 98922
98922 82688 85885
85885 82688 98922
99766 35336 60484
60484 35336 99766
35336 60484 99766
24998 57851 144586
57851 24998 144586
144586 24998 57851
69543 64365 81622
81622 64365 69543
64365 69543 81622
89912 26164 145821
26164 89912 145821
145821 26164 89912
136908 57088 84220
57088 84220 136908
84220 57088 136908
136002 66080 99055
99055 66080 136002
66080 99055 136002
48699 42612 42699
42699 42612 48699
42612 42699 48699
136362 33692 136652
136652 33692 136362
33692 136362 136652
148286 49871 106181
106181 49871 148286
49871 106181 148286
41047 15794 73977
73977 15794 41047
15794 41047 73977
69350 14675 101367
101367 14675 69350
14675 69350 101367
66035 20249 121386
121386 20249 66035
20249 66035 121386
36274 31273 59460
59460 31273 36274
31273 36274 59460
145925 57714 89989
89989 57714 145925
57714 89989 145925
10409 37658 39502
37658 10409 39502
39502 10409 37658
35250 42345 94095
94095 35250 42345
42345 35250 94095
28410 17979 75934
75934 17979 28410
17979 28410 75934
109120 7610 44294
44294 7610 109120
7610 44294 109120
73964 17315 149537
17315 73964 149537
149537 17315 73964
50721 91727 97169
91727 50721 97169
97169 50721 91727
125875 138 159
138 159 125875
159 138 125875
82363 96312 139015
139015 82363 96312
96312 82363 139015
119623 18901 47164
18901 47164 119623
47164 18901 119623
47487 75240 75243
75240 47487 75243
75243 47487 75240
101073 30633 45523
30633 45523 101073
45523 30633 101073
138056 75302 114310
75302 114310 138056
114310 75302 138056
130789 77694 138877
77694 130789 138877
138877 77694 130789
86546 116744 123441
123441 86546 116744
116744 86546 123441
37423 1814 53076
53076 1814 37423
1814 37423 53076
15956 15127 134382
15127 15956 134382
134382 15127 15956
72970 75384 118929
75384 72970 118929
118929 72970 75384
77141 78966 83216
78966 77141 83216
83216 77141 78966
41761 116663 131724
131724 41761 116663
116663 41761 131724
22688 17333 36386
36386 17333 22688
17333 22688 36386
101368 68744 115438
115438 68744 101368
68744 101368 115438
31948 37948 113184
113184 31948 37948
37948 31948 113184
110674 42676 147890
42676 110674 147890
147890 42676 110674
84909 76071 144695
144695 76071 84909
76071 84909 144695
7692 99513 132949
99513 7692 132949
132949 7692 99513
44242 96719 116411
96719 44242 116411
116411 44242 96719
136344 2069 97044
97044 2069 136344
2069 97044 136344
31841 5539 56668
5539 31841 56668
56668 5539 31841
75668 12055 57983
12055 57983 75668
57983 12055 75668
70126 38338 118921
118921 38338 70126
38338 70126 118921
28612 22778 32466
32466 22778 28612
22778 28612 32466
124894 16729 90611
16729 90611 124894
90611 16729 124894
611 58464 138656
58464 611 138656
138656 611 58464
118719 55699 101100
55699 101100 118719
101100 55699 118719
123534 41478 143972
143972 41478 123534
41478 123534 143972
97739 70758 131379
131379 70758 97739
70758 97739 131379
88749 60533 140343
60533 88749 140343
140343 60533 88749
106172 109925 129635
109925 106172 129635
129635 106172 109925
147218 38320 97890
97890 38320 147218
38320 97890 147218
133323 23232 134698
23232 133323 134698
134698 23232 133323
129595 93718 138570
138570 93718 129595
93718 129595 138570
142881 28253 60742
60742 28253 142881
28253 60742 142881
96943 113615 133700
113615 96943 133700
133700 96943 113615
125427 56702 129928
56702 125427 129928
129928 56702 125427
42366 36634 115926
36634 42366 115926
115926 36634 42366
88695 58970 149880
58970 88695 149880
149880 58970 88695
115548 79202 105718
105718 79202 115548
79202 105718 115548
16976 88954 125724
88954 16976 125724
125724 16976 88954
78245 85359 108188
85359 78245 108188
108188 78245 85359
4660 6048 117467
6048 4660 117467
117467 4660 6048
22789 24800 56060
24800 22789 56060
56060 22789 24800
30210 37997 143218
143218 30210 37997
37997 30210 143218
106040 78429 107037
107037 78429 106040
78429 106040 107037
111917 41216 148457
41216 111917 148457
148457 41216 111917
7713 6842 29185
6842 7713 29185
29185 6842 7713
50710 40071 66784
66784 40071 50710
40071 50710 66784
40133 104298 120802
104298 40133 120802
120802 40133 104298
129053 30628 141450
141450 30628 129053
30628 129053 141450
138956 2519 11809
2519 11809 138956
11809 2519 138956
123784 2319 63979
2319 63979 123784
63979 2319 123784
131964 123803 144190
123803 131964 144190
144190 123803 131964
146782 71566 91873
91873 71566 146782
71566 91873 146782
105359 9891 72439
9891 72439 105359
72439 9891 105359
43608 93817 106674
93817 43608 106674
106674 43608 93817
10252 4839 59325
59325 4839 10252
4839 10252 59325
139729 20522 52889
52889 20522 139729
20522 52889 139729
69388 71925 135966
71925 69388 135966
135966 69388 71925
18039 39124 97152
97152 18039 39124
39124 18039 97152
77806 51796 79920
79920 51796 77806
51796 77806 79920
117307 32386 104162
104162 32386 117307
32386 104162 117307
31769 75836 87538
75836 31769 87538
87538 31769 75836
40094 109568 112072
109568 40094 112072
112072 40094 109568
36463 39628 130660
39628 36463 130660
130660 36463 39628
79370 59754 130461
130461 59754 79370
59754 79370 130461
89946 100945 125670
125670 89946 100945
100945 89946 125670
13219 51205 131326
131326 13219 51205
51205 13219 131326
94299 16850 66177
16850 66177 94299
66177 16850 94299
84931 118742 130783
118742 84931 130783
130783 84931 118742
34364 4808 29348
29348 4808 34364
4808 29348 34364
91150 113999 138958
113999 91150 138958
138958 91150 113999
138852 55176 130063
130063 55176 138852
55176 130063 138852
63828 112941 133578
112941 63828 133578
133578 63828 112941
3703 18843 58930
18843 3703 58930
58930 3703 18843
27474 88504 90886
88504 27474 90886
90886 27474 88504
57381 51991 80490
80490 51991 57381
51991 57381 80490
64486 6743 20338
20338 6743 64486
6743 20338 64486
139803 46495 103602
103602 46495 139803
46495 103602 139803
54282 30750 83594
30750 54282 83594
83594 30750 54282
78558 12560 56998
12560 56998 78558
56998 12560 78558
50582 99191 148045
148045 50582 99191
99191 50582 148045
82573 51452 81886
51452 81886 82573
81886 51452 82573
102106 39373 54194
39373 54194 102106
54194 39373 102106
90657 33151 146776
33151 90657 146776
146776 33151 90657
85683 41297 106898
41297 85683 106898
106898 41297 85683
105210 26096 63592
26096 63592 105210
63592 26096 105210
59790 133950 137124
133950 59790 137124
137124 59790 133950
37540 85325 135021
135021 37540 85325
85325 37540 135021
146954 32692 123053
123053 32692 146954
32692 123053 146954
58144 49262 101287
49262 58144 101287
101287 49262 58144
131957 47637 64754
47637 64754 131957
64754 47637 131957
28663 72858 107479
107479 28663 72858
72858 28663 107479
109294 62 18178
62 18178 109294
18178 62 109294
49926 55043 149835
149835 49926 55043
55043 49926 149835
140701 42628 130645
42628 130645 140701
130645 42628 140701
72051 1518 46515
1518 46515 72051
46515 1518 72051
132574 89532 115742
89532 115742 132574
115742 89532 132574
114985 29987 111722
29987 111722 114985
111722 29987 114985
49603 54316 90953
90953 49603 54316
54316 49603 90953
25172 46784 144663
46784 25172 144663
144663 25172 46784
127261 55335 145866
55335 127261 145866
145866 55335 127261
2473 49552 62533
49552 2473 62533
62533 2473 49552
144442 10810 11220
10810 11220 144442
11220 10810 144442
66614 2719 3697
3697 2719 66614
2719 3697 66614
92331 51697 64720
51697 64720 92331
64720 51697 92331
94486 2361 102652
2361 94486 102652
102652 2361 94486
118693 99450 136158
136158 99450 118693
99450 118693 136158
24344 11002 127907
11002 24344 127907
127907 11002 24344
63045 112871 124416
124416 63045 112871
112871 63045 124416
78540 110085 145248
110085 78540 145248
145248 78540 110085
116001 56381 123921
56381 116001 123921
123921 56381 116001
131178 121946 147857
147857 121946 131178
121946 131178 147857
97661 26134 132997
132997 26134 97661
26134 97661 132997
63734 15836 78629
78629 15836 63734
15836 63734 78629
130133 19333 80039
19333 80039 130133
80039 19333 130133
105605 116459 131238
116459 105605 131238
131238 105605 116459
47623 52348 113730
52348 47623 113730
113730 47623 52348
95154 73472 146540
73472 95154 146540
146540 73472 95154
120773 21382 101857
21382 101857 120773
101857 21382 120773
1500 10521 50341
10521 1500 50341
50341 1500 10521
125271 54870 70796
70796 54870 125271
54870 70796 125271
142152 41188 146047
41188 142152 146047
146047 41188 142152
4261 59662 84497
59662 4261 84497
84497 4261 59662
47339 66067 109759
66067 47339 109759
109759 47339 66067
96948 81182 131759
131759 81182 96948
81182 96948 131759
83818 69619 90422
90422 69619 83818
69619 83818 90422
37539 8775 29787
29787 8775 37539
8775 29787 37539
148727 20959 96722
96722 20959 148727
20959 96722 148727
20094 74502 118931
74502 20094 118931
118931 20094 74502
8515 95358 147579
147579 8515 95358
95358 8515 147579
34170 62755 110460
62755 34170 110460
110460 34170 62755
72276 50608 142414
142414 50608 72276
50608 72276 142414
90783 25499 108184
108184 25499 90783
25499 90783 108184
72904 49772 92393
92393 49772 72904
49772 72904 92393
24116 117301 139716
139716 24116 117301
117301 24116 139716
92447 5798 118663
5798 92447 118663
118663 5798 92447
78223 30137 51835
51835 30137 78223
30137 51835 78223
25396 32704 109130
32704 25396 109130
109130 25396 32704
54300 61488 66387
61488 54300 66387
66387 54300 61488
55570 76590 104673
76590 55570 104673
104673 55570 76590
71592 3055 57999
3055 57999 71592
57999 3055 71592
115704 10625 74565
74565 10625 115704
10625 74565 115704
145255 15 102477
15 102477 145255
102477 15 145255
58145 5792 35770
5792 35770 58145
35770 5792 58145
11351 20850 130895
20850 11351 130895
130895 11351 20850
111769 32325 73781
73781 32325 111769
32325 73781 111769
57719 60667 130214
60667 57719 130214
130214 57719 60667
105199 90522 121996
121996 90522 105199
90522 105199 121996
62231 44079 57466
44079 57466 62231
57466 44079 62231
42074 64673 79124
64673 42074 79124
79124 42074 64673
40272 62392 92819
62392 40272 92819
92819 40272 62392
124665 72021 74598
72021 74598 124665
74598 72021 124665
104478 25702 122892
122892 25702 104478
25702 104478 122892
34349 22378 29754
29754 22378 34349
22378 29754 34349
120463 12446 27717
27717 12446 120463
12446 27717 120463
9460 66558 68866
68866 9460 66558
66558 9460 68866
41785 68511 139344
139344 41785 68511
68511 41785 139344
132478 7430 18798
18798 7430 132478
7430 18798 132478
92212 27617 137474
27617 92212 137474
137474 27617 92212
128104 5048 72232
72232 5048 128104
5048 72232 128104
100981 10023 118314
10023 100981 118314
118314 10023 100981
28561 74895 143412
74895 28561 143412
143412 28561 74895
112387 2569 118140
118140 2569 112387
2569 112387 118140
72467 50902 72530
50902 72467 72530
72530 50902 72467
61647 9688 139116
9688 61647 139116
139116 9688 61647
4695 26257 85062
26257 4695 85062
85062 4695 26257
51852 39857 143239
39857 51852 143239
143239 39857 51852
35047 56942 124580
56942 35047 124580
124580 35047 56942
45835 51907 113711
51907 45835 113711
113711 45835 51907
64417 5912 95978
5912 64417 95978
95978 5912 64417
95813 38347 41253
38347 41253 95813
41253 38347 95813
130402 4935 14745
14745 4935 130402
4935 14745 130402
146864 39442 62808
62808 39442 146864
39442 62808 146864
101212 16794 60460
60460 16794 101212
16794 60460 101212
58096 67680 73392
73392 58096 67680
67680 58096 73392
73236 16692 75474
16692 73236 75474
75474 16692 73236
2091 13597 106536
13597 2091 106536
106536 2091 13597
137383 39201 137800
39201 137383 137800
137800 39201 137383
12372 42625 90774
90774 12372 42625
42625 12372 90774
7818 9364 124001
124001 7818 9364
9364 7818 124001
115725 22226 141548
141548 22226 115725
22226 115725 141548
97772 47652 53185
53185 47652 97772
47652 53185 97772
50796 19565 114691
114691 19565 50796
19565 50796 114691
38677 123648 145307
123648 38677 145307
145307 38677 123648
69079 16242 133320
16242 69079 133320
133320 16242 69079
72606 20384 38964
20384 38964 72606
38964 20384 72606
47240 119901 133896
119901 47240 133896
133896 47240 119901
138840 113329 141173
141173 113329 138840
113329 138840 141173
98334 97125 121808
97125 98334 121808
121808 97125 98334
125276 5210 137307
5210 125276 137307
137307 5210 125276
142624 49126 76175
76175 49126 142624
49126 76175 142624
138745 69582 148563
69582 138745 148563
148563 69582 138745
66779 17759 41576
17759 41576 66779
41576 17759 66779
36821 52527 77440
52527 36821 77440
77440 36821 52527
35999 1202 109843
1202 35999 109843
109843 1202 35999
10813 93419 122875
122875 10813 93419
93419 10813 122875
71463 83548 138924
138924 71463 83548
83548 71463 138924
129086 6423 48448
48448 6423 129086
6423 48448 129086
108498 36940 63128
36940 63128 108498
63128 36940 108498
65469 25099 44198
44198 25099 65469
25099 44198 65469
52226 56301 82154
82154 52226 56301
56301 52226 82154
38266 6573 138525
138525 6573 38266
6573 38266 138525
116389 4383 15665
15665 4383 116389
4383 15665 116389
110991 73424 121257
121257 73424 110991
73424 110991 121257
42482 72887 93812
93812 42482 72887
72887 42482 93812
112122 29330 104880
104880 29330 112122
29330 104880 112122
134156 70815 133441
70815 133441 134156
133441 70815 134156
70306 6578 52502
6578 52502 70306
52502 6578 70306
108762 15236 34075
15236 34075 108762
34075 15236 108762
14178 57357 111140
57357 14178 111140
111140 14178 57357
13422 78 41601
41601 78 13422
78 13422 41601
142337 122200 145448
145448 122200 142337
122200 142337 145448
9204 26957 95904
26957 9204 95904
95904 9204 26957
40210 35041 100712
35041 40210 100712
100712 35041 40210
81005 97278 130193
97278 81005 130193
130193 81005 97278
68061 530 63236
530 63236 68061
63236 530 68061
3227 108363 134038
108363 3227 134038
134038 3227 108363
60638 113585 125853
113585 60638 125853
125853 60638 113585
61193 52691 94902
94902 52691 61193
52691 61193 94902
3932 86925 148814
148814 3932 86925
86925 3932 148814
81361 9110 9528
9110 9528 81361
9528 9110 81361
27785 8156 147300
147300 8156 27785
8156 27785 147300
44229 53092 124948
53092 44229 124948
124948 44229 53092
73681 785 82076
82076 785 73681
785 73681 82076
47203 75035 95314
95314 47203 75035
75035 47203 95314
43126 110385 138035
110385 43126 138035
138035 43126 110385
92326 8704 66052
8704 66052 92326
66052 8704 92326
39875 77821 130596
130596 39875 77821
77821 39875 130596
120988 101689 119278
119278 101689 120988
101689 119278 120988
96794 41088 143908
143908 41088 96794
41088 96794 143908
30561 56800 72754
56800 30561 72754
72754 30561 56800
22050 44586 69507
44586 22050 69507
69507 22050 44586
25817 16139 82775
16139 25817 82775
82775 16139 25817
67121 56183 96261
56183 67121 96261
96261 56183 67121
83262 13599 139710
139710 13599 83262
13599 83262 139710
38421 122047 147797
147797 38421 122047
122047 38421 147797
52986 69062 76406
69062 52986 76406
76406 52986 69062
75505 54376 137208
137208 54376 75505
54376 75505 137208
74325 22485 125187
125187 22485 74325
22485 74325 125187
146264 18089 88049
18089 88049 146264
88049 18089 146264
57712 71 126778
71 57712 126778
126778 71 57712
87350 21630 54506
54506 21630 87350
21630 54506 87350
141882 51051 80376
51051 80376 141882
80376 51051 141882
106927 62771 121383
121383 62771 106927
62771 106927 121383
70234 27815 51669
51669 27815 70234
27815 51669 70234
9448 16848 111070
16848 9448 111070
111070 9448 16848
55966 19047 55709
55709 19047 55966
19047 55709 55966
119094 60814 68121
60814 68121 119094
68121 60814 119094
30652 89839 133684
133684 30652 89839
89839 30652 133684
8054 42517 118015
118015 8054 42517
42517 8054 118015
147418 52080 62137
62137 52080 147418
52080 62137 147418
14209 62549 66471
62549 14209 66471
66471 14209 62549
55470 120048 124908
120048 55470 124908
124908 55470 120048
141301 98093 132062
98093 132062 141301
132062 98093 141301
19580 60136 113498
113498 19580 60136
60136 19580 113498
35318 4615 24972
4615 24972 35318
24972 4615 35318
105713 79180 90988
90988 79180 105713
79180 90988 105713
31624 12946 146041
12946 31624 146041
146041 12946 31624
58311 39805 98683
39805 58311 98683
98683 39805 58311
95260 54652 62655
54652 62655 95260
62655 54652 95260
59907 49562 108482
108482 49562 59907
49562 59907 108482
102131 9965 36760
36760 9965 102131
9965 36760 102131
146296 85886 94069
85886 94069 146296
94069 85886 146296
44436 114859 141686
114859 44436 141686
141686 44436 114859
46148 72732 77438
72732 46148 77438
77438 46148 72732
136939 7372 38615
7372 38615 136939
38615 7372 136939
107804 105366 126298
126298 105366 107804
105366 107804 126298
45612 10549 125667
125667 10549 45612
10549 45612 125667
143760 41776 144839
41776 143760 144839
144839 41776 143760
36818 2330 37009
2330 36818 37009
37009 2330 36818
106944 1091 48351
48351 1091 106944
1091 48351 106944
51524 11862 53435
53435 11862 51524
11862 51524 53435
28596 13707 62019
62019 13707 28596
13707 28596 62019
91396 3029 14194
14194 3029 91396
3029 14194 91396
36327 85553 133953
85553 36327 133953
133953 36327 85553
85988 72239 113944
113944 72239 85988
72239 85988 113944
64929 53738 79746
79746 53738 64929
53738 64929 79746
121290 100167 124895
100167 121290 124895
124895 100167 121290
111673 16030 104239
16030 104239 111673
104239 16030 111673
88929 77540 113860
77540 88929 113860
113860 77540 88929
48637 54847 106877
54847 48637 106877
106877 48637 54847
10675 69040 90673
90673 10675 69040
69040 10675 90673
62027 12633 64152
12633 62027 64152
64152 12633 62027
80550 11143 140365
11143 80550 140365
140365 11143 80550
53717 7737 28609
28609 7737 53717
7737 28609 53717
11163 43200 48634
48634 11163 43200
43200 11163 48634
12 42461 132234
132234 12 42461
42461 12 132234
108640 110111 131680
131680 108640 110111
110111 108640 131680
121165 16039 84025
16039 84025 121165
84025 16039 121165
40544 28349 100658
28349 40544 100658
100658 28349 40544
61240 1751 85058
85058 1751 61240
1751 61240 85058
111081 62633 133134
133134 62633 111081
62633 111081 133134
120663 19673 86620
19673 86620 120663
86620 19673 120663
56300 19888 39540
19888 39540 56300
39540 19888 56300
48951 126339 147176
147176 48951 126339
126339 48951 147176
71549 122399 134824
122399 71549 134824
134824 71549 122399
9091 55058 64363
64363 9091 55058
55058 9091 64363
114607 93292 136015
93292 114607 136015
136015 93292 114607
80071 40825 115407
40825 80071 115407
115407 40825 80071
64915 47642 134388
134388 47642 64915
47642 64915 134388
87658 15729 99865
15729 87658 99865
99865 15729 87658
67724 27968 60229
27968 60229 67724
60229 27968 67724
140995 56170 61785
61785 56170 140995
56170 61785 140995
34587 31858 57802
31858 34587 57802
57802 31858 34587
124469 20624 26862
26862 20624 124469
20624 26862 124469
72152 3343 145685
145685 3343 72152
3343 72152 145685
111662 76038 77764
76038 77764 111662
77764 76038 111662
29436 8269 133443
133443 8269 29436
8269 29436 133443
74230 132239 137368
137368 74230 132239
132239 74230 137368
95368 92216 139688
92216 95368 139688
139688 92216 95368
131233 12408 85590
