37436 71660 133231
71660 37436 133231
133231 37436 71660
2480 98619 116128
116128 2480 98619
98619 2480 116128
70939 119597 138721
138721 70939 119597
119597 70939 138721
142882 60819 62439
60819 62439 142882
62439 60819 142882
128334 16739 27603
27603 16739 128334
16739 27603 128334
138975 102628 146863
102628 138975 146863
146863 102628 138975
5091 65643 148909
148909 5091 65643
65643 5091 148909
2181 76551 114683
76551 2181 114683
114683 2181 76551
2913 38211 86386
86386 2913 38211
38211 2913 86386
132907 84456 141771
84456 132907 141771
141771 84456 132907
125182 56772 59611
59611 56772 125182
56772 59611 125182
140905 2160 140981
2160 140905 140981
140981 2160 140905
12621 30002 103429
103429 12621 30002
30002 12621 103429
65819 32205 107979
107979 32205 65819
32205 65819 107979
140814 66405 80912
80912 66405 140814
66405 80912 140814
120147 2158 42214
42214 2158 120147
2158 42214 120147
124106 59443 65051
65051 59443 124106
59443 65051 124106
33032 4199 135339
135339 4199 33032
4199 33032 135339
130796 17921 115236
17921 115236 130796
115236 17921 130796
74051 69928 132511
132511 69928 74051
69928 74051 132511
12822 59002 93508
93508 12822 59002
59002 12822 93508
91810 63175 85350
85350 63175 91810
63175 85350 91810
8797 40058 51186
40058 8797 51186
51186 8797 40058
70047 25485 126563
25485 70047 126563
126563 25485 70047
7040 66931 103917
66931 7040 103917
103917 7040 66931
84237 70654 138499
138499 70654 84237
70654 84237 138499
136505 31941 51562
51562 31941 136505
31941 51562 136505
42901 20923 44549
44549 20923 42901
20923 42901 44549
143432 6823 143126
143126 6823 143432
6823 143126 143432
7708 18463 43084
18463 7708 43084
43084 7708 18463
67754 66308 138534
138534 66308 67754
66308 67754 138534
13439 6771 94156
6771 13439 94156
94156 6771 13439
61458 44261 144328
144328 44261 61458
44261 61458 144328
95156 60984 149881
60984 95156 149881
149881 60984 95156
73628 37355 59666
37355 59666 73628
59666 37355 73628
15281 130370 146375
130370 15281 146375
146375 15281 130370
256 100993 145463
100993 256 145463
145463 256 100993
54157 93399 112838
93399 54157 112838
112838 54157 93399
47523 36962 87925
36962 47523 87925
87925 36962 47523
79762 82035 105757
105757 79762 82035
82035 79762 105757
64057 18882 129084
129084 18882 64057
18882 64057 129084
116868 107748 117182
117182 107748 116868
107748 116868 117182
70932 45296 131056
131056 45296 70932
45296 70932 131056
108465 8368 29778
29778 8368 108465
8368 29778 108465
57934 31138 66488
31138 57934 66488
66488 31138 57934
51743 8037 149017
149017 8037 51743
8037 51743 149017
38947 42757 109448
109448 38947 42757
42757 38947 109448
33404 89912 91326
91326 33404 89912
89912 33404 91326
107967 118862 137277
137277 107967 118862
118862 107967 137277
148560 21146 44941
21146 44941 148560
44941 21146 148560
112859 7125 122614
7125 112859 122614
122614 7125 112859
40453 1823 103749
1823 40453 103749
103749 1823 40453
21684 117795 125837
125837 21684 117795
117795 21684 125837
95019 97362 134064
134064 95019 97362
97362 95019 134064
19764 12113 136040
136040 12113 19764
12113 19764 136040
85187 115325 126761
115325 85187 126761
126761 85187 115325
106943 63618 130175
63618 106943 130175
130175 63618 106943
25057 34468 58795
34468 25057 58795
58795 25057 34468
38986 16006 78094
16006 38986 78094
78094 16006 38986
121705 82328 89103
89103 82328 121705
82328 89103 121705
60466 43320 89118
89118 43320 60466
43320 60466 89118
17178 12271 19558
12271 17178 19558
19558 12271 17178
131557 21925 115918
115918 21925 131557
21925 115918 131557
136164 27716 61782
27716 61782 136164
61782 27716 136164
129036 25531 126429
25531 126429 129036
126429 25531 129036
132091 21981 99645
21981 99645 132091
99645 21981 132091
25714 61915 124648
61915 25714 124648
124648 25714 61915
46 85410 95307
95307 46 85410
85410 46 95307
39787 5 18036
18036 5 39787
5 18036 39787
138280 17376 50922
50922 17376 138280
17376 50922 138280
7433 7128 10237
10237 7128 7433
7128 7433 10237
42856 37 136795
136795 37 42856
37 42856 136795
5432 35601 143115
143115 5432 35601
35601 5432 143115
106139 163 58315
58315 163 106139
163 58315 106139
49128 51261 138063
51261 49128 138063
138063 49128 51261
26629 121097 147852
121097 26629 147852
147852 26629 121097
37216 94469 143893
143893 37216 94469
94469 37216 143893
21957 27117 138916
138916 21957 27117
27117 21957 138916
142102 76284 94863
94863 76284 142102
76284 94863 142102
149970 133315 145941
145941 133315 149970
133315 145941 149970
118848 15643 102775
102775 15643 118848
15643 102775 118848
23955 12128 75764
12128 23955 75764
75764 12128 23955
67487 96626 100037
96626 67487 100037
100037 67487 96626
78846 97044 107292
97044 78846 107292
107292 78846 97044
140838 29364 92801
29364 92801 140838
92801 29364 140838
11978 83338 129962
83338 11978 129962
129962 11978 83338
45502 112891 136927
112891 45502 136927
136927 45502 112891
18718 16271 59112
16271 18718 59112
59112 16271 18718
58663 60921 73497
73497 58663 60921
60921 58663 73497
131348 18560 102853
102853 18560 131348
18560 102853 131348
97189 87493 123386
87493 97189 123386
123386 87493 97189
127518 56698 134485
134485 56698 127518
56698 127518 134485
103338 51659 104503
104503 51659 103338
51659 103338 104503
106517 54564 58892
54564 58892 106517
58892 54564 106517
95884 71598 72740
71598 72740 95884
72740 71598 95884
134427 82031 124575
82031 124575 134427
124575 82031 134427
103684 11563 68801
68801 11563 103684
11563 68801 103684
75948 9574 24591
24591 9574 75948
9574 24591 75948
128320 32748 68255
32748 68255 128320
68255 32748 128320
36163 36532 58983
58983 36163 36532
36532 36163 58983
65177 39013 39900
39013 39900 65177
39900 39013 65177
52947 10955 116337
116337 10955 52947
10955 52947 116337
85884 60298 136305
136305 60298 85884
60298 85884 136305
143758 84808 89210
89210 84808 143758
84808 89210 143758
47069 67076 108609
67076 47069 108609
108609 47069 67076
30464 15008 83882
83882 15008 30464
15008 30464 83882
107872 40377 134992
134992 40377 107872
40377 107872 134992
60434 19007 100137
100137 19007 60434
19007 60434 100137
57933 11576 48115
11576 48115 57933
48115 11576 57933
73164 53096 84118
53096 73164 84118
84118 53096 73164
719 48176 94957
94957 719 48176
48176 719 94957
133113 58968 79974
58968 79974 133113
79974 58968 133113
103191 13371 22539
22539 13371 103191
13371 22539 103191
93714 18208 104074
104074 18208 93714
18208 93714 104074
88523 71531 132287
71531 88523 132287
132287 71531 88523
77625 41119 118938
41119 77625 118938
118938 41119 77625
39581 74346 125460
74346 39581 125460
125460 39581 74346
10457 25642 44514
44514 10457 25642
25642 10457 44514
135289 2453 138974
2453 135289 138974
138974 2453 135289
100518 97101 113682
113682 97101 100518
97101 100518 113682
41059 14113 81155
14113 41059 81155
81155 14113 41059
116765 38903 146461
146461 38903 116765
38903 116765 146461
15241 41307 74450
74450 15241 41307
41307 15241 74450
42916 67808 132112
67808 42916 132112
132112 42916 67808
41358 93279 144756
144756 41358 93279
93279 41358 144756
58869 56486 90491
90491 56486 58869
56486 58869 90491
92704 59636 72809
72809 59636 92704
59636 72809 92704
9098 6329 20128
20128 6329 9098
6329 9098 20128
147952 86674 120499
86674 120499 147952
120499 86674 147952
144186 9448 112375
9448 112375 144186
112375 9448 144186
10209 28614 63509
28614 10209 63509
63509 10209 28614
68484 8922 90398
8922 68484 90398
90398 8922 68484
129865 6050 9547
9547 6050 129865
6050 9547 129865
3036 41704 52689
41704 3036 52689
52689 3036 41704
4830 53274 66167
66167 4830 53274
53274 4830 66167
141951 90064 130889
90064 130889 141951
130889 90064 141951
149463 110911 116290
116290 110911 149463
110911 116290 149463
112258 103974 147669
103974 112258 147669
147669 103974 112258
27207 9368 31246
9368 27207 31246
31246 9368 27207
73830 59706 63816
59706 63816 73830
63816 59706 73830
146984 14281 55934
14281 55934 146984
55934 14281 146984
124436 38299 81618
81618 38299 124436
38299 81618 124436
13785 52619 74142
74142 13785 52619
52619 13785 74142
130871 31006 60136
31006 60136 130871
60136 31006 130871
29942 4421 9883
4421 9883 29942
9883 4421 29942
34843 40213 138646
40213 34843 138646
138646 34843 40213
79903 1548 42440
1548 42440 79903
42440 1548 79903
102357 32458 119121
32458 102357 119121
119121 32458 102357
141504 25825 144885
25825 141504 144885
144885 25825 141504
1793 6975 93092
93092 1793 6975
6975 1793 93092
29546 66675 69428
66675 29546 69428
69428 29546 66675
113174 18035 131067
131067 18035 113174
18035 113174 131067
36309 61331 139889
61331 36309 139889
139889 36309 61331
132230 73321 100429
100429 73321 132230
73321 100429 132230
128087 95314 107160
107160 95314 128087
95314 107160 128087
10600 59712 78560
78560 10600 59712
59712 10600 78560
19646 32184 130729
130729 19646 32184
32184 19646 130729
148795 36414 85794
36414 85794 148795
85794 36414 148795
138051 42699 113098
42699 113098 138051
113098 42699 138051
122201 22309 123148
123148 22309 122201
22309 122201 123148
30816 59360 114099
114099 30816 59360
59360 30816 114099
84629 56218 121912
121912 56218 84629
56218 84629 121912
15965 27094 111095
27094 15965 111095
111095 15965 27094
2187 106626 143294
143294 2187 106626
106626 2187 143294
56176 2423 26125
2423 26125 56176
26125 2423 56176
48032 7503 139484
7503 48032 139484
139484 7503 48032
135440 25977 115732
25977 115732 135440
115732 25977 135440
131746 72588 96880
72588 96880 131746
96880 72588 131746
57063 104193 125648
125648 57063 104193
104193 57063 125648
56461 44712 129281
129281 44712 56461
44712 56461 129281
21878 29768 106846
106846 21878 29768
29768 21878 106846
55158 26671 72803
72803 26671 55158
26671 55158 72803
30024 72361 93547
72361 30024 93547
93547 30024 72361
11095 15671 65982
65982 11095 15671
15671 11095 65982
101027 67171 72477
67171 72477 101027
72477 67171 101027
14037 88671 116274
116274 14037 88671
88671 14037 116274
78946 70955 97911
70955 78946 97911
97911 70955 78946
28782 17202 43642
43642 17202 28782
17202 28782 43642
136249 40807 74381
74381 40807 136249
40807 74381 136249
63256 50914 118238
50914 63256 118238
118238 50914 63256
139082 54543 96371
96371 54543 139082
54543 96371 139082
13612 22875 138939
22875 13612 138939
138939 13612 22875
40050 10796 110737
110737 10796 40050
10796 40050 110737
122960 20554 51599
20554 51599 122960
51599 20554 122960
121786 122865 139100
122865 121786 139100
139100 121786 122865
30490 54201 144276
54201 30490 144276
144276 30490 54201
135566 86583 119758
86583 119758 135566
119758 86583 135566
57316 49549 148831
49549 57316 148831
148831 49549 57316
113202 6780 26992
6780 26992 113202
26992 6780 113202
12414 72089 147302
147302 12414 72089
72089 12414 147302
40475 45671 66347
66347 40475 45671
45671 40475 66347
109583 88289 137210
88289 109583 137210
137210 88289 109583
44728 59260 99144
59260 44728 99144
99144 44728 59260
108827 55884 99800
99800 55884 108827
55884 99800 108827
29682 67414 109791
109791 29682 67414
67414 29682 109791
50955 54449 78652
54449 50955 78652
78652 50955 54449
54441 20942 105329
105329 20942 54441
20942 54441 105329
14632 28319 142350
142350 14632 28319
28319 14632 142350
148407 58491 146208
58491 146208 148407
146208 58491 148407
22864 74320 76320
76320 22864 74320
74320 22864 76320
107185 18389 123939
18389 107185 123939
123939 18389 107185
64941 73754 134174
134174 64941 73754
73754 64941 134174
111149 3504 148236
3504 111149 148236
148236 3504 111149
79357 21398 68537
21398 68537 79357
68537 21398 79357
98723 34347 67642
67642 34347 98723
34347 67642 98723
133065 5157 96745
5157 96745 133065
96745 5157 133065
131928 78924 105392
78924 105392 131928
105392 78924 131928
37707 92143 119029
119029 37707 92143
92143 37707 119029
71556 30886 79396
79396 30886 71556
30886 71556 79396
44448 64743 85372
85372 44448 64743
64743 44448 85372
139265 7683 104489
104489 7683 139265
7683 104489 139265
36603 61606 132987
61606 36603 132987
132987 36603 61606
100313 20391 122598
20391 100313 122598
122598 20391 100313
127213 21697 140410
21697 127213 140410
140410 21697 127213
135478 5226 29080
29080 5226 135478
5226 29080 135478
41334 51553 110817
51553 41334 110817
110817 41334 51553
140035 119262 133510
133510 119262 140035
119262 133510 140035
26588 14881 68912
14881 26588 68912
68912 14881 26588
131277 143054 144073
143054 131277 144073
144073 131277 143054
141678 18814 115903
115903 18814 141678
18814 115903 141678
45086 5227 84795
84795 5227 45086
5227 45086 84795
48762 21849 125110
125110 21849 48762
21849 48762 125110
48837 14151 140125
140125 14151 48837
14151 48837 140125
80202 85622 116209
116209 80202 85622
85622 80202 116209
27870 14854 74254
14854 27870 74254
74254 14854 27870
101905 36261 63663
36261 63663 101905
63663 36261 101905
66934 24042 46015
46015 24042 66934
24042 46015 66934
16162 6623 20357
6623 16162 20357
20357 6623 16162
97986 12831 45945
45945 12831 97986
12831 45945 97986
147175 36754 83035
36754 83035 147175
83035 36754 147175
140434 32880 74872
74872 32880 140434
32880 74872 140434
103558 107388 127894
107388 103558 127894
127894 103558 107388
117823 102975 112157
112157 102975 117823
102975 112157 117823
51500 70614 80547
80547 51500 70614
70614 51500 80547
14606 37369 121637
121637 14606 37369
37369 14606 121637
24629 105536 130118
130118 24629 105536
105536 24629 130118
85594 92371 138470
92371 85594 138470
138470 85594 92371
116575 59595 77857
59595 77857 116575
77857 59595 116575
15445 89605 132979
132979 15445 89605
89605 15445 132979
30511 139171 142279
142279 30511 139171
139171 30511 142279
149664 90779 132201
90779 132201 149664
132201 90779 149664
66387 1102 36094
36094 1102 66387
1102 36094 66387
93316 104647 131066
104647 93316 131066
131066 93316 104647
48157 57792 137276
137276 48157 57792
57792 48157 137276
86008 45821 103477
45821 86008 103477
103477 45821 86008
43819 116331 140114
140114 43819 116331
116331 43819 140114
83355 57811 73248
73248 57811 83355
57811 73248 83355
117500 19393 111120
19393 111120 117500
111120 19393 117500
74 47338 47516
47338 74 47516
47516 74 47338
72212 58283 125245
125245 58283 72212
58283 72212 125245
37393 11121 79541
79541 11121 37393
11121 37393 79541
95538 65260 123211
123211 65260 95538
65260 95538 123211
111354 51088 91166
91166 51088 111354
51088 91166 111354
113490 80785 145073
145073 80785 113490
80785 113490 145073
109793 1220 136237
1220 109793 136237
136237 1220 109793
16285 80295 119150
80295 16285 119150
119150 16285 80295
138807 50862 145766
50862 138807 145766
145766 50862 138807
108438 75626 129543
129543 75626 108438
75626 108438 129543
24854 74177 79147
79147 24854 74177
74177 24854 79147
12206 44125 47217
47217 12206 44125
44125 12206 47217
97473 26947 61795
61795 26947 97473
26947 61795 97473
75328 77314 139284
77314 75328 139284
139284 75328 77314
131343 37844 58965
37844 58965 131343
58965 37844 131343
122836 13780 27321
13780 27321 122836
27321 13780 122836
120757 138585 141986
141986 120757 138585
138585 120757 141986
102822 59775 82030
59775 82030 102822
82030 59775 102822
77645 52884 60960
60960 52884 77645
52884 60960 77645
105743 79143 110440
79143 105743 110440
110440 79143 105743
128216 65575 85464
85464 65575 128216
65575 85464 128216
125100 31474 112169
112169 31474 125100
31474 112169 125100
141626 6728 48417
48417 6728 141626
6728 48417 141626
19652 3319 144619
3319 19652 144619
144619 3319 19652
121866 69354 132898
132898 69354 121866
69354 121866 132898
87562 67840 132161
67840 87562 132161
132161 67840 87562
146540 7661 127535
127535 7661 146540
7661 127535 146540
9958 573 124973
573 9958 124973
124973 573 9958
70002 27013 58514
58514 27013 70002
27013 58514 70002
15465 121335 141466
121335 15465 141466
141466 15465 121335
14400 139119 141975
139119 14400 141975
141975 14400 139119
35803 21702 116417
21702 35803 116417
116417 21702 35803
19102 31127 144645
31127 19102 144645
144645 19102 31127
132694 13313 111953
13313 111953 132694
111953 13313 132694
65928 91466 91862
91862 65928 91466
91466 65928 91862
117774 43483 60069
60069 43483 117774
43483 60069 117774
57275 31611 98412
98412 31611 57275
31611 57275 98412
54089 7757 53356
7757 53356 54089
53356 7757 54089
64876 86812 119364
86812 64876 119364
119364 64876 86812
111780 93642 132680
93642 111780 132680
132680 93642 111780
73279 20509 110558
20509 73279 110558
110558 20509 73279
12598 500 2331
500 2331 12598
2331 500 12598
114906 134173 137918
137918 114906 134173
134173 114906 137918
101482 9179 15533
9179 15533 101482
15533 9179 101482
140766 105733 135532
105733 135532 140766
135532 105733 140766
3345 31076 132906
31076 3345 132906
132906 3345 31076
22046 64108 67780
67780 22046 64108
64108 22046 67780
39724 90655 116864
116864 39724 90655
90655 39724 116864
67801 60184 91390
91390 60184 67801
60184 67801 91390
78003 24987 73937
24987 73937 78003
73937 24987 78003
80490 29688 87603
87603 29688 80490
29688 80490 87603
68230 48224 117876
117876 48224 68230
48224 68230 117876
79451 28395 140506
28395 79451 140506
140506 28395 79451
94155 52515 117075
52515 94155 117075
117075 52515 94155
36996 13799 108740
108740 13799 36996
13799 36996 108740
39480 17397 129005
129005 17397 39480
17397 39480 129005
91409 9326 138967
138967 9326 91409
9326 91409 138967
20518 9717 131147
131147 9717 20518
9717 20518 131147
138954 83340 92603
83340 92603 138954
92603 83340 138954
132211 118578 147359
118578 132211 147359
147359 118578 132211
14801 56246 81363
81363 14801 56246
56246 14801 81363
93779 26854 33033
26854 33033 93779
33033 26854 93779
95271 47517 87176
87176 47517 95271
47517 87176 95271
105793 48085 58890
48085 58890 105793
58890 48085 105793
526 86493 127500
127500 526 86493
86493 526 127500
92797 287 88049
287 88049 92797
88049 287 92797
28404 26555 76226
26555 28404 76226
76226 26555 28404
149213 18667 67601
67601 18667 149213
18667 67601 149213
119961 79822 132545
79822 119961 132545
132545 79822 119961
35467 55773 114384
114384 35467 55773
55773 35467 114384
2867 26562 66459
26562 2867 66459
66459 2867 26562
28669 30144 42193
42193 28669 30144
30144 28669 42193
149833 72886 103959
72886 103959 149833
103959 72886 149833
96200 11262 148661
11262 96200 148661
148661 11262 96200
88583 24773 52474
52474 24773 88583
24773 52474 88583
140740 61971 66102
61971 66102 140740
66102 61971 140740
77047 137590 149386
137590 77047 149386
149386 77047 137590
132733 47862 111729
47862 111729 132733
111729 47862 132733
12333 110745 113313
110745 12333 113313
113313 12333 110745
117384 104384 107840
104384 107840 117384
107840 104384 117384
28507 50205 99379
50205 28507 99379
99379 28507 50205
108964 77179 103543
103543 77179 108964
77179 103543 108964
136211 38022 138645
38022 136211 138645
138645 38022 136211
23789 86825 104356
86825 23789 104356
104356 23789 86825
36568 55485 64460
55485 36568 64460
64460 36568 55485
42683 45570 147464
45570 42683 147464
147464 42683 45570
64696 27325 95120
95120 27325 64696
27325 64696 95120
145843 103887 137169
137169 103887 145843
103887 137169 145843
75434 24005 99384
24005 75434 99384
99384 24005 75434
120987 35941 42378
42378 35941 120987
35941 42378 120987
130464 70243 91428
70243 91428 130464
91428 70243 130464
105690 88632 88683
88683 88632 105690
88632 88683 105690
73883 57170 114616
114616 57170 73883
57170 73883 114616
128591 97285 130275
97285 128591 130275
130275 97285 128591
96529 71619 106544
106544 71619 96529
71619 96529 106544
110957 97752 99660
99660 97752 110957
97752 99660 110957
138023 21936 99781
21936 99781 138023
99781 21936 138023
24877 1412 80537
1412 24877 80537
80537 1412 24877
219 66924 133010
66924 219 133010
133010 219 66924
33494 69573 106481
106481 33494 69573
69573 33494 106481
85488 36050 45800
45800 36050 85488
36050 45800 85488
17599 75996 133539
75996 17599 133539
133539 17599 75996
122249 93039 138734
93039 122249 138734
138734 93039 122249
27998 16590 78164
16590 27998 78164
78164 16590 27998
33210 91982 100208
100208 33210 91982
91982 33210 100208
28824 25682 89801
89801 25682 28824
25682 28824 89801
118253 71339 83971
71339 83971 118253
83971 71339 118253
115755 57010 77026
77026 57010 115755
57010 77026 115755
57155 10866 120078
120078 10866 57155
10866 57155 120078
122967 11371 92884
92884 11371 122967
11371 92884 122967
112602 17449 64530
64530 17449 112602
17449 64530 112602
86322 17312 52109
17312 52109 86322
52109 17312 86322
138790 24845 99649
24845 99649 138790
99649 24845 138790
45151 78957 96262
78957 45151 96262
96262 45151 78957
119409 39417 72269
39417 72269 119409
72269 39417 119409
141431 22520 96737
96737 22520 141431
22520 96737 141431
140511 13923 146800
13923 140511 146800
146800 13923 140511
121991 8679 88886
8679 88886 121991
88886 8679 121991
37300 364 13008
364 13008 37300
13008 364 37300
10192 32832 92778
32832 10192 92778
92778 10192 32832
72427 59367 120937
59367 72427 120937
120937 59367 72427
55504 85867 92916
85867 55504 92916
92916 55504 85867
5493 64027 135677
135677 5493 64027
64027 5493 135677
89270 54567 110179
54567 89270 110179
110179 54567 89270
46031 10632 51646
10632 46031 51646
51646 10632 46031
140927 35529 95382
95382 35529 140927
35529 95382 140927
92379 64923 119206
64923 92379 119206
119206 64923 92379
35433 19959 43082
19959 35433 43082
43082 19959 35433
38626 4037 64752
4037 38626 64752
64752 4037 38626
54147 11771 105811
11771 54147 105811
105811 11771 54147
31239 53101 123228
123228 31239 53101
53101 31239 123228
87133 53580 89649
53580 87133 89649
89649 53580 87133
18140 11247 98204
11247 18140 98204
98204 11247 18140
31224 53183 70087
53183 31224 70087
70087 31224 53183
76258 51580 69442
51580 69442 76258
69442 51580 76258
105142 24263 57693
57693 24263 105142
24263 57693 105142
122240 18940 80640
80640 18940 122240
18940 80640 122240
5805 9175 126542
126542 5805 9175
9175 5805 126542
18085 28530 132880
28530 18085 132880
132880 18085 28530
33291 31621 116690
116690 31621 33291
31621 33291 116690
27144 13752 61096
13752 27144 61096
61096 13752 27144
1813 36344 131078
36344 1813 131078
131078 1813 36344
91201 24716 68435
24716 68435 91201
68435 24716 91201
107266 96167 118205
96167 107266 118205
118205 96167 107266
63243 109593 137247
109593 63243 137247
137247 63243 109593
11935 81523 98602
81523 11935 98602
98602 11935 81523
45835 26087 61032
26087 45835 61032
61032 26087 45835
97120 88210 108795
108795 88210 97120
88210 97120 108795
39301 34788 131080
131080 34788 39301
34788 39301 131080
54131 36707 96328
36707 54131 96328
96328 36707 54131
144506 42206 97804
97804 42206 144506
42206 97804 144506
75876 51634 76328
76328 51634 75876
51634 75876 76328
25312 83623 103946
83623 25312 103946
103946 25312 83623
123553 6660 30725
30725 6660 123553
6660 30725 123553
57191 25067 145436
25067 57191 145436
145436 25067 57191
139172 115802 130245
130245 115802 139172
115802 130245 139172
52927 22546 114537
114537 22546 52927
22546 52927 114537
49147 86963 145772
86963 49147 145772
145772 49147 86963
55490 83150 131142
131142 55490 83150
83150 55490 131142
42567 32392 42244
32392 42244 42567
42244 32392 42567
98881 131164 136451
131164 98881 136451
136451 98881 131164
40503 22765 91288
91288 22765 40503
22765 40503 91288
39364 45760 86908
86908 39364 45760
45760 39364 86908
7036 70548 105614
70548 7036 105614
105614 7036 70548
34599 5331 100743
5331 34599 100743
100743 5331 34599
128812 21253 23628
21253 23628 128812
23628 21253 128812
146518 76028 81648
81648 76028 146518
76028 81648 146518
132289 9960 103271
9960 103271 132289
103271 9960 132289
94434 22636 46845
46845 22636 94434
22636 46845 94434
100445 29313 63934
29313 63934 100445
63934 29313 100445
127978 89489 90789
90789 89489 127978
89489 90789 127978
144796 29051 43428
29051 43428 144796
43428 29051 144796
29806 8184 99378
8184 29806 99378
99378 8184 29806
11024 9351 58770
58770 9351 11024
9351 11024 58770
36715 44354 96484
96484 36715 44354
44354 36715 96484
145877 25020 27159
27159 25020 145877
25020 27159 145877
67749 61536 86730
86730 61536 67749
61536 67749 86730
9359 19780 64238
19780 9359 64238
64238 9359 19780
139472 16353 73657
16353 73657 139472
73657 16353 139472
77027 23225 98111
23225 77027 98111
98111 23225 77027
31818 103589 109127
109127 31818 103589
103589 31818 109127
102613 66732 137664
137664 66732 102613
66732 102613 137664
110971 111712 132661
111712 110971 132661
132661 110971 111712
3566 79218 116441
79218 3566 116441
116441 3566 79218
34286 23637 84449
23637 34286 84449
84449 23637 34286
80730 26255 40967
40967 26255 80730
26255 40967 80730
10549 54104 73061
73061 10549 54104
54104 10549 73061
102072 2401 130333
130333 2401 102072
2401 102072 130333
131579 44353 57240
57240 44353 131579
44353 57240 131579
130532 33703 127831
33703 127831 130532
127831 33703 130532
128389 16256 106660
16256 106660 128389
106660 16256 128389
11971 1601 44888
44888 1601 11971
1601 11971 44888
34573 77150 102473
102473 34573 77150
77150 34573 102473
68361 49993 80457
80457 49993 68361
49993 68361 80457
78889 63246 145556
63246 78889 145556
145556 63246 78889
42694 82344 121813
121813 42694 82344
82344 42694 121813
113598 95501 115404
115404 95501 113598
95501 113598 115404
89739 81590 116063
116063 81590 89739
81590 89739 116063
16233 19060 56160
19060 16233 56160
56160 16233 19060
610 19175 115589
19175 610 115589
115589 610 19175
20402 59735 123451
59735 20402 123451
123451 20402 59735
122115 64354 141923
141923 64354 122115
64354 122115 141923
14940 70943 138219
70943 14940 138219
138219 14940 70943
77364 8201 94750
8201 77364 94750
94750 8201 77364
27747 10401 135995
135995 10401 27747
10401 27747 135995
77085 42532 142464
42532 77085 142464
142464 42532 77085
121487 14549 29442
29442 14549 121487
14549 29442 121487
58572 23478 75518
75518 23478 58572
23478 58572 75518
141994 18465 33697
18465 33697 141994
33697 18465 141994
18108 58271 140126
140126 18108 58271
58271 18108 140126
117605 125682 139863
139863 117605 125682
125682 117605 139863
121942 42564 86810
86810 42564 121942
42564 86810 121942
139225 6096 41586
6096 41586 139225
41586 6096 139225
34733 52 53689
53689 52 34733
52 34733 53689
35644 131152 134674
131152 35644 134674
134674 35644 131152
100538 2128 90215
2128 90215 100538
90215 2128 100538
69426 32102 37976
32102 37976 69426
37976 32102 69426
75098 68156 103934
103934 68156 75098
68156 75098 103934
135001 16208 137145
16208 135001 137145
137145 16208 135001
109530 14373 45043
14373 45043 109530
45043 14373 109530
112551 4081 118461
4081 112551 118461
118461 4081 112551
30812 50311 95037
50311 30812 95037
95037 30812 50311
124864 26458 103057
103057 26458 124864
26458 103057 124864
52310 41395 47533
47533 41395 52310
41395 47533 52310
95630 16245 84883
16245 84883 95630
84883 16245 95630
35528 59440 65777
59440 35528 65777
65777 35528 59440
103773 138107 147597
138107 103773 147597
147597 103773 138107
44412 63176 139778
63176 44412 139778
139778 44412 63176
126916 51226 57051
51226 57051 126916
57051 51226 126916
82422 3819 52059
52059 3819 82422
3819 52059 82422
48769 51999 128322
128322 48769 51999
51999 48769 128322
76309 38129 117849
38129 76309 117849
117849 38129 76309
101229 63166 119659
63166 101229 119659
119659 63166 101229
34093 96679 147784
147784 34093 96679
96679 34093 147784
98028 126418 143056
126418 98028 143056
143056 98028 126418
74407 66796 117958
66796 74407 117958
117958 66796 74407
57585 58515 66083
66083 57585 58515
58515 57585 66083
42039 17456 60754
17456 42039 60754
60754 17456 42039
112484 51204 122898
51204 112484 122898
122898 51204 112484
119954 31874 137376
31874 119954 137376
137376 31874 119954
122685 81107 105907
81107 105907 122685
105907 81107 122685
80534 111941 118636
111941 80534 118636
118636 80534 111941
78508 25676 95084
95084 25676 78508
25676 78508 95084
136071 263 94402
94402 263 136071
263 94402 136071
141279 32493 46495
46495 32493 141279
32493 46495 141279
45715 103221 115842
115842 45715 103221
103221 45715 115842
102766 78345 120885
120885 78345 102766
78345 102766 120885
21430 11906 104102
11906 21430 104102
104102 11906 21430
117851 61214 123716
123716 61214 117851
61214 117851 123716
105306 80895 127224
127224 80895 105306
80895 105306 127224
5104 93359 125697
125697 5104 93359
93359 5104 125697
15878 33121 69509
33121 15878 69509
69509 15878 33121
138463 75494 149614
75494 138463 149614
149614 75494 138463
5635 46915 121243
46915 5635 121243
121243 5635 46915
127843 30969 55667
30969 55667 127843
55667 30969 127843
38861 6608 111742
6608 38861 111742
111742 6608 38861
149991 10203 94403
94403 10203 149991
10203 94403 149991
9138 4380 119240
119240 4380 9138
4380 9138 119240
115941 94209 139277
139277 94209 115941
94209 115941 139277
44429 16683 131241
131241 16683 44429
16683 44429 131241
12868 65572 67123
67123 12868 65572
65572 12868 67123
122460 18039 122837
122837 18039 122460
18039 122460 122837
77503 15314 75487
15314 75487 77503
75487 15314 77503
1026 7530 122730
122730 1026 7530
7530 1026 122730
91109 59423 71712
71712 59423 91109
59423 71712 91109
30609 38039 105383
38039 30609 105383
105383 30609 38039
70686 28648 133845
133845 28648 70686
28648 70686 133845
61223 91033 103348
103348 61223 91033
91033 61223 103348
33199 34771 103094
34771 33199 103094
103094 33199 34771
138964 51893 124855
124855 51893 138964
51893 124855 138964
69902 99185 100960
99185 69902 100960
100960 69902 99185
53370 73034 143134
73034 53370 143134
143134 53370 73034
15993 28299 123213
28299 15993 123213
123213 15993 28299
115657 83369 144586
83369 115657 144586
144586 83369 115657
667 44096 80742
80742 667 44096
44096 667 80742
104119 13667 50413
50413 13667 104119
13667 50413 104119
22121 83607 103696
103696 22121 83607
83607 22121 103696
124705 115955 128524
128524 115955 124705
115955 124705 128524
22779 28980 61427
28980 22779 61427
61427 22779 28980
86548 24312 122053
24312 86548 122053
122053 24312 86548
9382 58288 144161
58288 9382 144161
144161 9382 58288
45371 61067 116350
61067 45371 116350
116350 45371 61067
27997 93466 121814
93466 27997 121814
121814 27997 93466
49098 5944 15621
5944 15621 49098
15621 5944 49098
38975 2399 89239
89239 2399 38975
2399 38975 89239
70928 57812 108360
57812 70928 108360
108360 57812 70928
81644 22076 24687
24687 22076 81644
22076 24687 81644
38768 111803 117170
111803 38768 117170
117170 38768 111803
119457 11110 145061
145061 11110 119457
11110 119457 145061
38460 62801 148312
148312 38460 62801
62801 38460 148312
141928 32560 82522
32560 82522 141928
82522 32560 141928
103783 16728 63635
16728 63635 103783
63635 16728 103783
37590 139417 142543
139417 37590 142543
142543 37590 139417
18775 23838 148536
23838 18775 148536
148536 18775 23838
78819 34200 121273
34200 78819 121273
121273 34200 78819
149634 24941 85340
85340 24941 149634
24941 85340 149634
119450 6555 34249
6555 34249 119450
34249 6555 119450
87046 21220 33156
21220 33156 87046
33156 21220 87046
54063 36861 74445
36861 54063 74445
74445 36861 54063
72263 65579 129319
65579 72263 129319
129319 65579 72263
54827 9328 22385
22385 9328 54827
9328 22385 54827
137646 515 2911
2911 515 137646
515 2911 137646
57229 67739 128160
128160 57229 67739
67739 57229 128160
38189 85654 122792
122792 38189 85654
85654 38189 122792
26278 70012 147716
147716 26278 70012
70012 26278 147716
36288 41934 124533
124533 36288 41934
41934 36288 124533
35532 14209 91393
91393 14209 35532
14209 35532 91393
15634 36080 53473
36080 15634 53473
53473 15634 36080
1113 98826 126190
126190 1113 98826
98826 1113 126190
112171 123554 136528
136528 112171 123554
123554 112171 136528
69600 25029 95080
95080 25029 69600
25029 69600 95080
60479 63513 140667
63513 60479 140667
140667 60479 63513
4483 23313 105337
23313 4483 105337
105337 4483 23313
50545 22803 109592
109592 22803 50545
22803 50545 109592
131384 552 54961
54961 552 131384
552 54961 131384
137859 52950 71060
52950 71060 137859
71060 52950 137859
66983 47299 145136
145136 47299 66983
47299 66983 145136
61772 72038 145421
72038 61772 145421
145421 61772 72038
120527 23347 72727
23347 72727 120527
72727 23347 120527
48981 1018 96669
96669 1018 48981
1018 48981 96669
25752 47077 58757
47077 25752 58757
58757 25752 47077
23667 25038 54105
25038 23667 54105
54105 23667 25038
69148 127724 128192
127724 69148 128192
128192 69148 127724
123008 100371 107354
100371 107354 123008
107354 100371 123008
44082 6609 91025
6609 44082 91025
91025 6609 44082
51504 79708 120892
79708 51504 120892
120892 51504 79708
91851 7645 20849
7645 20849 91851
20849 7645 91851
34703 348 130565
130565 348 34703
348 34703 130565
119728 6002 60941
6002 60941 119728
60941 6002 119728
40032 3548 141603
141603 3548 40032
3548 40032 141603
1943 104706 109690
109690 1943 104706
104706 1943 109690
20092 111398 114380
114380 20092 111398
111398 20092 114380
102936 79574 91083
91083 79574 102936
79574 91083 102936
69755 47730 108133
47730 69755 108133
108133 47730 69755
87871 45293 93894
45293 87871 93894
93894 45293 87871
99984 74323 119315
119315 74323 99984
74323 99984 119315
106694 68810 106322
68810 106322 106694
106322 68810 106694
71849 22207 67026
67026 22207 71849
22207 67026 71849
136314 51391 149795
149795 51391 136314
51391 136314 149795
10973 28529 102452
102452 10973 28529
28529 10973 102452
37630 133590 146917
133590 37630 146917
146917 37630 133590
17646 83056 110306
83056 17646 110306
110306 17646 83056
116817 67115 70762
67115 70762 116817
70762 67115 116817
56840 70872 125327
125327 56840 70872
70872 56840 125327
60996 8627 89749
8627 60996 89749
89749 8627 60996
33466 11753 116226
116226 11753 33466
11753 33466 116226
82323 22019 94082
22019 82323 94082
94082 22019 82323
113177 37818 146732
146732 37818 113177
37818 113177 146732
74344 16253 84436
84436 16253 74344
16253 74344 84436
64596 38441 133277
38441 64596 133277
133277 38441 64596
84009 25267 97383
97383 25267 84009
25267 84009 97383
92943 5859 11567
11567 5859 92943
5859 11567 92943
2975 6208 50333
50333 2975 6208
6208 2975 50333
126070 10046 114462
114462 10046 126070
10046 114462 126070
35241 19905 125155
19905 35241 125155
125155 19905 35241
88764 11846 73027
11846 73027 88764
73027 11846 88764
86847 38981 143710
38981 86847 143710
143710 38981 86847
73938 117934 140388
117934 73938 140388
140388 73938 117934
10846 27313 109498
27313 10846 109498
109498 10846 27313
143530 9305 109104
9305 109104 143530
109104 9305 143530
94814 12950 105518
12950 94814 105518
105518 12950 94814
88428 77031 92457
77031 88428 92457
92457 77031 88428
108041 85562 119217
119217 85562 108041
85562 108041 119217
93150 60693 86813
60693 86813 93150
86813 60693 93150
81223 96900 113370
113370 81223 96900
96900 81223 113370
57697 79114 122623
122623 57697 79114
79114 57697 122623
72381 31270 102735
102735 31270 72381
31270 72381 102735
133900 26761 135530
26761 133900 135530
135530 26761 133900
105983 20241 130695
130695 20241 105983
20241 105983 130695
2575 10144 92931
92931 2575 10144
10144 2575 92931
125432 83198 113248
83198 113248 125432
113248 83198 125432
68061 13722 14353
13722 14353 68061
14353 13722 68061
20428 92709 130087
92709 20428 130087
130087 20428 92709
79515 19528 124918
124918 19528 79515
19528 79515 124918
67511 14908 106711
14908 67511 106711
106711 14908 67511
45672 56540 139969
56540 45672 139969
139969 45672 56540
101463 23882 136413
23882 101463 136413
136413 23882 101463
125880 8705 142500
142500 8705 125880
8705 125880 142500
46777 13838 117320
117320 13838 46777
13838 46777 117320
36615 48939 121986
121986 36615 48939
48939 36615 121986
51730 91690 147054
147054 51730 91690
91690 51730 147054
17027 56871 124289
124289 17027 56871
56871 17027 124289
148522 3851 127975
127975 3851 148522
3851 127975 148522
67682 52434 107204
107204 52434 67682
52434 67682 107204
88008 260 92581
92581 260 88008
260 88008 92581
115566 22966 142811
22966 115566 142811
142811 22966 115566
76225 51923 144460
51923 76225 144460
144460 51923 76225
12782 10821 131323
10821 12782 131323
131323 10821 12782
110296 48273 137076
137076 48273 110296
48273 110296 137076
29351 2235 90598
90598 2235 29351
2235 29351 90598
73339 1230 55496
1230 55496 73339
55496 1230 73339
56948 9005 85712
9005 56948 85712
85712 9005 56948
141665 121475 133039
133039 121475 141665
121475 133039 141665
85894 72402 90018
72402 85894 90018
90018 72402 85894
75712 41149 101348
41149 75712 101348
101348 41149 75712
131774 53164 132267
132267 53164 131774
53164 131774 132267
47561 64623 111631
111631 47561 64623
64623 47561 111631
5241 60574 104311
104311 5241 60574
60574 5241 104311
2703 2977 30514
2977 2703 30514
30514 2703 2977
51510 43750 57779
57779 43750 51510
43750 51510 57779
93152 34677 124151
34677 93152 124151
124151 34677 93152
33301 18873 60640
60640 18873 33301
18873 33301 60640
141604 21639 75435
75435 21639 141604
21639 75435 141604
58926 71896 76653
76653 58926 71896
71896 58926 76653
39520 20756 124938
20756 39520 124938
124938 20756 39520
86118 16784 103181
16784 86118 103181
103181 16784 86118
42867 94801 122055
122055 42867 94801
94801 42867 122055
67517 57143 128623
57143 67517 128623
128623 57143 67517
36469 15788 142760
142760 15788 36469
15788 36469 142760
118084 40204 98399
98399 40204 118084
40204 98399 118084
136960 76791 127189
127189 76791 136960
76791 127189 136960
61278 69468 74298
74298 61278 69468
69468 61278 74298
86854 115476 118583
115476 86854 118583
118583 86854 115476
114171 90332 148777
148777 90332 114171
90332 114171 148777
45073 58560 90877
90877 45073 58560
58560 45073 90877
70518 5503 149901
5503 70518 149901
149901 5503 70518
78521 3680 99032
3680 78521 99032
99032 3680 78521
128518 51519 62175
62175 51519 128518
51519 62175 128518
22937 13929 41526
13929 22937 41526
41526 13929 22937
118753 11550 51912
51912 11550 118753
11550 51912 118753
72449 49398 68235
68235 49398 72449
49398 68235 72449
109381 69424 105887
105887 69424 109381
69424 105887 109381
40873 7136 147177
147177 7136 40873
7136 40873 147177
142683 5119 65602
65602 5119 142683
5119 65602 142683
146952 28577 112383
28577 112383 146952
112383 28577 146952
99204 16987 77391
16987 77391 99204
77391 16987 99204
140553 71678 100579
71678 100579 140553
100579 71678 140553
19030 68350 146153
