1335 62 461
62 461 1335
461 62 1335
162 21 164
21 162 164
164 21 162
173 503 1373
503 173 1373
1373 173 503
1212 550 1482
550 1212 1482
1482 550 1212
1000 589 826
826 589 1000
589 826 1000
1375 1100 1131
1131 1100 1375
1100 1131 1375
133 545 1225
545 133 1225
1225 133 545
1095 769 1173
769 1095 1173
1173 769 1095
602 71 1242
1242 71 602
71 602 1242
798 836 1253
836 798 1253
1253 798 836
1055 193 733
733 193 1055
193 733 1055
19 394 1496
394 19 1496
1496 19 394
1447 922 969
969 922 1447
922 969 1447
591 238 275
275 238 591
238 275 591
1150 666 799
666 799 1150
799 666 1150
990 1003 1473
1473 990 1003
1003 990 1473
632 436 758
758 436 632
436 632 758
310 122 1347
1347 122 310
122 310 1347
1226 794 944
794 944 1226
944 794 1226
984 681 714
714 681 984
681 714 984
691 614 947
614 691 947
947 614 691
682 18 767
18 682 767
767 18 682
404 352 1080
352 404 1080
1080 352 404
1357 617 1079
1079 617 1357
617 1079 1357
359 514 1374
514 359 1374
1374 359 514
912 356 813
356 813 912
813 356 912
1169 901 1340
1340 901 1169
901 1169 1340
242 1414 1457
1414 242 1457
1457 242 1414
1383 415 820
820 415 1383
415 820 1383
245 687 902
687 245 902
902 245 687
910 815 1133
1133 815 910
815 910 1133
1464 568 1094
568 1094 1464
1094 568 1464
776 113 661
113 661 776
661 113 776
1209 50 865
865 50 1209
50 865 1209
1395 377 569
377 569 1395
569 377 1395
558 1048 1468
1048 558 1468
1468 558 1048
33 1008 1319
1008 33 1319
1319 33 1008
621 306 934
934 306 621
306 621 934
370 1040 1263
1263 370 1040
1040 370 1263
496 477 875
875 477 496
477 496 875
456 304 1252
1252 304 456
304 456 1252
1267 297 1030
1030 297 1267
297 1030 1267
1427 3 1419
1419 3 1427
3 1419 1427
142 88 1449
88 142 1449
1449 88 142
295 400 887
887 295 400
400 295 887
77 490 1185
490 77 1185
1185 77 490
69 332 953
332 69 953
953 69 332
939 256 920
256 920 939
920 256 939
259 531 1180
531 259 1180
1180 259 531
914 861 1088
861 914 1088
1088 861 914
954 17 825
17 825 954
825 17 954
1360 760 1158
1158 760 1360
760 1158 1360
623 214 324
214 324 623
324 214 623
800 475 909
475 800 909
909 475 800
946 326 532
326 532 946
532 326 946
338 756 1085
1085 338 756
756 338 1085
426 527 896
896 426 527
527 426 896
493 178 1098
178 493 1098
1098 178 493
832 240 1112
240 832 1112
1112 240 832
1500 949 1232
949 1232 1500
1232 949 1500
707 25 1339
25 707 1339
1339 25 707
951 121 260
121 260 951
260 121 951
403 271 1262
271 403 1262
1262 271 403
770 1046 1167
1046 770 1167
1167 770 1046
638 1206 1405
1405 638 1206
1206 638 1405
1083 700 725
725 700 1083
700 725 1083
120 189 637
637 120 189
189 120 637
298 454 1099
454 298 1099
1099 298 454
1440 1486 1487
1486 1440 1487
1487 1440 1486
311 313 418
418 311 313
313 311 418
97 308 574
574 97 308
308 97 574
593 494 746
494 593 746
746 494 593
552 257 723
257 552 723
723 257 552
643 451 1361
1361 451 643
451 643 1361
1350 269 285
269 285 1350
285 269 1350
1355 1233 1439
1439 1233 1355
1233 1355 1439
729 1105 1484
1484 729 1105
1105 729 1484
1144 727 1259
1259 727 1144
727 1144 1259
283 864 886
886 283 864
864 283 886
4 253 1286
253 4 1286
1286 4 253
1075 307 1389
307 1075 1389
1389 307 1075
695 92 814
92 695 814
814 92 695
421 267 1353
267 421 1353
1353 267 421
1292 166 1488
1488 166 1292
166 1292 1488
466 675 968
968 466 675
675 466 968
584 99 812
99 584 812
812 99 584
872 1220 1316
1316 872 1220
1220 872 1316
1315 196 1033
1033 196 1315
196 1033 1315
1258 312 640
640 312 1258
312 640 1258
1122 598 1277
1277 598 1122
598 1122 1277
444 215 1241
1241 215 444
215 444 1241
1455 479 1013
1013 479 1455
479 1013 1455
889 528 696
696 528 889
528 696 889
823 474 1124
474 823 1124
1124 474 823
987 556 609
556 609 987
609 556 987
777 279 368
368 279 777
279 368 777
250 747 822
822 250 747
747 250 822
329 108 429
429 108 329
108 329 429
387 732 1346
732 387 1346
1346 387 732
1247 174 900
900 174 1247
174 900 1247
655 87 571
87 571 655
571 87 655
1128 1073 1074
1074 1073 1128
1073 1074 1128
80 712 1157
712 80 1157
1157 80 712
57 455 1189
1189 57 455
455 57 1189
839 243 1305
1305 243 839
243 839 1305
1416 327 960
327 960 1416
960 327 1416
170 281 1039
1039 170 281
281 170 1039
888 27 1446
27 888 1446
1446 27 888
335 795 1304
795 335 1304
1304 335 795
91 148 331
331 91 148
148 91 331
664 195 299
299 195 664
195 299 664
507 1422 1429
1422 507 1429
1429 507 1422
114 1334 1338
1334 114 1338
1338 114 1334
32 277 1279
1279 32 277
277 32 1279
1402 125 132
132 125 1402
125 132 1402
1043 278 1268
278 1043 1268
1268 278 1043
424 1423 1459
1459 424 1423
1423 424 1459
773 1001 1291
1001 773 1291
1291 773 1001
459 198 1244
198 459 1244
1244 198 459
218 422 471
471 218 422
422 218 471
979 1219 1456
1219 979 1456
1456 979 1219
1211 354 737
354 737 1211
737 354 1211
859 1026 1135
1135 859 1026
1026 859 1135
905 150 1424
150 905 1424
1424 150 905
541 30 919
919 30 541
30 541 919
138 53 1312
1312 53 138
53 138 1312
105 1202 1266
1266 105 1202
1202 105 1266
180 104 1089
104 180 1089
1089 104 180
807 131 749
749 131 807
131 749 807
534 390 1045
390 534 1045
1045 390 534
365 923 1308
923 365 1308
1308 365 923
457 423 780
780 423 457
423 457 780
997 152 1081
1081 152 997
152 997 1081
583 322 880
322 583 880
880 322 583
386 1165 1294
1165 386 1294
1294 386 1165
1458 448 837
837 448 1458
448 837 1458
656 59 689
689 59 656
59 656 689
1329 119 1313
1313 119 1329
119 1313 1329
639 803 970
970 639 803
803 639 970
976 213 697
213 697 976
697 213 976
51 340 1121
1121 51 340
340 51 1121
380 135 731
731 135 380
135 380 731
1368 1155 1462
1155 1368 1462
1462 1155 1368
144 519 1031
519 144 1031
1031 144 519
1349 124 1127
124 1127 1349
1127 124 1349
802 525 1269
525 802 1269
1269 525 802
342 601 855
601 342 855
855 342 601
321 130 435
435 130 321
130 321 435
1162 416 1015
1015 416 1162
416 1015 1162
1059 296 1199
1199 296 1059
296 1059 1199
854 319 580
319 580 854
580 319 854
891 272 1490
1490 272 891
272 891 1490
1012 438 847
438 847 1012
847 438 1012
382 52 183
52 183 382
183 52 382
1460 383 420
383 420 1460
420 383 1460
1051 505 1006
1006 505 1051
505 1006 1051
1390 460 898
460 898 1390
898 460 1390
393 221 224
221 224 393
224 221 393
251 67 89
67 89 251
89 67 251
858 577 741
741 577 858
577 741 858
81 918 1106
918 81 1106
1106 81 918
993 156 560
156 560 993
560 156 993
1154 585 1014
1014 585 1154
585 1014 1154
1114 264 765
264 765 1114
765 264 1114
897 667 904
904 667 897
667 897 904
1477 23 181
23 181 1477
181 23 1477
860 678 1332
1332 678 860
678 860 1332
305 771 1322
1322 305 771
771 305 1322
1394 351 536
536 351 1394
351 536 1394
202 555 796
796 202 555
555 202 796
347 412 1309
1309 347 412
412 347 1309
932 186 249
186 249 932
249 186 932
153 288 710
288 153 710
710 153 288
1032 72 635
72 635 1032
635 72 1032
191 1070 1337
1070 191 1337
1337 191 1070
1025 258 599
599 258 1025
258 599 1025
161 867 1163
1163 161 867
867 161 1163
1090 116 559
559 116 1090
116 559 1090
745 492 1493
492 745 1493
1493 492 745
703 229 1174
229 703 1174
1174 229 703
43 1052 1264
1052 43 1264
1264 43 1052
1393 759 881
759 881 1393
881 759 1393
1284 738 1164
1164 738 1284
738 1164 1284
336 476 1434
1434 336 476
476 336 1434
1399 38 1054
38 1054 1399
1054 38 1399
489 287 1283
1283 287 489
287 489 1283
106 772 1201
1201 106 772
772 106 1201
692 8 1378
8 692 1378
1378 8 692
82 367 644
644 82 367
367 82 644
434 362 463
362 434 463
463 362 434
811 565 1021
565 811 1021
1021 565 811
921 1103 1176
1103 921 1176
1176 921 1103
203 261 827
261 203 827
827 203 261
16 520 1134
1134 16 520
520 16 1134
1348 704 834
704 834 1348
834 704 1348
473 608 764
764 473 608
608 473 764
543 575 1327
1327 543 575
575 543 1327
962 126 567
567 126 962
126 567 962
1401 98 1017
98 1017 1401
1017 98 1401
1213 46 966
46 966 1213
966 46 1213
1110 937 1175
937 1110 1175
1175 937 1110
549 1061 1364
1364 549 1061
1061 549 1364
1092 857 1159
1159 857 1092
857 1092 1159
112 123 447
447 112 123
123 112 447
314 374 788
788 314 374
374 314 788
506 895 1066
1066 506 895
895 506 1066
73 118 1237
118 73 1237
1237 73 118
325 1227 1372
1227 325 1372
1372 325 1227
1050 715 1104
1104 715 1050
715 1050 1104
262 913 1326
913 262 1326
1326 262 913
908 988 1207
1207 908 988
988 908 1207
1257 301 1082
301 1082 1257
1082 301 1257
499 440 1136
1136 440 499
440 499 1136
935 230 804
804 230 935
230 804 935
1483 255 431
431 255 1483
255 431 1483
810 502 761
761 502 810
502 761 810
504 185 992
992 185 504
185 504 992
90 562 1153
1153 90 562
562 90 1153
75 333 774
333 75 774
774 75 333
1298 510 1047
1047 510 1298
510 1047 1298
719 109 399
399 109 719
109 399 719
209 79 986
79 209 986
986 79 209
1474 233 620
233 620 1474
620 233 1474
1282 376 1181
1181 376 1282
376 1181 1282
899 54 1479
54 899 1479
1479 54 899
375 58 744
58 375 744
744 58 375
1494 940 1384
1384 940 1494
940 1384 1494
292 65 1358
1358 65 292
65 292 1358
244 653 841
841 244 653
653 244 841
1193 86 361
86 361 1193
361 86 1193
1004 1200 1366
1200 1004 1366
1366 1004 1200
136 754 824
754 136 824
824 136 754
1222 842 1342
842 1222 1342
1342 842 1222
991 613 1084
1084 613 991
613 991 1084
676 31 1102
31 676 1102
1102 31 676
751 111 205
111 205 751
205 111 751
241 300 1016
300 241 1016
1016 241 300
1251 464 1498
1498 464 1251
464 1251 1498
1147 13 999
13 999 1147
999 13 1147
971 1317 1491
1317 971 1491
1491 971 1317
483 397 1060
397 483 1060
1060 397 483
876 68 1186
68 876 1186
1186 68 876
781 216 344
344 216 781
216 344 781
1049 650 1472
650 1049 1472
1472 650 1049
1239 1068 1400
1068 1239 1400
1400 1068 1239
515 1192 1274
1192 515 1274
1274 515 1192
1463 139 618
139 618 1463
618 139 1463
931 862 1240
862 931 1240
1240 862 931
916 194 270
270 194 916
194 270 916
1229 419 1203
419 1203 1229
1203 419 1229
1396 44 1380
1380 44 1396
44 1380 1396
720 1293 1406
1406 720 1293
1293 720 1406
831 782 1495
1495 782 831
782 831 1495
1425 573 1290
1290 573 1425
573 1290 1425
337 1123 1248
1123 337 1248
1248 337 1123
578 309 893
893 309 578
309 578 893
717 722 752
752 717 722
722 717 752
1359 529 917
917 529 1359
529 917 1359
797 787 1197
787 797 1197
1197 787 797
1234 597 1142
597 1142 1234
1142 597 1234
513 395 1111
1111 395 513
395 513 1111
37 742 1214
742 37 1214
1214 37 742
863 78 526
526 78 863
78 526 863
906 1071 1310
1310 906 1071
1071 906 1310
679 1196 1428
1196 679 1428
1428 679 1196
254 501 885
501 254 885
885 254 501
848 330 1109
1109 330 848
330 848 1109
963 511 594
511 594 963
594 511 963
1149 94 381
94 381 1149
381 94 1149
1148 753 1314
753 1148 1314
1314 753 1148
1 708 1270
1270 1 708
708 1 1270
187 853 928
853 187 928
928 187 853
830 157 467
157 467 830
467 157 830
427 702 730
730 427 702
702 427 730
726 388 590
388 590 726
590 388 726
358 192 646
192 358 646
646 192 358
915 115 1120
1120 115 915
115 915 1120
482 268 981
268 482 981
981 268 482
408 293 1125
1125 293 408
293 408 1125
199 22 127
22 127 199
127 22 199
1246 933 1281
933 1246 1281
1281 933 1246
29 633 818
633 29 818
818 29 633
665 273 530
273 530 665
530 273 665
563 49 442
442 49 563
49 442 563
265 182 846
182 265 846
846 182 265
600 1064 1445
1445 600 1064
1064 600 1445
441 102 1243
102 441 1243
1243 102 441
284 748 1183
748 284 1183
1183 284 748
677 538 1097
1097 538 677
538 677 1097
576 478 1086
1086 478 576
478 576 1086
1138 627 1143
627 1138 1143
1143 627 1138
1320 845 1432
845 1320 1432
1432 845 1320
868 808 1420
1420 808 868
808 868 1420
972 553 866
553 866 972
866 553 972
1287 500 588
588 500 1287
500 588 1287
561 163 232
232 163 561
163 232 561
701 1107 1187
1107 701 1187
1187 701 1107
1078 470 1126
1126 470 1078
470 1078 1126
1020 10 869
10 869 1020
869 10 1020
468 624 686
686 468 624
624 468 686
207 942 1392
942 207 1392
1392 207 942
1485 378 1208
378 1208 1485
1208 378 1485
685 540 779
779 540 685
540 685 779
572 965 1160
1160 572 965
965 572 1160
821 930 1417
930 821 1417
1417 821 930
41 392 1146
1146 41 392
392 41 1146
1466 406 1065
406 1065 1466
1065 406 1466
994 547 713
547 713 994
713 547 994
1288 6 1352
1352 6 1288
6 1288 1352
603 401 1272
401 603 1272
1272 401 603
140 379 586
379 140 586
586 140 379
705 129 1129
129 705 1129
1129 129 705
1480 366 1431
366 1431 1480
1431 366 1480
433 263 595
263 433 595
595 263 433
996 95 943
943 95 996
95 943 996
607 843 1215
843 607 1215
1215 607 843
791 1303 1430
1430 791 1303
1303 791 1430
793 1369 1453
1369 793 1453
1453 793 1369
699 177 883
883 177 699
177 699 883
1465 927 1238
1238 927 1465
927 1238 1465
1230 346 1171
1171 346 1230
346 1171 1230
669 165 982
165 669 982
982 165 669
1195 348 995
348 995 1195
995 348 1195
371 718 1377
718 371 1377
1377 371 718
521 625 882
882 521 625
625 521 882
1035 231 1034
231 1034 1035
1034 231 1035
789 223 1333
1333 223 789
223 789 1333
850 938 1489
1489 850 938
938 850 1489
610 672 1062
672 610 1062
1062 610 672
819 498 579
579 498 819
498 579 819
523 204 1443
1443 204 523
204 523 1443
1151 790 1442
1442 790 1151
790 1151 1442
1250 582 1249
1249 582 1250
582 1249 1250
570 158 739
158 570 739
739 158 570
973 411 1330
1330 411 973
411 973 1330
237 100 1444
1444 100 237
100 237 1444
628 294 1093
1093 294 628
294 628 1093
548 107 838
107 548 838
838 107 548
604 763 958
763 604 958
958 604 763
1028 1331 1381
1381 1028 1331
1331 1028 1381
1362 341 659
659 341 1362
341 659 1362
452 413 1190
413 452 1190
1190 413 452
1118 402 945
945 402 1118
402 945 1118
384 222 929
222 384 929
929 222 384
486 1325 1407
1325 486 1407
1407 486 1325
83 369 783
783 83 369
369 83 783
398 5 581
581 5 398
5 398 581
409 736 1002
736 409 1002
1002 409 736
1341 950 956
950 956 1341
956 950 1341
235 964 1221
1221 235 964
964 235 1221
1302 449 879
449 879 1302
879 449 1302
1228 856 1256
856 1228 1256
1256 856 1228
63 302 405
405 63 302
302 63 405
1072 495 1318
1318 495 1072
495 1072 1318
694 551 587
587 551 694
551 587 694
663 385 1356
385 663 1356
1356 385 663
1409 786 1454
786 1409 1454
1454 786 1409
1426 128 755
755 128 1426
128 755 1426
1117 74 1188
1188 74 1117
74 1117 1188
975 220 446
446 220 975
220 446 975
208 349 1255
1255 208 349
349 208 1255
85 34 1231
1231 34 85
34 85 1231
1278 143 1404
1404 143 1278
143 1278 1404
778 649 716
716 649 778
649 716 778
1204 535 1217
535 1204 1217
1217 535 1204
1437 817 894
817 894 1437
894 817 1437
870 169 1011
169 870 1011
1011 169 870
61 228 1306
228 61 1306
1306 61 228
952 9 1177
1177 9 952
9 952 1177
941 355 629
355 629 941
629 355 941
1069 84 1038
1038 84 1069
84 1038 1069
606 645 1005
645 606 1005
1005 606 645
497 592 721
721 497 592
592 497 721
801 539 1205
539 801 1205
1205 539 801
892 201 1132
201 892 1132
1132 201 892
42 151 743
743 42 151
151 42 743
1261 1115 1178
1178 1115 1261
1115 1178 1261
762 40 926
926 40 762
40 762 926
1223 334 485
485 334 1223
334 485 1223
360 766 1403
1403 360 766
766 360 1403
840 134 1433
1433 134 840
134 840 1433
7 828 1336
828 7 1336
1336 7 828
190 28 93
28 93 190
93 28 190
1076 276 1271
1271 276 1076
276 1076 1271
1376 1275 1448
1448 1275 1376
1275 1376 1448
1024 512 1452
512 1024 1452
1452 512 1024
657 980 1301
980 657 1301
1301 657 980
636 353 564
353 564 636
564 353 636
1042 350 1435
350 1042 1435
1435 350 1042
652 670 1044
670 652 1044
1044 652 670
1300 775 1478
1478 775 1300
775 1300 1478
1470 36 1007
36 1007 1470
1007 36 1470
1471 291 612
291 612 1471
612 291 1471
491 537 1130
1130 491 537
537 491 1130
1295 159 630
630 159 1295
159 630 1295
1481 1323 1476
1323 1476 1481
1476 1323 1481
1067 924 1056
924 1056 1067
1056 924 1067
458 357 546
546 357 458
357 458 546
1450 522 728
522 728 1450
728 522 1450
1418 425 1096
1096 425 1418
425 1096 1418
315 524 605
605 315 524
524 315 605
1408 145 698
145 698 1408
698 145 1408
1019 206 518
206 518 1019
518 206 1019
47 566 1140
566 47 1140
1140 47 566
15 76 1027
1027 15 76
76 15 1027
236 64 1145
1145 64 236
64 236 1145
481 542 557
557 481 542
542 481 557
147 1018 1023
1023 147 1018
1018 147 1023
328 318 1415
318 328 1415
1415 318 328
24 757 1224
757 24 1224
1224 24 757
101 266 735
266 101 735
735 101 266
487 544 1386
1386 487 544
544 487 1386
11 26 484
484 11 26
26 11 484
1388 959 1009
959 1009 1388
1009 959 1388
1254 465 1387
465 1254 1387
1387 465 1254
171 225 1307
1307 171 225
225 171 1307
469 871 1260
871 469 1260
1260 469 871
1077 658 1156
1156 658 1077
658 1077 1156
936 168 1236
168 936 1236
1236 168 936
160 137 1367
1367 137 160
137 160 1367
414 711 724
724 414 711
711 414 724
974 227 1297
1297 227 974
227 974 1297
1273 364 693
693 364 1273
364 693 1273
432 56 66
56 66 432
66 56 432
320 2 1345
1345 2 320
2 320 1345
1370 373 1467
373 1370 1467
1467 373 1370
516 96 660
660 96 516
96 516 660
410 149 985
985 149 410
149 410 985
1497 619 874
874 619 1497
619 874 1497
1280 20 1413
1413 20 1280
20 1280 1413
445 323 1461
1461 323 445
323 445 1461
200 372 517
372 200 517
517 200 372
1328 688 1276
1276 688 1328
688 1276 1328
1037 343 1053
343 1037 1053
1053 343 1037
48 45 1397
45 48 1397
1397 45 48
634 1137 1391
1391 634 1137
1137 634 1391
212 167 683
167 212 683
683 167 212
417 176 290
176 290 417
290 176 417
925 1119 1385
1385 925 1119
1119 925 1385
1194 39 884
39 884 1194
884 39 1194
35 709 967
709 35 967
967 35 709
1365 1210 1216
1210 1216 1365
1216 1210 1365
998 70 684
70 684 998
684 70 998
642 1168 1469
1168 642 1469
1469 642 1168
1218 983 1499
1499 983 1218
983 1218 1499
877 816 1191
1191 816 877
816 877 1191
60 12 1116
1116 12 60
12 60 1116
246 961 978
978 246 961
961 246 978
662 197 750
750 197 662
197 662 750
1170 172 784
784 172 1170
172 784 1170
1161 674 1036
674 1036 1161
1036 674 1161
989 907 1379
907 989 1379
1379 907 989
1289 844 1172
1172 844 1289
844 1172 1289
1087 146 690
146 690 1087
690 146 1087
1299 706 1351
1351 706 1299
706 1299 1351
110 1198 1235
1198 110 1235
1235 110 1198
303 428 1363
1363 303 428
428 303 1363
1166 792 1451
792 1166 1451
1451 792 1166
1412 806 1091
806 1091 1412
1091 806 1412
188 274 508
274 188 508
508 188 274
488 247 1410
1410 247 488
247 488 1410
210 878 1057
1057 210 878
878 210 1057
226 647 1382
647 226 1382
1382 226 647
829 219 622
219 622 829
622 219 829
734 289 1029
1029 289 734
289 734 1029
785 1179 1441
1179 785 1441
1441 785 1179
509 740 890
740 509 890
890 509 740
1344 641 1354
1354 641 1344
641 1344 1354
1265 911 1139
911 1139 1265
1139 911 1265
1010 103 317
317 103 1010
103 317 1010
282 430 533
533 282 430
430 282 533
345 407 873
407 345 873
873 345 407
805 155 1113
1113 155 805
155 805 1113
835 631 1108
631 835 1108
1108 631 835
443 462 472
472 443 462
462 443 472
1475 1058 1492
1492 1058 1475
1058 1475 1492
1411 239 1063
1063 239 1411
239 1063 1411
1022 316 651
316 651 1022
651 316 1022
903 450 611
611 450 903
450 611 903
14 957 1101
1101 14 957
957 14 1101
1245 117 389
117 389 1245
389 117 1245
391 154 211
211 154 391
154 211 391
1371 1285 1343
1343 1285 1371
1285 1343 1371
1296 55 1436
1436 55 1296
55 1296 1436
654 234 248
234 248 654
248 234 654
439 179 1311
1311 179 439
179 439 1311
1152 955 977
955 977 1152
977 955 1152
1182 671 1321
1321 671 1182
671 1182 1321
1421 286 437
437 286 1421
286 437 1421
363 396 680
680 363 396
396 363 680
141 175 339
175 141 339
339 141 175
1041 554 596
596 554 1041
554 596 1041
1438 852 1184
852 1184 1438
1184 852 1438
626 648 948
948 626 648
648 626 948
673 809 849
809 673 849
849 673 809
768 453 615
453 615 768
615 453 768
851 217 280
217 280 851
280 217 851
616 668 1141
668 616 1141
1141 616 668
833 184 1398
1398 184 833
184 833 1398
480 252 1324
1324 252 480
252 480 1324
