13369 1082 1656
1082 1656 13369
1656 1082 13369
8839 3327 4449
4449 3327 8839
3327 4449 8839
13090 8368 12753
12753 8368 13090
8368 12753 13090
12928 12568 12958
12958 12568 12928
12568 12928 12958
9579 2096 2274
2274 2096 9579
2096 2274 9579
9544 8854 12394
12394 8854 9544
8854 9544 12394
36 4988 12763
4988 36 12763
12763 36 4988
9413 5918 7009
7009 5918 9413
5918 7009 9413
9918 412 7470
412 7470 9918
7470 412 9918
6716 2891 10603
2891 6716 10603
10603 2891 6716
4933 9232 12655
12655 4933 9232
9232 4933 12655
2982 8427 11150
11150 2982 8427
8427 2982 11150
2828 5733 14089
14089 2828 5733
5733 2828 14089
2026 9215 10970
9215 2026 10970
10970 2026 9215
6279 6429 13981
6429 6279 13981
13981 6279 6429
4423 3399 12356
3399 4423 12356
12356 3399 4423
10885 1220 10717
1220 10717 10885
10717 1220 10885
9876 2176 8557
8557 2176 9876
2176 8557 9876
5565 1685 14368
14368 1685 5565
1685 5565 14368
8586 7161 13689
7161 8586 13689
13689 7161 8586
6110 8893 12323
8893 6110 12323
12323 6110 8893
823 2945 13795
2945 823 13795
13795 823 2945
6020 6938 9488
9488 6020 6938
6938 6020 9488
14698 9651 13137
9651 13137 14698
13137 9651 14698
13895 6719 13436
13436 6719 13895
6719 13436 13895
7121 8023 14872
14872 7121 8023
8023 7121 14872
613 2947 13060
13060 613 2947
2947 613 13060
2073 3016 7800
3016 2073 7800
7800 2073 3016
8369 7620 9802
7620 8369 9802
9802 7620 8369
12628 4864 6865
6865 4864 12628
4864 6865 12628
6901 943 2984
943 2984 6901
2984 943 6901
14796 2796 7223
2796 7223 14796
7223 2796 14796
9265 285 2354
2354 285 9265
285 2354 9265
5895 10120 13853
10120 5895 13853
13853 5895 10120
5966 779 14707
779 5966 14707
14707 779 5966
5987 31 7003
7003 31 5987
31 5987 7003
14146 503 5176
5176 503 14146
503 5176 14146
12238 8817 9738
8817 9738 12238
9738 8817 12238
7519 6356 6414
6356 6414 7519
6414 6356 7519
14566 7426 12955
12955 7426 14566
7426 12955 14566
8371 6367 12794
6367 8371 12794
12794 6367 8371
5095 774 13004
774 5095 13004
13004 774 5095
7310 5337 5449
5449 5337 7310
5337 5449 7310
3442 1842 1976
1842 1976 3442
1976 1842 3442
2789 4190 8707
8707 2789 4190
4190 2789 8707
9701 2689 6894
6894 2689 9701
2689 6894 9701
10897 7395 12153
12153 7395 10897
7395 10897 12153
9547 768 8549
8549 768 9547
768 8549 9547
9822 5336 14216
5336 9822 14216
14216 5336 9822
9900 11668 12664
12664 9900 11668
11668 9900 12664
1536 4588 6645
4588 1536 6645
6645 1536 4588
10344 10599 12309
12309 10344 10599
10599 10344 12309
1018 7377 14271
7377 1018 14271
14271 1018 7377
1007 4032 14663
4032 1007 14663
14663 1007 4032
5103 209 5829
209 5103 5829
5829 209 5103
7129 2458 8587
2458 7129 8587
8587 2458 7129
11590 1624 2044
1624 2044 11590
2044 1624 11590
887 4684 8097
4684 887 8097
8097 887 4684
3244 701 1013
701 1013 3244
1013 701 3244
9877 1386 1677
1386 1677 9877
1677 1386 9877
11388 7976 9726
9726 7976 11388
7976 9726 11388
5667 8937 9562
8937 5667 9562
9562 5667 8937
8442 13033 14823
13033 8442 14823
14823 8442 13033
11045 3504 3748
3504 3748 11045
3748 3504 11045
12766 954 3869
3869 954 12766
954 3869 12766
4647 8777 11529
11529 4647 8777
8777 4647 11529
10775 3297 6690
3297 6690 10775
6690 3297 10775
3209 2424 6800
6800 2424 3209
2424 3209 6800
11068 7603 7792
7603 7792 11068
7792 7603 11068
14513 4450 12922
4450 12922 14513
12922 4450 14513
8774 101 4132
101 4132 8774
4132 101 8774
4553 12459 12667
12667 4553 12459
12459 4553 12667
9919 4383 14639
4383 9919 14639
14639 4383 9919
11481 5650 7952
5650 7952 11481
7952 5650 11481
7338 271 13923
13923 271 7338
271 7338 13923
14952 339 11680
11680 339 14952
339 11680 14952
13143 8855 9945
8855 9945 13143
9945 8855 13143
13738 5134 14020
5134 13738 14020
14020 5134 13738
7379 30 3592
3592 30 7379
30 3592 7379
9703 7354 10779
7354 9703 10779
10779 7354 9703
10893 10624 12792
10624 10893 12792
12792 10624 10893
4774 589 11849
11849 589 4774
589 4774 11849
7703 5391 8840
8840 5391 7703
5391 7703 8840
590 1315 4752
4752 590 1315
1315 590 4752
10905 2003 2513
2513 2003 10905
2003 2513 10905
9582 6399 13116
13116 6399 9582
6399 9582 13116
12296 2111 13435
2111 12296 13435
13435 2111 12296
148 7018 11968
7018 148 11968
11968 148 7018
6098 5050 9078
9078 5050 6098
5050 6098 9078
11253 1396 3545
1396 3545 11253
3545 1396 11253
856 6094 7960
7960 856 6094
6094 856 7960
13299 6108 11728
11728 6108 13299
6108 11728 13299
2757 2253 10733
10733 2253 2757
2253 2757 10733
14147 11424 12478
11424 12478 14147
12478 11424 14147
7443 4782 11612
4782 7443 11612
11612 4782 7443
10556 2452 6420
6420 2452 10556
2452 6420 10556
12536 10045 14192
10045 12536 14192
14192 10045 12536
13386 14480 14610
14480 13386 14610
14610 13386 14480
3554 8331 8764
8764 3554 8331
8331 3554 8764
5101 4591 9235
9235 4591 5101
4591 5101 9235
2640 891 3596
891 2640 3596
3596 891 2640
6150 3662 3932
3932 3662 6150
3662 3932 6150
14791 6135 13760
6135 13760 14791
13760 6135 14791
390 1973 11428
11428 390 1973
1973 390 11428
5762 9366 14094
9366 5762 14094
14094 5762 9366
13481 4164 9315
9315 4164 13481
4164 9315 13481
9529 2369 9565
2369 9529 9565
9565 2369 9529
1235 6767 12838
12838 1235 6767
6767 1235 12838
5748 688 13717
688 5748 13717
13717 688 5748
13617 536 12065
536 12065 13617
12065 536 13617
6646 14377 14932
14377 6646 14932
14932 6646 14377
11841 229 3467
229 3467 11841
3467 229 11841
2384 4023 7854
7854 2384 4023
4023 2384 7854
7054 4788 10145
4788 7054 10145
10145 4788 7054
5307 707 751
751 707 5307
707 751 5307
3435 9051 14943
9051 3435 14943
14943 3435 9051
2612 2106 10487
10487 2106 2612
2106 2612 10487
7066 8418 10266
8418 7066 10266
10266 7066 8418
2376 302 9756
302 2376 9756
9756 302 2376
4491 9641 9912
9641 4491 9912
9912 4491 9641
5938 5281 12975
5281 5938 12975
12975 5281 5938
1987 1245 13043
13043 1245 1987
1245 1987 13043
6512 3413 9197
9197 3413 6512
3413 6512 9197
5906 933 13071
13071 933 5906
933 5906 13071
14388 5126 11071
5126 11071 14388
11071 5126 14388
5147 300 12880
12880 300 5147
300 5147 12880
13308 6449 13243
13243 6449 13308
6449 13243 13308
5573 13683 14224
13683 5573 14224
14224 5573 13683
14152 5639 9242
5639 9242 14152
9242 5639 14152
3267 3466 4093
4093 3267 3466
3466 3267 4093
5700 12913 14337
14337 5700 12913
12913 5700 14337
13868 11856 14417
14417 11856 13868
11856 13868 14417
13916 2094 14149
2094 13916 14149
14149 2094 13916
7255 3511 9397
3511 7255 9397
9397 3511 7255
648 669 7236
7236 648 669
669 648 7236
3120 6151 10910
10910 3120 6151
6151 3120 10910
8790 2462 6375
6375 2462 8790
2462 6375 8790
587 10000 12366
10000 587 12366
12366 587 10000
2610 1913 10629
1913 2610 10629
10629 1913 2610
10526 12357 12767
12357 10526 12767
12767 10526 12357
20 4006 4833
4833 20 4006
4006 20 4833
14228 6062 10213
10213 6062 14228
6062 10213 14228
3381 9015 12938
12938 3381 9015
9015 3381 12938
528 9328 12376
9328 528 12376
12376 528 9328
7504 7214 13344
7214 7504 13344
13344 7214 7504
6727 1618 13597
13597 1618 6727
1618 6727 13597
189 675 6847
675 189 6847
6847 189 675
3264 6820 10072
6820 3264 10072
10072 3264 6820
2827 11410 11962
11962 2827 11410
11410 2827 11962
12542 2784 14834
2784 12542 14834
14834 2784 12542
12525 7980 9192
7980 9192 12525
9192 7980 12525
8740 10841 12622
12622 8740 10841
10841 8740 12622
4978 10835 13629
13629 4978 10835
10835 4978 13629
373 4796 7974
7974 373 4796
4796 373 7974
14122 2580 4133
4133 2580 14122
2580 4133 14122
5567 6320 11775
11775 5567 6320
6320 5567 11775
13464 1449 9208
9208 1449 13464
1449 9208 13464
8635 4375 14758
14758 4375 8635
4375 8635 14758
13233 3043 11282
11282 3043 13233
3043 11282 13233
4182 3661 6607
6607 3661 4182
3661 4182 6607
861 2565 5175
2565 861 5175
5175 861 2565
7983 5543 12111
5543 7983 12111
12111 5543 7983
1441 6877 7826
6877 1441 7826
7826 1441 6877
6749 8115 13437
13437 6749 8115
8115 6749 13437
2107 10197 10935
10197 2107 10935
10935 2107 10197
13077 1230 10275
1230 10275 13077
10275 1230 13077
8659 6557 13703
6557 8659 13703
13703 6557 8659
10306 1109 14372
1109 10306 14372
14372 1109 10306
7747 2772 10124
2772 7747 10124
10124 2772 7747
6544 6528 7780
6528 6544 7780
7780 6528 6544
6473 3444 14280
14280 3444 6473
3444 6473 14280
6531 307 9266
9266 307 6531
307 6531 9266
9697 9472 13660
13660 9472 9697
9472 9697 13660
8085 629 9041
9041 629 8085
629 8085 9041
6493 7331 11765
11765 6493 7331
7331 6493 11765
4042 4104 13675
13675 4042 4104
4104 4042 13675
14781 3334 3907
3907 3334 14781
3334 3907 14781
5974 539 14044
539 5974 14044
14044 539 5974
2059 5548 9828
9828 2059 5548
5548 2059 9828
1747 11178 12005
11178 1747 12005
12005 1747 11178
13831 7593 11999
7593 11999 13831
11999 7593 13831
11112 683 5036
683 5036 11112
5036 683 11112
13280 6087 12193
6087 12193 13280
12193 6087 13280
2677 5261 12851
5261 2677 12851
12851 2677 5261
8126 5811 9621
5811 8126 9621
9621 5811 8126
13598 1756 14433
14433 1756 13598
1756 13598 14433
8133 3831 11421
11421 3831 8133
3831 8133 11421
14304 2017 13576
2017 13576 14304
13576 2017 14304
219 12413 14571
14571 219 12413
12413 219 14571
9230 493 9552
9552 493 9230
493 9230 9552
3065 446 4675
446 3065 4675
4675 446 3065
12562 11923 13360
11923 12562 13360
13360 11923 12562
14072 6057 8824
6057 8824 14072
8824 6057 14072
8535 5084 8043
5084 8043 8535
8043 5084 8535
11329 5805 6080
5805 6080 11329
6080 5805 11329
1580 3719 14630
3719 1580 14630
14630 1580 3719
5627 11827 14702
14702 5627 11827
11827 5627 14702
13141 2306 9002
9002 2306 13141
2306 9002 13141
9102 6772 14354
6772 9102 14354
14354 6772 9102
11186 12730 14201
12730 11186 14201
14201 11186 12730
979 2480 6712
2480 979 6712
6712 979 2480
816 664 9099
9099 664 816
664 816 9099
7984 3104 9087
9087 3104 7984
3104 7984 9087
81 3098 7615
7615 81 3098
3098 81 7615
11146 7299 10287
7299 10287 11146
10287 7299 11146
4011 174 7668
7668 174 4011
174 4011 7668
1768 7388 10580
10580 1768 7388
7388 1768 10580
5843 8669 12631
8669 5843 12631
12631 5843 8669
9293 12647 12652
12647 9293 12652
12652 9293 12647
7202 8235 12198
12198 7202 8235
8235 7202 12198
13471 11682 14189
11682 13471 14189
14189 11682 13471
552 8299 12573
8299 552 12573
12573 552 8299
3687 1591 13688
13688 1591 3687
1591 3687 13688
8470 7336 7823
7823 7336 8470
7336 7823 8470
14036 3770 14197
14197 3770 14036
3770 14036 14197
1068 6233 9487
6233 1068 9487
9487 1068 6233
10398 1916 13988
13988 1916 10398
1916 10398 13988
5284 1296 10854
10854 1296 5284
1296 5284 10854
803 8621 14093
8621 803 14093
14093 803 8621
14076 1610 9423
1610 9423 14076
9423 1610 14076
13522 1033 5574
5574 1033 13522
1033 5574 13522
11221 6305 7154
7154 6305 11221
6305 7154 11221
7765 6844 12806
6844 7765 12806
12806 6844 7765
6504 3985 7127
7127 3985 6504
3985 6504 7127
398 1241 1841
1241 398 1841
1841 398 1241
13797 3323 3875
3875 3323 13797
3323 3875 13797
12675 6991 11117
6991 11117 12675
11117 6991 12675
9456 9013 12558
9013 9456 12558
12558 9013 9456
10684 3033 13287
3033 10684 13287
13287 3033 10684
265 4004 12518
4004 265 12518
12518 265 4004
5433 9438 12417
12417 5433 9438
9438 5433 12417
8645 1145 1671
1671 1145 8645
1145 1671 8645
12557 1217 14935
14935 1217 12557
1217 12557 14935
7997 958 10957
958 7997 10957
10957 958 7997
8407 1184 4172
4172 1184 8407
1184 4172 8407
14466 10637 11761
11761 10637 14466
10637 11761 14466
10562 2286 14175
14175 2286 10562
2286 10562 14175
1164 5484 13363
13363 1164 5484
5484 1164 13363
6409 9327 11815
9327 6409 11815
11815 6409 9327
6909 7228 8149
7228 6909 8149
8149 6909 7228
465 5060 14865
5060 465 14865
14865 465 5060
8628 251 12428
12428 251 8628
251 8628 12428
13368 5237 7907
7907 5237 13368
5237 7907 13368
731 3743 10187
3743 731 10187
10187 731 3743
11402 2487 7751
2487 7751 11402
7751 2487 11402
10008 4337 7867
4337 7867 10008
7867 4337 10008
5904 1743 10785
10785 1743 5904
1743 5904 10785
10798 3956 7502
7502 3956 10798
3956 7502 10798
7641 927 8303
927 7641 8303
8303 927 7641
9299 14500 14619
14500 9299 14619
14619 9299 14500
12165 3117 12104
3117 12104 12165
12104 3117 12165
2738 4490 5828
4490 2738 5828
5828 2738 4490
5555 4795 8637
8637 4795 5555
4795 5555 8637
8851 9618 14019
14019 8851 9618
9618 8851 14019
7451 10376 14780
10376 7451 14780
14780 7451 10376
1196 4284 13031
13031 1196 4284
4284 1196 13031
5197 3894 12902
3894 5197 12902
12902 3894 5197
9287 1073 4244
4244 1073 9287
1073 4244 9287
4379 5886 9294
5886 4379 9294
9294 4379 5886
8649 5172 12867
5172 8649 12867
12867 5172 8649
11963 5116 12659
12659 5116 11963
5116 11963 12659
2000 3082 12343
12343 2000 3082
3082 2000 12343
6965 3739 10183
3739 6965 10183
10183 3739 6965
5374 7788 8461
8461 5374 7788
7788 5374 8461
12651 1559 2241
1559 2241 12651
2241 1559 12651
9603 1302 13147
1302 9603 13147
13147 1302 9603
1304 3087 4569
3087 1304 4569
4569 1304 3087
1608 10154 13540
10154 1608 13540
13540 1608 10154
3858 8083 11478
8083 3858 11478
11478 3858 8083
4998 11377 14121
11377 4998 14121
14121 4998 11377
4642 3686 11882
3686 4642 11882
11882 3686 4642
10044 262 1512
262 1512 10044
1512 262 10044
6670 1168 12059
12059 1168 6670
1168 6670 12059
3857 1596 11309
1596 3857 11309
11309 1596 3857
11936 6667 12676
6667 11936 12676
12676 6667 11936
7430 6662 9854
6662 7430 9854
9854 6662 7430
14517 976 12710
12710 976 14517
976 12710 14517
2375 591 13270
13270 591 2375
591 2375 13270
3439 2021 12801
12801 2021 3439
2021 3439 12801
13408 12332 13567
13567 12332 13408
12332 13408 13567
5891 10394 13371
10394 5891 13371
13371 5891 10394
8904 7346 11008
7346 8904 11008
11008 7346 8904
2075 3701 8828
3701 2075 8828
8828 2075 3701
2333 216 1153
1153 216 2333
216 1153 2333
11024 881 6175
6175 881 11024
881 6175 11024
3061 1032 5485
1032 3061 5485
5485 1032 3061
3129 6047 9704
9704 3129 6047
6047 3129 9704
488 4173 14244
4173 488 14244
14244 488 4173
9282 3971 12717
3971 9282 12717
12717 3971 9282
12215 4682 11144
11144 4682 12215
4682 11144 12215
10134 6238 12544
12544 6238 10134
6238 10134 12544
14782 10028 11417
10028 11417 14782
11417 10028 14782
4982 3915 14459
3915 4982 14459
14459 3915 4982
4416 9858 10171
10171 4416 9858
9858 4416 10171
13739 2551 3365
3365 2551 13739
2551 3365 13739
12738 5478 12301
5478 12301 12738
12301 5478 12738
11273 9988 11104
11104 9988 11273
9988 11104 11273
13749 2842 14983
2842 13749 14983
14983 2842 13749
3726 4620 9826
9826 3726 4620
4620 3726 9826
7706 5167 8572
8572 5167 7706
5167 7706 8572
680 1135 1416
1135 680 1416
1416 680 1135
11788 952 1368
1368 952 11788
952 1368 11788
1749 13028 13877
13028 1749 13877
13877 1749 13028
5888 14701 14934
14934 5888 14701
14701 5888 14934
7047 6765 12644
12644 6765 7047
6765 7047 12644
8280 480 3892
480 3892 8280
3892 480 8280
10223 4151 10304
10304 4151 10223
4151 10223 10304
8833 576 1150
576 1150 8833
1150 576 8833
4606 4552 8511
4552 4606 8511
8511 4552 4606
12799 4237 12339
12339 4237 12799
4237 12339 12799
8713 3245 11031
11031 3245 8713
3245 8713 11031
1695 3644 8509
3644 1695 8509
8509 1695 3644
1526 6777 8829
8829 1526 6777
6777 1526 8829
4840 12778 14422
14422 4840 12778
12778 4840 14422
2450 2202 14298
14298 2202 2450
2202 2450 14298
13081 2385 11616
2385 11616 13081
11616 2385 13081
3754 7783 13430
13430 3754 7783
7783 3754 13430
13785 2336 7681
7681 2336 13785
2336 7681 13785
208 7137 10337
7137 208 10337
10337 208 7137
981 6477 8140
8140 981 6477
6477 981 8140
11700 1107 7303
7303 1107 11700
1107 7303 11700
2262 7334 10654
10654 2262 7334
7334 2262 10654
8816 594 9339
594 8816 9339
9339 594 8816
4207 6084 6336
6084 4207 6336
6336 4207 6084
7970 1527 2282
2282 1527 7970
1527 2282 7970
6457 135 12972
135 6457 12972
12972 135 6457
6263 3484 13568
3484 6263 13568
13568 3484 6263
1586 10043 13919
10043 1586 13919
13919 1586 10043
13977 3679 4561
4561 3679 13977
3679 4561 13977
2754 6072 7795
7795 2754 6072
6072 2754 7795
11997 6832 13969
6832 11997 13969
13969 6832 11997
11712 10355 11949
10355 11712 11949
11949 10355 11712
11542 6760 6970
6760 6970 11542
6970 6760 11542
12380 3096 13622
3096 12380 13622
13622 3096 12380
1436 3582 10123
10123 1436 3582
3582 1436 10123
12225 7523 11715
7523 11715 12225
11715 7523 12225
10047 9377 14294
9377 10047 14294
14294 9377 10047
7501 2887 12289
2887 7501 12289
12289 2887 7501
313 4092 14670
4092 313 14670
14670 313 4092
1167 7815 7986
7986 1167 7815
7815 1167 7986
1334 1985 9442
9442 1334 1985
1985 1334 9442
14689 4405 11195
4405 11195 14689
11195 4405 14689
1010 1990 8224
8224 1010 1990
1990 1010 8224
14722 114 10945
114 10945 14722
10945 114 14722
3588 2187 8605
2187 3588 8605
8605 2187 3588
11705 5008 10742
10742 5008 11705
5008 10742 11705
5379 23 8305
8305 23 5379
23 5379 8305
5182 2128 13623
13623 2128 5182
2128 5182 13623
10249 7913 11770
7913 10249 11770
11770 7913 10249
5373 2428 2586
2586 2428 5373
2428 2586 5373
3539 13014 14091
14091 3539 13014
13014 3539 14091
8590 562 14775
14775 562 8590
562 8590 14775
2466 2164 5483
2164 2466 5483
5483 2164 2466
11018 826 6509
826 6509 11018
6509 826 11018
6112 8192 11226
8192 6112 11226
11226 6112 8192
11199 6861 14826
14826 6861 11199
6861 11199 14826
6963 7145 12853
12853 6963 7145
7145 6963 12853
8201 103 9344
9344 103 8201
103 8201 9344
11691 2175 7065
2175 7065 11691
7065 2175 11691
7835 6295 6508
6508 6295 7835
6295 6508 7835
14311 4517 11038
11038 4517 14311
4517 11038 14311
10315 10471 12349
10471 10315 12349
12349 10315 10471
8748 483 8887
483 8748 8887
8887 483 8748
14158 1031 14644
14644 1031 14158
1031 14158 14644
3729 2687 12271
12271 2687 3729
2687 3729 12271
10954 6567 12698
6567 10954 12698
12698 6567 10954
226 2356 13042
13042 226 2356
2356 226 13042
6739 597 4318
4318 597 6739
597 4318 6739
13172 3578 9219
3578 9219 13172
9219 3578 13172
2310 7810 11379
11379 2310 7810
7810 2310 11379
10989 7043 9728
7043 9728 10989
9728 7043 10989
14056 11257 12571
11257 12571 14056
12571 11257 14056
8242 1885 4972
1885 4972 8242
4972 1885 8242
6792 7580 12435
7580 6792 12435
12435 6792 7580
11926 1849 5476
1849 5476 11926
5476 1849 11926
11011 8048 12239
8048 11011 12239
12239 8048 11011
9595 919 2403
2403 919 9595
919 2403 9595
14418 9123 10558
9123 10558 14418
10558 9123 14418
1525 6556 11526
11526 1525 6556
6556 1525 11526
14601 11659 12918
11659 12918 14601
12918 11659 14601
12156 12070 12871
12871 12070 12156
12070 12156 12871
4455 6455 8036
8036 4455 6455
6455 4455 8036
14214 9485 11683
9485 11683 14214
11683 9485 14214
5506 10630 11171
11171 5506 10630
10630 5506 11171
2956 6157 10493
6157 2956 10493
10493 2956 6157
12212 2582 6505
2582 6505 12212
6505 2582 12212
11284 3706 9343
9343 3706 11284
3706 9343 11284
12697 2312 8810
8810 2312 12697
2312 8810 12697
12479 7455 9597
7455 9597 12479
9597 7455 12479
2068 11353 12703
11353 2068 12703
12703 2068 11353
10993 3183 7743
3183 7743 10993
7743 3183 10993
10803 4739 5112
5112 4739 10803
4739 5112 10803
11543 2953 6196
2953 6196 11543
6196 2953 11543
4940 13359 14808
14808 4940 13359
13359 4940 14808
6745 7337 12787
7337 6745 12787
12787 6745 7337
7409 3051 3440
3440 3051 7409
3051 3440 7409
841 3488 6416
3488 841 6416
6416 841 3488
1059 1067 1735
1735 1059 1067
1067 1059 1735
11131 733 14245
14245 733 11131
733 11131 14245
12157 7965 8462
8462 7965 12157
7965 8462 12157
10822 9997 12890
9997 10822 12890
12890 9997 10822
14397 7678 9841
9841 7678 14397
7678 9841 14397
8338 4503 7211
7211 4503 8338
4503 7211 8338
8033 7790 10727
7790 8033 10727
10727 7790 8033
12106 797 8180
8180 797 12106
797 8180 12106
14703 2288 8072
8072 2288 14703
2288 8072 14703
3559 5390 12882
5390 3559 12882
12882 3559 5390
12097 5044 13874
13874 5044 12097
5044 12097 13874
12861 3874 11671
3874 11671 12861
11671 3874 12861
372 7227 10983
10983 372 7227
7227 372 10983
4406 8728 12749
8728 4406 12749
12749 4406 8728
12516 6237 6788
6237 6788 12516
6788 6237 12516
1569 6492 12982
6492 1569 12982
12982 1569 6492
1723 5194 5486
5194 1723 5486
5486 1723 5194
9134 6848 7243
6848 7243 9134
7243 6848 9134
5361 6170 13699
13699 5361 6170
6170 5361 13699
13918 2801 5024
2801 5024 13918
5024 2801 13918
10452 343 12254
12254 343 10452
343 10452 12254
3303 3943 4417
4417 3303 3943
3943 3303 4417
4467 3188 12424
12424 3188 4467
3188 4467 12424
13389 3630 13980
3630 13389 13980
13980 3630 13389
8349 10250 11432
10250 8349 11432
11432 8349 10250
119 5173 13813
5173 119 13813
13813 119 5173
6546 139 7794
7794 139 6546
139 6546 7794
9587 2250 11884
11884 2250 9587
2250 9587 11884
6936 4272 13752
4272 6936 13752
13752 4272 6936
11293 11404 13111
11404 11293 13111
13111 11293 11404
6371 3830 11203
11203 3830 6371
3830 6371 11203
5746 10958 13331
13331 5746 10958
10958 5746 13331
6840 1451 10177
1451 6840 10177
10177 1451 6840
12820 2222 14995
14995 2222 12820
2222 12820 14995
3132 12636 13902
12636 3132 13902
13902 3132 12636
12361 653 12696
12696 653 12361
653 12361 12696
3669 6007 14141
14141 3669 6007
6007 3669 14141
409 4028 7109
4028 409 7109
7109 409 4028
7375 7948 14132
14132 7375 7948
7948 7375 14132
8837 1212 13100
13100 1212 8837
1212 8837 13100
4267 9107 12476
9107 4267 12476
12476 4267 9107
9940 3391 12648
3391 9940 12648
12648 3391 9940
2495 6502 11347
6502 2495 11347
11347 2495 6502
1114 838 5322
838 1114 5322
5322 838 1114
6927 10264 14521
10264 6927 14521
14521 6927 10264
2302 457 1530
1530 457 2302
457 1530 2302
10796 3924 10368
3924 10368 10796
10368 3924 10796
9259 4823 12167
4823 9259 12167
12167 4823 9259
5121 3107 5283
3107 5121 5283
5283 3107 5121
3001 5519 7975
7975 3001 5519
5519 3001 7975
14308 375 9695
9695 375 14308
375 9695 14308
8182 10108 10210
10210 8182 10108
10108 8182 10210
4615 4216 13282
4216 4615 13282
13282 4216 4615
13034 7935 11909
7935 11909 13034
11909 7935 13034
12881 1891 4719
1891 4719 12881
4719 1891 12881
13171 3178 14573
14573 3178 13171
3178 13171 14573
7297 4025 9079
9079 4025 7297
4025 7297 9079
8785 3428 3509
3509 3428 8785
3428 3509 8785
4140 13135 13934
13135 4140 13934
13934 4140 13135
7403 2598 10372
2598 7403 10372
10372 2598 7403
2876 11621 13552
13552 2876 11621
11621 2876 13552
6814 8836 12599
8836 6814 12599
12599 6814 8836
8573 2570 9199
2570 8573 9199
9199 2570 8573
3972 842 10788
10788 842 3972
842 3972 10788
6701 6818 9001
6818 6701 9001
9001 6701 6818
3832 4239 13712
4239 3832 13712
13712 3832 4239
14994 616 8032
8032 616 14994
616 8032 14994
3604 2679 5183
5183 2679 3604
2679 3604 5183
1023 7662 9091
9091 1023 7662
7662 1023 9091
13927 5132 9189
5132 9189 13927
9189 5132 13927
14504 1648 3704
3704 1648 14504
1648 3704 14504
3490 8693 13956
13956 3490 8693
8693 3490 13956
4097 8259 8768
8259 4097 8768
8768 4097 8259
10665 11339 11990
11339 10665 11990
11990 10665 11339
5233 9117 14604
14604 5233 9117
9117 5233 14604
4067 8279 14717
14717 4067 8279
8279 4067 14717
6294 1387 3181
1387 3181 6294
3181 1387 6294
5135 1354 8199
1354 5135 8199
8199 1354 5135
5759 644 9240
644 5759 9240
9240 644 5759
5827 7339 10006
7339 5827 10006
10006 5827 7339
10732 5703 6596
5703 6596 10732
6596 5703 10732
13272 6248 9387
9387 6248 13272
6248 9387 13272
10475 8544 14016
8544 10475 14016
14016 8544 10475
8412 10270 14673
14673 8412 10270
10270 8412 14673
3983 8604 13701
8604 3983 13701
13701 3983 8604
4041 157 8667
8667 157 4041
157 4041 8667
10393 9819 12739
9819 10393 12739
12739 9819 10393
12952 2896 8475
8475 2896 12952
2896 8475 12952
6008 1415 7095
7095 1415 6008
1415 6008 7095
12207 7147 7473
7473 7147 12207
7147 7473 12207
13563 10004 12956
12956 10004 13563
10004 12956 13563
6335 7772 10934
7772 6335 10934
10934 6335 7772
7344 10217 12714
12714 7344 10217
10217 7344 12714
10959 2847 9975
9975 2847 10959
2847 9975 10959
7584 13181 13249
13181 7584 13249
13249 7584 13181
11782 7055 12437
7055 11782 12437
12437 7055 11782
505 6633 14333
14333 505 6633
6633 505 14333
1668 3184 6574
6574 1668 3184
3184 1668 6574
2912 526 3558
3558 526 2912
526 2912 3558
2883 7376 7562
7562 2883 7376
7376 2883 7562
5837 2573 4891
4891 2573 5837
2573 4891 5837
13844 476 10804
10804 476 13844
476 10804 13844
3615 227 10529
10529 227 3615
227 3615 10529
9058 3579 4627
3579 4627 9058
4627 3579 9058
1943 6710 7273
6710 1943 7273
7273 1943 6710
14542 5917 10321
10321 5917 14542
5917 10321 14542
9129 2417 9033
9033 2417 9129
2417 9033 9129
14685 2503 4431
4431 2503 14685
2503 4431 14685
11046 1728 14895
1728 11046 14895
14895 1728 11046
12400 242 10515
242 10515 12400
10515 242 12400
14279 535 10574
535 10574 14279
10574 535 14279
3949 9005 13676
13676 3949 9005
9005 3949 13676
11305 3190 12183
12183 3190 11305
3190 11305 12183
7887 4436 6627
4436 6627 7887
6627 4436 7887
4113 2431 11004
11004 2431 4113
2431 4113 11004
10169 10737 14600
14600 10169 10737
10737 10169 14600
12849 3891 5199
3891 5199 12849
5199 3891 12849
11832 6808 10942
10942 6808 11832
6808 10942 11832
9816 6085 8381
6085 8381 9816
8381 6085 9816
2991 782 12796
782 2991 12796
12796 782 2991
295 10503 14667
14667 295 10503
10503 295 14667
3038 1704 6614
6614 1704 3038
1704 3038 6614
13946 5443 12847
5443 12847 13946
12847 5443 13946
13638 4908 6636
4908 6636 13638
6636 4908 13638
13095 10164 11667
10164 11667 13095
11667 10164 13095
800 3641 10607
10607 800 3641
3641 800 10607
9933 7182 10080
7182 9933 10080
10080 7182 9933
11920 2015 14972
14972 2015 11920
2015 11920 14972
8591 8699 11972
8699 8591 11972
11972 8591 8699
2195 7335 7998
7998 2195 7335
7335 2195 7998
4641 2550 12929
2550 4641 12929
12929 2550 4641
3946 2234 8941
2234 3946 8941
8941 2234 3946
4751 749 13929
13929 749 4751
749 4751 13929
1583 6998 10211
6998 1583 10211
10211 1583 6998
4643 9927 13733
13733 4643 9927
9927 4643 13733
9471 5093 11859
5093 9471 11859
11859 5093 9471
2311 6843 9795
9795 2311 6843
6843 2311 9795
310 2895 11492
11492 310 2895
2895 310 11492
2571 932 13480
13480 932 2571
932 2571 13480
5166 5003 5614
5003 5166 5614
5614 5003 5166
5422 2344 5820
2344 5422 5820
5820 2344 5422
4063 3598 3861
3861 3598 4063
3598 3861 4063
1502 5580 14339
5580 1502 14339
14339 1502 5580
14430 10645 14706
14706 10645 14430
10645 14430 14706
14153 7906 11660
7906 11660 14153
11660 7906 14153
12930 4776 14453
14453 4776 12930
4776 12930 14453
7217 515 11664
515 7217 11664
11664 515 7217
12354 8987 13881
13881 8987 12354
8987 12354 13881
6442 9439 11247
11247 6442 9439
9439 6442 11247
6622 730 14924
14924 730 6622
730 6622 14924
6285 5800 6199
6199 5800 6285
5800 6199 6285
2858 4825 8540
8540 2858 4825
4825 2858 8540
5531 9662 11584
11584 5531 9662
9662 5531 11584
12474 6905 7175
6905 7175 12474
7175 6905 12474
9094 6173 6562
6562 6173 9094
6173 6562 9094
8246 509 3144
3144 509 8246
509 3144 8246
6332 8872 14546
14546 6332 8872
8872 6332 14546
8966 5128 8498
5128 8498 8966
8498 5128 8966
4680 8945 12039
12039 4680 8945
8945 4680 12039
9 1731 11988
1731 9 11988
11988 9 1731
4671 6201 7605
7605 4671 6201
6201 4671 7605
806 9525 10412
9525 806 10412
10412 806 9525
13454 366 9416
9416 366 13454
366 9416 13454
7254 4513 8888
8888 4513 7254
4513 7254 8888
3201 404 10588
10588 404 3201
404 3201 10588
11454 144 1931
1931 144 11454
144 1931 11454
11669 11079 13700
11079 11669 13700
13700 11079 11669
12218 86 8022
8022 86 12218
86 8022 12218
6612 3299 10995
3299 6612 10995
10995 3299 6612
12574 8162 11110
11110 8162 12574
8162 11110 12574
13409 6005 10026
10026 6005 13409
6005 10026 13409
7597 3079 11118
11118 3079 7597
3079 7597 11118
10139 7512 7542
7542 7512 10139
7512 7542 10139
14623 1703 11453
1703 11453 14623
11453 1703 14623
12304 1239 10567
1239 10567 12304
10567 1239 12304
13978 249 6593
6593 249 13978
249 6593 13978
1777 960 9930
9930 960 1777
960 1777 9930
8922 1784 5189
1784 5189 8922
5189 1784 8922
10584 6801 9572
6801 9572 10584
9572 6801 10584
3438 9074 13682
13682 3438 9074
9074 3438 13682
10661 11034 14124
14124 10661 11034
11034 10661 14124
6795 649 12233
649 6795 12233
12233 649 6795
6728 9810 13288
13288 6728 9810
9810 6728 13288
12131 7316 9939
7316 9939 12131
9939 7316 12131
4567 12541 14425
12541 4567 14425
14425 4567 12541
6458 1864 6114
1864 6114 6458
6114 1864 6458
6615 10200 11441
10200 6615 11441
11441 6615 10200
1933 10468 14524
14524 1933 10468
10468 1933 14524
1009 2833 14785
14785 1009 2833
2833 1009 14785
6781 3179 6333
3179 6333 6781
6333 3179 6781
11444 4619 10235
4619 10235 11444
10235 4619 11444
1398 2360 4872
4872 1398 2360
2360 1398 4872
2387 6764 12642
12642 2387 6764
6764 2387 12642
1495 4351 11361
11361 1495 4351
4351 1495 11361
12612 5006 10338
10338 5006 12612
5006 10338 12612
10317 2182 12447
12447 2182 10317
2182 10317 12447
11924 2223 14461
2223 11924 14461
14461 2223 11924
1180 196 6826
6826 196 1180
196 1180 6826
5474 3643 8256
3643 5474 8256
8256 3643 5474
4598 4660 10640
4660 4598 10640
10640 4598 4660
13974 665 6666
665 6666 13974
6666 665 13974
13321 6031 13536
13536 6031 13321
6031 13321 13536
10986 6383 7186
6383 7186 10986
7186 6383 10986
12105 1383 1629
1383 1629 12105
1629 1383 12105
1532 1316 2416
1316 1532 2416
2416 1316 1532
7365 1666 2999
1666 2999 7365
2999 1666 7365
1733 2444 9659
2444 1733 9659
9659 1733 2444
2759 3850 12307
3850 2759 12307
12307 2759 3850
6222 8327 11918
8327 6222 11918
11918 6222 8327
2922 4273 11787
4273 2922 11787
11787 2922 4273
1314 84 12096
12096 84 1314
84 1314 12096
4884 12374 14226
14226 4884 12374
12374 4884 14226
1697 6396 9241
6396 1697 9241
9241 1697 6396
9608 4831 12168
4831 9608 12168
12168 4831 9608
11740 8970 9570
8970 9570 11740
9570 8970 11740
14085 8791 13215
8791 13215 14085
13215 8791 14085
1812 1466 6771
1466 1812 6771
6771 1466 1812
5065 2853 3331
3331 2853 5065
2853 3331 5065
4414 1256 13828
1256 4414 13828
13828 1256 4414
7822 8531 14159
14159 7822 8531
8531 7822 14159
12135 786 14317
14317 786 12135
786 12135 14317
3138 3727 4522
4522 3138 3727
3727 3138 4522
5720 6446 14825
14825 5720 6446
6446 5720 14825
10641 5300 13964
13964 5300 10641
5300 10641 13964
10248 1594 7827
1594 7827 10248
7827 1594 10248
5023 6358 7921
7921 5023 6358
6358 5023 7921
12842 1886 9685
9685 1886 12842
1886 9685 12842
8136 1006 2980
2980 1006 8136
1006 2980 8136
3938 4380 8746
4380 3938 8746
8746 3938 4380
11946 10410 13621
10410 11946 13621
13621 10410 11946
10495 935 9897
9897 935 10495
935 9897 10495
6379 10623 11978
11978 6379 10623
10623 6379 11978
1759 5193 13987
5193 1759 13987
13987 1759 5193
11147 4921 10491
10491 4921 11147
4921 10491 11147
12870 13606 14440
13606 12870 14440
14440 12870 13606
4356 693 13067
13067 693 4356
693 4356 13067
4166 12124 13631
13631 4166 12124
12124 4166 13631
3705 87 3550
87 3550 3705
3550 87 3705
9737 4674 13523
13523 4674 9737
4674 9737 13523
6692 3359 13405
13405 3359 6692
3359 6692 13405
8451 942 1799
1799 942 8451
942 1799 8451
11342 8877 13724
13724 8877 11342
8877 11342 13724
9848 6055 10490
10490 6055 9848
6055 9848 10490
11152 11 8212
8212 11 11152
11 8212 11152
1627 873 11665
873 1627 11665
11665 873 1627
8458 8789 13451
8789 8458 13451
13451 8458 8789
5807 5298 6154
6154 5298 5807
5298 5807 6154
5727 4489 5012
5012 4489 5727
4489 5012 5727
13655 1477 11748
11748 1477 13655
1477 11748 13655
14203 2490 10718
10718 2490 14203
2490 10718 14203
11545 9229 12595
9229 11545 12595
12595 9229 11545
10064 9408 14888
9408 10064 14888
14888 9408 10064
10976 5549 12121
12121 5549 10976
5549 10976 12121
14438 7207 10927
10927 7207 14438
7207 10927 14438
546 5536 8245
5536 546 8245
8245 546 5536
584 7859 11547
11547 584 7859
7859 584 11547
3313 1041 4550
1041 3313 4550
4550 1041 3313
14851 6634 13636
13636 6634 14851
6634 13636 14851
1904 1654 11711
11711 1654 1904
1654 1904 11711
3795 7663 9444
7663 3795 9444
9444 3795 7663
11206 7171 8779
7171 8779 11206
8779 7171 11206
13158 443 13656
443 13158 13656
13656 443 13158
8727 11094 13936
13936 8727 11094
11094 8727 13936
1751 10723 13679
10723 1751 13679
13679 1751 10723
3268 301 1927
301 1927 3268
1927 301 3268
5068 1397 1613
1613 1397 5068
1397 1613 5068
13952 4242 11228
4242 11228 13952
11228 4242 13952
5516 6577 13650
13650 5516 6577
6577 5516 13650
1392 491 5471
5471 491 1392
491 1392 5471
5375 10061 10602
10061 5375 10602
10602 5375 10061
13439 127 9838
9838 127 13439
127 9838 13439
8164 240 1773
1773 240 8164
240 1773 8164
10985 3449 5355
3449 5355 10985
5355 3449 10985
11193 2397 4487
2397 4487 11193
4487 2397 11193
1874 9392 14879
14879 1874 9392
9392 1874 14879
250 1147 3635
1147 250 3635
3635 250 1147
6499 5204 10307
5204 6499 10307
10307 5204 6499
9071 12163 13986
13986 9071 12163
12163 9071 13986
2629 4472 13019
13019 2629 4472
4472 2629 13019
1971 4085 4112
4112 1971 4085
4085 1971 4112
6464 4999 9762
4999 6464 9762
9762 4999 6464
7402 783 11192
783 7402 11192
11192 783 7402
13467 2646 12579
2646 12579 13467
12579 2646 13467
7888 5099 13632
5099 7888 13632
13632 5099 7888
9987 1094 2652
2652 1094 9987
1094 2652 9987
12408 403 5070
5070 403 12408
403 5070 12408
389 6435 12128
6435 389 12128
12128 389 6435
8631 737 8651
737 8631 8651
8651 737 8631
14191 8297 13943
8297 13943 14191
13943 8297 14191
10116 4737 6769
4737 6769 10116
6769 4737 10116
8437 10867 12008
12008 8437 10867
10867 8437 12008
2469 5935 9319
5935 2469 9319
9319 2469 5935
6024 4420 14914
4420 6024 14914
14914 4420 6024
14721 10516 10578
10578 10516 14721
10516 10578 14721
11114 5160 10369
10369 5160 11114
5160 10369 11114
414 2101 9144
9144 414 2101
2101 414 9144
1096 273 4396
273 1096 4396
4396 273 1096
14508 3093 9740
9740 3093 14508
3093 9740 14508
1261 2117 12032
12032 1261 2117
2117 1261 12032
3470 4060 4443
4060 3470 4443
4443 3470 4060
6778 9580 10155
9580 6778 10155
10155 6778 9580
6937 928 14509
928 6937 14509
14509 928 6937
2638 637 2134
2134 637 2638
637 2134 2638
7300 997 13740
13740 997 7300
997 7300 13740
6551 12041 13825
13825 6551 12041
12041 6551 13825
10964 381 6015
6015 381 10964
381 6015 10964
6016 4154 6313
6313 4154 6016
4154 6016 6313
12262 2359 3674
2359 3674 12262
3674 2359 12262
13465 6273 10310
6273 10310 13465
10310 6273 13465
2931 1308 7315
1308 2931 7315
7315 1308 2931
8580 10713 11934
10713 8580 11934
11934 8580 10713
3722 3369 13826
13826 3369 3722
3369 3722 13826
1379 7381 12074
12074 1379 7381
7381 1379 12074
1001 4175 8478
8478 1001 4175
4175 1001 8478
3175 3532 9669
9669 3175 3532
3532 3175 9669
7563 10421 13470
13470 7563 10421
10421 7563 13470
780 1621 11092
1621 780 11092
11092 780 1621
4766 3775 12721
12721 3775 4766
3775 4766 12721
14771 2927 4952
2927 4952 14771
4952 2927 14771
6283 44 278
44 278 6283
278 44 6283
9891 9509 13896
9509 9891 13896
13896 9509 9891
9690 5577 10997
5577 9690 10997
10997 5577 9690
10906 3339 10143
10143 3339 10906
3339 10143 10906
327 5453 13168
13168 327 5453
5453 327 13168
1619 6851 8453
8453 1619 6851
6851 1619 8453
11708 3474 7981
3474 7981 11708
7981 3474 11708
1894 6318 13106
13106 1894 6318
6318 1894 13106
11945 6269 11855
6269 11855 11945
11855 6269 11945
11180 7140 11105
7140 11105 11180
11105 7140 11180
8690 3078 11742
3078 8690 11742
11742 3078 8690
3213 5975 7328
5975 3213 7328
7328 3213 5975
11805 1899 8311
1899 8311 11805
8311 1899 11805
744 3901 11006
3901 744 11006
11006 744 3901
13101 9782 12141
12141 9782 13101
9782 12141 13101
5030 8266 12610
8266 5030 12610
12610 5030 8266
14715 10551 12873
12873 10551 14715
10551 12873 14715
11769 10674 13404
13404 10674 11769
10674 11769 13404
5499 11358 14937
14937 5499 11358
11358 5499 14937
6081 9150 13274
13274 6081 9150
9150 6081 13274
7180 6241 7601
7601 6241 7180
6241 7180 7601
8383 2572 7401
2572 7401 8383
7401 2572 8383
3529 1638 5459
1638 3529 5459
5459 1638 3529
1269 3591 6563
3591 1269 6563
6563 1269 3591
1081 10619 14842
14842 1081 10619
10619 1081 14842
3676 3089 11252
11252 3089 3676
3089 3676 11252
4512 397 6186
397 4512 6186
6186 397 4512
1318 6611 13941
13941 1318 6611
6611 1318 13941
5130 3208 5782
5782 3208 5130
3208 5130 5782
4287 13838 14431
14431 4287 13838
13838 4287 14431
9076 4126 13291
13291 4126 9076
4126 9076 13291
13973 5125 14868
14868 5125 13973
5125 13973 14868
6625 11136 11279
11279 6625 11136
11136 6625 11279
10366 2114 6466
2114 6466 10366
6466 2114 10366
14898 8874 13078
8874 13078 14898
13078 8874 14898
6545 3717 4629
3717 4629 6545
4629 3717 6545
3468 6188 7400
6188 3468 7400
7400 3468 6188
9450 7871 9213
7871 9213 9450
9213 7871 9450
2723 8584 10541
8584 2723 10541
10541 2723 8584
13151 5480 14346
5480 13151 14346
14346 5480 13151
9895 3424 12805
12805 3424 9895
3424 9895 12805
5159 766 7244
7244 766 5159
766 5159 7244
7564 6523 7356
6523 7356 7564
7356 6523 7564
4977 11269 13217
13217 4977 11269
11269 4977 13217
14734 358 9011
358 9011 14734
9011 358 14734
5335 7712 9974
9974 5335 7712
7712 5335 9974
1674 10596 10826
10596 1674 10826
10826 1674 10596
4865 10395 10707
10707 4865 10395
10395 4865 10707
13025 10770 13517
13517 10770 13025
10770 13025 13517
12120 2163 9424
2163 9424 12120
9424 2163 12120
6549 6842 12507
12507 6549 6842
6842 6549 12507
9420 13068 14989
14989 9420 13068
13068 9420 14989
6907 6202 12588
12588 6202 6907
6202 6907 12588
2834 9646 14070
9646 2834 14070
14070 2834 9646
14297 995 13069
13069 995 14297
995 13069 14297
7363 7374 12362
12362 7363 7374
7374 7363 12362
3871 7143 12708
7143 3871 12708
12708 3871 7143
7630 568 4888
568 4888 7630
4888 568 7630
1852 543 5064
5064 543 1852
543 1852 5064
6707 4217 5622
4217 5622 6707
5622 4217 6707
14844 7573 12002
7573 12002 14844
12002 7573 14844
1095 8445 14979
14979 1095 8445
8445 1095 14979
944 13769 14238
14238 944 13769
13769 944 14238
12433 8615 12524
12524 8615 12433
8615 12433 12524
13674 8118 9652
9652 8118 13674
8118 9652 13674
11304 2197 5205
2197 5205 11304
5205 2197 11304
4137 10916 12832
12832 4137 10916
10916 4137 12832
13073 5493 8951
8951 5493 13073
5493 8951 13073
8147 1941 8190
1941 8147 8190
8190 1941 8147
11639 12665 14074
12665 11639 14074
14074 11639 12665
8139 8755 11535
8755 8139 11535
11535 8139 8755
12490 10303 14739
10303 12490 14739
14739 10303 12490
12531 514 5576
5576 514 12531
514 5576 12531
14210 13085 14905
13085 14210 14905
14905 13085 14210
2664 1257 9496
9496 1257 2664
1257 2664 9496
2667 1008 4066
4066 1008 2667
1008 2667 4066
2812 9688 11460
11460 2812 9688
