61529 43553 102677
102677 43553 61529
43553 61529 102677
41264 9201 65235
65235 9201 41264
9201 41264 65235
69944 71377 84366
84366 69944 71377
71377 69944 84366
1970 53213 110960
53213 1970 110960
110960 1970 53213
24025 32143 141116
141116 24025 32143
32143 24025 141116
24058 9824 125863
9824 24058 125863
125863 9824 24058
18058 35360 104018
35360 18058 104018
104018 18058 35360
132429 102512 134215
134215 102512 132429
102512 132429 134215
116466 13848 29146
13848 29146 116466
29146 13848 116466
80171 80594 98680
98680 80171 80594
80594 80171 98680
31342 101512 110955
101512 31342 110955
110955 31342 101512
143621 38495 121838
121838 38495 143621
38495 121838 143621
1534 2199 119301
2199 1534 119301
119301 1534 2199
118595 55647 137246
55647 118595 137246
137246 55647 118595
31993 96054 127954
96054 31993 127954
127954 31993 96054
101851 47628 147606
147606 47628 101851
47628 101851 147606
70209 8888 94975
8888 70209 94975
94975 8888 70209
101429 7212 35097
35097 7212 101429
7212 35097 101429
75414 10979 58255
10979 58255 75414
58255 10979 75414
52897 74175 123171
74175 52897 123171
123171 52897 74175
145475 130936 131036
131036 130936 145475
130936 131036 145475
72277 40308 72222
72222 40308 72277
40308 72222 72277
21325 48201 83336
83336 21325 48201
48201 21325 83336
47075 81596 128338
128338 47075 81596
81596 47075 128338
20613 28702 107256
107256 20613 28702
28702 20613 107256
144672 66642 116141
66642 116141 144672
116141 66642 144672
119071 33450 122392
33450 119071 122392
122392 33450 119071
22272 100474 110961
110961 22272 100474
100474 22272 110961
11140 65777 123099
65777 11140 123099
123099 11140 65777
10486 65706 103822
65706 10486 103822
103822 10486 65706
54072 103590 118254
103590 54072 118254
118254 54072 103590
100479 27538 128156
128156 27538 100479
27538 100479 128156
137908 40927 146400
40927 137908 146400
146400 40927 137908
108410 31361 131007
131007 31361 108410
31361 108410 131007
85421 112811 134876
112811 85421 134876
134876 85421 112811
58566 69751 108198
69751 58566 108198
108198 58566 69751
100019 96929 141735
96929 100019 141735
141735 96929 100019
32571 111677 112959
112959 32571 111677
111677 32571 112959
26680 19612 36093
19612 26680 36093
36093 19612 26680
123579 119531 137309
119531 123579 137309
137309 119531 123579
19569 56273 105263
56273 19569 105263
105263 19569 56273
1962 38526 130522
130522 1962 38526
38526 1962 130522
34681 84464 92763
92763 34681 84464
84464 34681 92763
8185 30743 83784
30743 8185 83784
83784 8185 30743
25251 15630 16581
15630 16581 25251
16581 15630 25251
7658 6677 8856
8856 6677 7658
6677 7658 8856
66023 237 40437
40437 237 66023
237 40437 66023
2348 77384 141138
77384 2348 141138
141138 2348 77384
149657 24780 68506
68506 24780 149657
24780 68506 149657
83594 16327 73608
73608 16327 83594
16327 73608 83594
33180 36353 109839
109839 33180 36353
36353 33180 109839
6797 81038 117329
117329 6797 81038
81038 6797 117329
98916 25337 57376
25337 57376 98916
57376 25337 98916
42003 43714 133326
43714 42003 133326
133326 42003 43714
39391 118251 142087
142087 39391 118251
118251 39391 142087
132263 63181 65683
65683 63181 132263
63181 65683 132263
91771 71207 145719
71207 91771 145719
145719 71207 91771
99833 17902 94488
94488 17902 99833
17902 94488 99833
139268 42831 48138
48138 42831 139268
42831 48138 139268
29240 56847 61764
61764 29240 56847
56847 29240 61764
13161 22471 96462
22471 13161 96462
96462 13161 22471
28317 65105 126540
126540 28317 65105
65105 28317 126540
48714 63621 64391
64391 48714 63621
63621 48714 64391
108740 4004 103929
103929 4004 108740
4004 103929 108740
14685 40876 85542
85542 14685 40876
40876 14685 85542
61059 125607 135090
135090 61059 125607
125607 61059 135090
45148 15757 138657
15757 45148 138657
138657 15757 45148
125763 103965 128555
128555 103965 125763
103965 125763 128555
91756 79496 148358
79496 91756 148358
148358 79496 91756
40287 103644 146639
146639 40287 103644
103644 40287 146639
76995 92094 128299
92094 76995 128299
128299 76995 92094
736 110371 125914
110371 736 125914
125914 736 110371
113603 26293 98813
98813 26293 113603
26293 98813 113603
3670 116757 128722
116757 3670 128722
128722 3670 116757
144420 62295 87092
87092 62295 144420
62295 87092 144420
120994 55905 97048
97048 55905 120994
55905 97048 120994
40013 77183 116300
116300 40013 77183
77183 40013 116300
135931 86718 94507
86718 94507 135931
94507 86718 135931
77566 125480 144891
144891 77566 125480
125480 77566 144891
133733 98927 139846
98927 133733 139846
139846 98927 133733
106986 2888 29211
29211 2888 106986
2888 29211 106986
63367 29984 144311
144311 29984 63367
29984 63367 144311
23619 60585 109843
109843 23619 60585
60585 23619 109843
103634 128550 128577
128550 103634 128577
128577 103634 128550
107819 44421 111574
44421 107819 111574
111574 44421 107819
26179 65032 123795
65032 26179 123795
123795 26179 65032
28384 16953 47053
16953 28384 47053
47053 16953 28384
60357 45177 116056
45177 60357 116056
116056 45177 60357
28593 96265 107725
96265 28593 107725
107725 28593 96265
126829 81004 100659
81004 100659 126829
100659 81004 126829
117256 37771 131980
37771 117256 131980
131980 37771 117256
40225 894 106112
894 40225 106112
106112 894 40225
42444 94158 99714
99714 42444 94158
94158 42444 99714
111766 54701 57785
54701 57785 111766
57785 54701 111766
22122 91565 144476
91565 22122 144476
144476 22122 91565
90109 117724 131448
131448 90109 117724
117724 90109 131448
148476 90017 110240
90017 110240 148476
110240 90017 148476
47070 10063 17045
17045 10063 47070
10063 17045 47070
17552 49420 58048
49420 17552 58048
58048 17552 49420
113377 102828 141453
102828 113377 141453
141453 102828 113377
31148 31081 95009
95009 31081 31148
31081 31148 95009
119293 64250 130553
130553 64250 119293
64250 119293 130553
11980 54926 142447
142447 11980 54926
54926 11980 142447
113065 60158 95873
95873 60158 113065
60158 95873 113065
142777 5617 94079
94079 5617 142777
5617 94079 142777
78292 55649 123580
55649 78292 123580
123580 55649 78292
90811 51946 133853
133853 51946 90811
51946 90811 133853
53527 57415 108264
108264 53527 57415
57415 53527 108264
53153 52748 89290
52748 53153 89290
89290 52748 53153
5865 60833 64359
64359 5865 60833
60833 5865 64359
69605 105284 142663
105284 69605 142663
142663 69605 105284
140267 25912 52907
52907 25912 140267
25912 52907 140267
32465 6770 72036
6770 32465 72036
72036 6770 32465
62626 30357 87115
30357 62626 87115
87115 30357 62626
135800 17991 146691
146691 17991 135800
17991 135800 146691
38773 61737 128450
61737 38773 128450
128450 38773 61737
47446 101731 109083
109083 47446 101731
101731 47446 109083
25983 81961 123572
81961 25983 123572
123572 25983 81961
3949 10212 94103
94103 3949 10212
10212 3949 94103
147846 25629 49508
49508 25629 147846
25629 49508 147846
120583 8630 124577
124577 8630 120583
8630 120583 124577
99982 118791 121844
118791 99982 121844
121844 99982 118791
69231 19003 91275
19003 69231 91275
91275 19003 69231
46349 23522 58242
58242 23522 46349
23522 46349 58242
2393 508 95256
508 2393 95256
95256 508 2393
93145 41639 103215
103215 41639 93145
41639 93145 103215
23912 58686 60663
60663 23912 58686
58686 23912 60663
105485 10650 109299
10650 105485 109299
109299 10650 105485
145966 10916 68218
10916 68218 145966
68218 10916 145966
10890 104594 133974
133974 10890 104594
104594 10890 133974
24010 14156 60144
60144 14156 24010
14156 24010 60144
86831 140078 141957
140078 86831 141957
141957 86831 140078
67829 14873 72357
14873 67829 72357
72357 14873 67829
56739 98924 124666
124666 56739 98924
98924 56739 124666
115378 70408 94189
70408 94189 115378
94189 70408 115378
70742 12804 82958
12804 70742 82958
82958 12804 70742
99547 19480 80459
80459 19480 99547
19480 80459 99547
1037 9400 72896
72896 1037 9400
9400 1037 72896
140474 15428 68969
15428 68969 140474
68969 15428 140474
135706 63119 97511
63119 97511 135706
97511 63119 135706
97348 95279 147177
147177 95279 97348
95279 97348 147177
101598 6228 23649
23649 6228 101598
6228 23649 101598
16290 32132 73502
32132 16290 73502
73502 16290 32132
125946 20584 36785
36785 20584 125946
20584 36785 125946
61181 57377 141181
57377 61181 141181
141181 57377 61181
117227 128693 134903
128693 117227 134903
134903 117227 128693
14336 88108 113802
113802 14336 88108
88108 14336 113802
77827 12260 44047
44047 12260 77827
12260 44047 77827
51554 95532 125351
125351 51554 95532
95532 51554 125351
64557 7562 78867
78867 7562 64557
7562 64557 78867
104648 70012 93572
93572 70012 104648
70012 93572 104648
148059 138603 146996
146996 138603 148059
138603 146996 148059
4729 84219 91457
91457 4729 84219
84219 4729 91457
27164 66222 94288
94288 27164 66222
66222 27164 94288
37231 4599 30675
4599 30675 37231
30675 4599 37231
123688 68889 111794
68889 111794 123688
111794 68889 123688
89357 57581 82748
82748 57581 89357
57581 82748 89357
81617 62666 93677
93677 62666 81617
62666 81617 93677
145373 38546 115946
38546 115946 145373
115946 38546 145373
124680 68955 127980
127980 68955 124680
68955 124680 127980
131386 14440 62334
62334 14440 131386
14440 62334 131386
108158 59890 148547
148547 59890 108158
59890 108158 148547
14478 63683 117437
63683 14478 117437
117437 14478 63683
2488 60695 68373
60695 2488 68373
68373 2488 60695
48191 102758 144973
144973 48191 102758
102758 48191 144973
74855 62245 67535
67535 62245 74855
62245 67535 74855
92651 3144 107689
107689 3144 92651
3144 92651 107689
6039 90458 128596
90458 6039 128596
128596 6039 90458
87986 1770 126663
1770 87986 126663
126663 1770 87986
146771 84763 149487
84763 146771 149487
149487 84763 146771
125730 95737 108312
108312 95737 125730
95737 108312 125730
116748 61094 105858
105858 61094 116748
61094 105858 116748
13614 15055 92406
92406 13614 15055
15055 13614 92406
19333 23473 63313
23473 19333 63313
63313 19333 23473
5560 81010 127388
81010 5560 127388
127388 5560 81010
123498 45371 61417
45371 61417 123498
61417 45371 123498
116697 9734 41681
41681 9734 116697
9734 41681 116697
43166 99772 113740
113740 43166 99772
99772 43166 113740
131144 36587 57904
36587 57904 131144
57904 36587 131144
115072 230 74789
74789 230 115072
230 74789 115072
4131 6641 100616
100616 4131 6641
6641 4131 100616
9573 46065 52656
52656 9573 46065
46065 9573 52656
47857 66319 114319
66319 47857 114319
114319 47857 66319
44449 1268 67395
1268 44449 67395
67395 1268 44449
17307 114156 146222
146222 17307 114156
114156 17307 146222
69353 57829 61075
57829 61075 69353
61075 57829 69353
122775 57463 118345
118345 57463 122775
57463 118345 122775
105689 12766 89138
89138 12766 105689
12766 89138 105689
136476 64040 69003
69003 64040 136476
64040 69003 136476
30535 16756 109603
16756 30535 109603
109603 16756 30535
66298 22161 80139
22161 66298 80139
80139 22161 66298
64936 28779 132422
132422 28779 64936
28779 64936 132422
8171 54292 96670
54292 8171 96670
96670 8171 54292
57280 5230 119210
119210 5230 57280
5230 57280 119210
31613 54208 136202
54208 31613 136202
136202 31613 54208
85228 44677 52401
44677 52401 85228
52401 44677 85228
13545 34518 109823
109823 13545 34518
34518 13545 109823
7651 24630 133369
24630 7651 133369
133369 7651 24630
53537 45698 46523
46523 45698 53537
45698 46523 53537
5854 85371 129009
85371 5854 129009
129009 5854 85371
95418 80032 83351
80032 83351 95418
83351 80032 95418
89956 61649 120795
61649 89956 120795
120795 61649 89956
148797 4251 19138
4251 19138 148797
19138 4251 148797
135087 46113 110879
46113 110879 135087
110879 46113 135087
87604 12539 93132
12539 87604 93132
93132 12539 87604
46168 22886 125289
22886 46168 125289
125289 22886 46168
96369 30983 60163
60163 30983 96369
30983 60163 96369
53735 9727 119559
119559 9727 53735
9727 53735 119559
113258 35382 138332
35382 113258 138332
138332 35382 113258
16394 29452 44773
29452 16394 44773
44773 16394 29452
67025 20503 79196
79196 20503 67025
20503 67025 79196
92711 112929 122153
122153 92711 112929
112929 92711 122153
41691 1841 25868
1841 25868 41691
25868 1841 41691
146608 37606 140954
37606 140954 146608
140954 37606 146608
121262 9600 9645
9600 9645 121262
9645 9600 121262
37976 65336 74421
65336 37976 74421
74421 37976 65336
8014 47320 86421
86421 8014 47320
47320 8014 86421
36470 31311 33861
33861 31311 36470
31311 33861 36470
223 49365 110105
49365 223 110105
110105 223 49365
39087 76259 90893
76259 39087 90893
90893 39087 76259
58920 64055 129956
129956 58920 64055
64055 58920 129956
24178 33926 132664
132664 24178 33926
33926 24178 132664
46237 16203 18359
16203 18359 46237
18359 16203 46237
132441 51715 68215
51715 68215 132441
68215 51715 132441
25788 1439 51194
51194 1439 25788
1439 25788 51194
84860 8226 86520
8226 84860 86520
86520 8226 84860
149493 26488 133992
133992 26488 149493
26488 133992 149493
46387 103684 114694
103684 46387 114694
114694 46387 103684
64071 83245 84110
83245 64071 84110
84110 64071 83245
198 66084 129229
129229 198 66084
66084 198 129229
41904 61267 66385
61267 41904 66385
66385 41904 61267
16764 38555 139600
38555 16764 139600
139600 16764 38555
44430 81331 123558
123558 44430 81331
81331 44430 123558
25349 15140 34286
34286 15140 25349
15140 25349 34286
141385 39115 55447
55447 39115 141385
39115 55447 141385
103468 15758 111604
111604 15758 103468
15758 103468 111604
140277 48577 104687
104687 48577 140277
48577 104687 140277
48263 9900 44576
44576 9900 48263
9900 44576 48263
26789 46999 48476
46999 26789 48476
48476 26789 46999
36262 86759 114812
86759 36262 114812
114812 36262 86759
49242 68354 130296
130296 49242 68354
68354 49242 130296
106101 11198 53251
53251 11198 106101
11198 53251 106101
123833 26766 59200
59200 26766 123833
26766 59200 123833
30147 79337 111427
79337 30147 111427
111427 30147 79337
114519 33921 111910
33921 111910 114519
111910 33921 114519
31697 30139 49007
30139 31697 49007
49007 30139 31697
52863 40963 124390
124390 40963 52863
40963 52863 124390
122049 1149 146031
1149 122049 146031
146031 1149 122049
108900 4764 133835
4764 108900 133835
133835 4764 108900
33305 41003 145940
41003 33305 145940
145940 33305 41003
84811 83440 101565
83440 84811 101565
101565 83440 84811
39552 64738 118557
64738 39552 118557
118557 39552 64738
93555 4597 137417
4597 93555 137417
137417 4597 93555
29414 67662 114695
67662 29414 114695
114695 29414 67662
4198 67518 87208
67518 4198 87208
87208 4198 67518
36149 29995 44883
29995 36149 44883
44883 29995 36149
66635 88798 107734
107734 66635 88798
88798 66635 107734
63156 82329 84558
82329 63156 84558
84558 63156 82329
105800 93024 97890
93024 97890 105800
97890 93024 105800
95693 23324 27409
23324 27409 95693
27409 23324 95693
65793 64082 144991
64082 65793 144991
144991 64082 65793
21308 116113 126208
126208 21308 116113
116113 21308 126208
33821 127714 133817
127714 33821 133817
133817 33821 127714
46198 25230 99740
25230 46198 99740
99740 25230 46198
95523 106437 128957
106437 95523 128957
128957 95523 106437
126692 99026 106631
99026 106631 126692
106631 99026 126692
29161 100595 111733
111733 29161 100595
100595 29161 111733
106337 85057 117546
117546 85057 106337
85057 106337 117546
92943 61693 117582
61693 92943 117582
117582 61693 92943
143989 84436 137991
137991 84436 143989
84436 137991 143989
138454 11595 22951
22951 11595 138454
11595 22951 138454
119053 1714 143193
143193 1714 119053
1714 119053 143193
34712 107196 123889
107196 34712 123889
123889 34712 107196
6001 34008 48110
48110 6001 34008
34008 6001 48110
90768 29471 85167
29471 85167 90768
85167 29471 90768
148008 16311 115119
16311 115119 148008
115119 16311 148008
34820 20135 75777
20135 34820 75777
75777 20135 34820
97526 29462 52675
52675 29462 97526
29462 52675 97526
98463 99927 133254
99927 98463 133254
133254 98463 99927
34199 107253 121513
121513 34199 107253
107253 34199 121513
11284 11997 67854
11997 11284 67854
67854 11284 11997
132600 81342 118379
81342 118379 132600
118379 81342 132600
64588 15031 59373
59373 15031 64588
15031 59373 64588
80370 37290 42752
42752 37290 80370
37290 42752 80370
53109 46235 87235
46235 53109 87235
87235 46235 53109
122531 98917 116391
116391 98917 122531
98917 116391 122531
137523 27544 142766
142766 27544 137523
27544 137523 142766
72950 95235 122872
122872 72950 95235
95235 72950 122872
26423 106820 142997
106820 26423 142997
142997 26423 106820
110380 71796 113589
113589 71796 110380
71796 110380 113589
120131 10171 70720
70720 10171 120131
10171 70720 120131
34268 18964 60896
18964 34268 60896
60896 18964 34268
80015 58058 73613
58058 73613 80015
73613 58058 80015
142197 8033 79304
79304 8033 142197
8033 79304 142197
26888 41149 82943
82943 26888 41149
41149 26888 82943
92056 23997 31728
23997 31728 92056
31728 23997 92056
94411 43546 59413
43546 59413 94411
59413 43546 94411
89783 44388 93709
44388 89783 93709
93709 44388 89783
48435 113507 120900
120900 48435 113507
113507 48435 120900
23442 25550 60266
25550 23442 60266
60266 23442 25550
98176 59739 70571
70571 59739 98176
59739 70571 98176
95422 104798 105205
105205 95422 104798
104798 95422 105205
68193 91517 91646
91646 68193 91517
91517 68193 91646
147049 33392 51935
33392 51935 147049
51935 33392 147049
69289 88900 141773
141773 69289 88900
88900 69289 141773
97667 15354 65083
15354 65083 97667
65083 15354 97667
104881 82421 148426
148426 82421 104881
82421 104881 148426
113595 83973 94212
94212 83973 113595
83973 94212 113595
108125 105328 107488
105328 107488 108125
107488 105328 108125
5676 80731 109838
109838 5676 80731
80731 5676 109838
58002 7711 142924
7711 58002 142924
142924 7711 58002
126004 35900 139830
139830 35900 126004
35900 126004 139830
52750 20975 37887
20975 37887 52750
37887 20975 52750
43744 23098 63681
23098 43744 63681
63681 23098 43744
79312 49977 142103
49977 79312 142103
142103 49977 79312
36160 86771 108823
108823 36160 86771
86771 36160 108823
128745 75778 97572
97572 75778 128745
75778 97572 128745
122748 68371 90379
90379 68371 122748
68371 90379 122748
97113 107708 115786
107708 97113 115786
115786 97113 107708
87674 5523 86638
86638 5523 87674
5523 86638 87674
113222 22809 108875
108875 22809 113222
22809 108875 113222
132173 112057 123356
112057 123356 132173
123356 112057 132173
37257 122020 131794
131794 37257 122020
122020 37257 131794
122266 93417 125066
93417 122266 125066
125066 93417 122266
112987 93025 97975
97975 93025 112987
93025 97975 112987
93974 16310 89236
89236 16310 93974
16310 89236 93974
89856 71873 140050
71873 89856 140050
140050 71873 89856
19786 19778 49356
49356 19778 19786
19778 19786 49356
79015 99034 126947
99034 79015 126947
126947 79015 99034
7081 57419 141235
57419 7081 141235
141235 7081 57419
89627 145651 146263
145651 89627 146263
146263 89627 145651
129067 93981 94027
93981 94027 129067
94027 93981 129067
108509 60578 87480
60578 87480 108509
87480 60578 108509
53341 2523 32760
32760 2523 53341
2523 32760 53341
73940 80320 94688
80320 73940 94688
94688 73940 80320
90113 40812 86111
86111 40812 90113
40812 86111 90113
31498 58764 148017
148017 31498 58764
58764 31498 148017
3400 5886 84419
5886 3400 84419
84419 3400 5886
79628 56214 140509
56214 79628 140509
140509 56214 79628
6108 64995 78891
64995 6108 78891
78891 6108 64995
73057 75027 143782
143782 73057 75027
75027 73057 143782
115225 8943 50040
50040 8943 115225
8943 50040 115225
21301 29765 130990
130990 21301 29765
29765 21301 130990
99028 8153 115857
8153 99028 115857
115857 8153 99028
37534 117361 130647
117361 37534 130647
130647 37534 117361
68790 72851 112329
112329 68790 72851
72851 68790 112329
71971 43905 47385
43905 47385 71971
47385 43905 71971
95695 52941 64801
52941 64801 95695
64801 52941 95695
130217 44698 90820
44698 90820 130217
90820 44698 130217
46952 74425 100851
100851 46952 74425
74425 46952 100851
68101 63900 140831
140831 63900 68101
63900 68101 140831
67866 27127 97661
27127 67866 97661
97661 27127 67866
145436 5844 126083
126083 5844 145436
5844 126083 145436
138493 64817 74080
74080 64817 138493
64817 74080 138493
48662 44799 71222
44799 48662 71222
71222 44799 48662
92010 28156 146741
146741 28156 92010
28156 92010 146741
122249 60487 72484
60487 72484 122249
72484 60487 122249
93680 39549 65860
39549 65860 93680
65860 39549 93680
386 16956 98565
16956 386 98565
98565 386 16956
142649 1405 78114
78114 1405 142649
1405 78114 142649
147843 56320 96318
56320 96318 147843
96318 56320 147843
79702 91292 108037
108037 79702 91292
91292 79702 108037
132791 1195 113123
113123 1195 132791
1195 113123 132791
77721 96524 101739
96524 77721 101739
101739 77721 96524
33204 5425 56176
56176 5425 33204
5425 33204 56176
52822 65742 134675
134675 52822 65742
65742 52822 134675
134722 113840 146216
146216 113840 134722
113840 134722 146216
57814 113426 136669
113426 57814 136669
136669 57814 113426
145918 14529 114545
114545 14529 145918
14529 114545 145918
34256 31080 49125
49125 31080 34256
31080 34256 49125
100922 16751 141256
141256 16751 100922
16751 100922 141256
26716 17499 61404
61404 17499 26716
17499 26716 61404
62056 26492 94531
26492 62056 94531
94531 26492 62056
138319 108549 136875
136875 108549 138319
108549 136875 138319
125039 98529 129380
129380 98529 125039
98529 125039 129380
51269 39069 83898
39069 51269 83898
83898 39069 51269
63825 59395 117984
117984 59395 63825
59395 63825 117984
48097 55724 59321
55724 48097 59321
59321 48097 55724
118516 33045 149955
149955 33045 118516
33045 118516 149955
6096 76107 121996
76107 6096 121996
121996 6096 76107
137958 41296 45299
41296 45299 137958
45299 41296 137958
90417 109580 147930
147930 90417 109580
109580 90417 147930
20853 41864 70196
70196 20853 41864
41864 20853 70196
4887 3860 58001
3860 4887 58001
58001 3860 4887
92468 5663 92880
92880 5663 92468
5663 92468 92880
34173 142706 147631
142706 34173 147631
147631 34173 142706
88048 22913 145405
145405 22913 88048
22913 88048 145405
67494 25721 149847
149847 25721 67494
25721 67494 149847
98277 20525 126439
126439 20525 98277
20525 98277 126439
80754 80175 85351
85351 80175 80754
80175 80754 85351
13668 65566 68328
68328 13668 65566
65566 13668 68328
40432 74052 131538
131538 40432 74052
74052 40432 131538
92580 60575 107409
107409 60575 92580
60575 92580 107409
112881 25451 127543
25451 112881 127543
127543 25451 112881
54103 28937 55176
55176 28937 54103
28937 54103 55176
25720 5950 132266
5950 25720 132266
132266 5950 25720
113757 2665 149563
2665 113757 149563
149563 2665 113757
135933 68444 114596
68444 114596 135933
114596 68444 135933
106402 15633 114736
15633 106402 114736
114736 15633 106402
113506 91277 122381
91277 113506 122381
122381 91277 113506
49561 53829 133213
133213 49561 53829
53829 49561 133213
83384 36483 44585
44585 36483 83384
36483 44585 83384
78352 76105 91198
76105 78352 91198
91198 76105 78352
149928 36526 98243
98243 36526 149928
36526 98243 149928
146088 21516 37095
21516 37095 146088
37095 21516 146088
135638 24423 61130
24423 61130 135638
61130 24423 135638
100652 34322 120037
34322 100652 120037
120037 34322 100652
28717 55722 133462
55722 28717 133462
133462 28717 55722
45813 20208 91983
91983 20208 45813
20208 45813 91983
1731 3943 35225
35225 1731 3943
3943 1731 35225
149820 52721 115172
115172 52721 149820
52721 115172 149820
45445 29985 39728
29985 39728 45445
39728 29985 45445
75557 131323 141956
141956 75557 131323
131323 75557 141956
59846 3753 49657
49657 3753 59846
3753 49657 59846
80692 27570 30064
30064 27570 80692
27570 30064 80692
115594 29060 105888
105888 29060 115594
29060 105888 115594
97951 41753 75059
75059 41753 97951
41753 75059 97951
89668 140615 148326
148326 89668 140615
140615 89668 148326
116049 14935 31966
14935 31966 116049
31966 14935 116049
12795 56472 88041
88041 12795 56472
56472 12795 88041
18189 113239 143913
143913 18189 113239
113239 18189 143913
21566 34351 94808
34351 21566 94808
94808 21566 34351
953 2577 25630
25630 953 2577
2577 953 25630
7868 61244 115198
115198 7868 61244
61244 7868 115198
17473 134584 145414
145414 17473 134584
134584 17473 145414
127482 39632 149233
39632 127482 149233
149233 39632 127482
75837 4541 60583
4541 60583 75837
60583 4541 75837
69777 122089 131055
122089 69777 131055
131055 69777 122089
100671 12158 39326
12158 39326 100671
39326 12158 100671
118182 28866 40056
40056 28866 118182
28866 40056 118182
82780 28129 134759
28129 82780 134759
134759 28129 82780
60549 22157 88990
88990 22157 60549
22157 60549 88990
127131 12027 53124
12027 53124 127131
53124 12027 127131
85142 30007 107593
107593 30007 85142
30007 85142 107593
69468 7681 52300
7681 52300 69468
52300 7681 69468
40206 84705 96317
84705 40206 96317
96317 40206 84705
129243 114722 122479
122479 114722 129243
114722 122479 129243
114794 4428 85362
4428 85362 114794
85362 4428 114794
34113 10547 61367
61367 10547 34113
10547 34113 61367
148351 25101 37167
25101 37167 148351
37167 25101 148351
79557 1123 64750
1123 64750 79557
64750 1123 79557
94938 80839 98593
98593 80839 94938
80839 94938 98593
82550 57577 90359
90359 57577 82550
57577 82550 90359
81075 41314 45806
45806 41314 81075
41314 45806 81075
61180 27682 84679
84679 27682 61180
27682 61180 84679
141555 39250 130322
39250 130322 141555
130322 39250 141555
35887 20191 90296
90296 20191 35887
20191 35887 90296
53148 83838 129989
129989 53148 83838
83838 53148 129989
62752 21890 46512
21890 46512 62752
46512 21890 62752
76695 4040 141866
4040 76695 141866
141866 4040 76695
112657 114940 121373
114940 112657 121373
121373 112657 114940
121033 13732 52474
52474 13732 121033
13732 52474 121033
32227 78764 112736
112736 32227 78764
78764 32227 112736
83669 50467 140969
140969 50467 83669
50467 83669 140969
11070 60976 104386
104386 11070 60976
60976 11070 104386
71891 10826 38731
10826 38731 71891
38731 10826 71891
55654 107157 133599
133599 55654 107157
107157 55654 133599
78178 18194 88657
18194 78178 88657
88657 18194 78178
83149 50178 103510
50178 83149 103510
103510 50178 83149
84726 45850 97402
97402 45850 84726
45850 84726 97402
83748 31222 39025
31222 39025 83748
39025 31222 83748
121439 109386 130614
130614 109386 121439
109386 121439 130614
33585 57135 111436
111436 33585 57135
57135 33585 111436
131965 92531 101296
92531 101296 131965
101296 92531 131965
91267 123862 132331
123862 91267 132331
132331 91267 123862
94525 76128 100861
100861 76128 94525
76128 94525 100861
115751 36172 55708
55708 36172 115751
36172 55708 115751
94881 4721 32870
32870 4721 94881
4721 32870 94881
135229 38051 111824
111824 38051 135229
38051 111824 135229
144317 59240 144477
144477 59240 144317
59240 144317 144477
85164 87120 114309
114309 85164 87120
87120 85164 114309
61516 58336 137119
137119 58336 61516
58336 61516 137119
36753 18398 34778
34778 18398 36753
18398 34778 36753
147262 31371 101771
101771 31371 147262
31371 101771 147262
140062 20188 145729
20188 140062 145729
145729 20188 140062
50035 41976 114212
114212 41976 50035
41976 50035 114212
123256 118190 149149
149149 118190 123256
118190 123256 149149
43565 23864 51836
23864 43565 51836
51836 23864 43565
78395 22463 131244
131244 22463 78395
22463 78395 131244
18584 20054 68943
68943 18584 20054
20054 18584 68943
44809 56655 107385
107385 44809 56655
56655 44809 107385
10043 7141 18267
18267 7141 10043
7141 10043 18267
114756 24749 35300
24749 35300 114756
35300 24749 114756
91358 9454 121975
121975 9454 91358
9454 91358 121975
88005 32398 131180
131180 32398 88005
32398 88005 131180
21176 39999 72539
39999 21176 72539
72539 21176 39999
89568 28151 78472
28151 78472 89568
78472 28151 89568
132974 11060 28146
28146 11060 132974
11060 28146 132974
92541 102972 140501
102972 92541 140501
140501 92541 102972
51440 38289 131493
131493 38289 51440
38289 51440 131493
95062 47279 120650
120650 47279 95062
47279 95062 120650
67411 17951 143669
143669 17951 67411
17951 67411 143669
104428 4235 36665
4235 36665 104428
36665 4235 104428
79191 116906 124844
124844 79191 116906
116906 79191 124844
66399 82769 94390
82769 66399 94390
94390 66399 82769
130357 77185 133756
133756 77185 130357
77185 130357 133756
11475 10615 100788
10615 11475 100788
100788 10615 11475
106035 47318 128345
128345 47318 106035
47318 106035 128345
55387 86728 91890
86728 55387 91890
91890 55387 86728
140499 71582 146793
146793 71582 140499
71582 140499 146793
5742 50294 124387
50294 5742 124387
124387 5742 50294
105767 138089 141005
138089 105767 141005
141005 105767 138089
107190 63745 108276
63745 107190 108276
108276 63745 107190
41995 15056 82371
82371 15056 41995
15056 41995 82371
31445 25557 72843
25557 31445 72843
72843 25557 31445
30173 82739 135312
135312 30173 82739
82739 30173 135312
149286 40746 106465
40746 106465 149286
106465 40746 149286
133980 37820 139979
37820 133980 139979
139979 37820 133980
148382 23111 43227
23111 43227 148382
43227 23111 148382
58322 39427 84477
84477 39427 58322
39427 58322 84477
20553 40304 101915
40304 20553 101915
101915 20553 40304
19128 43933 101723
43933 19128 101723
101723 19128 43933
121547 60654 65467
65467 60654 121547
60654 65467 121547
93320 112540 145808
145808 93320 112540
112540 93320 145808
5422 30994 41395
41395 5422 30994
30994 5422 41395
73686 81006 128890
128890 73686 81006
81006 73686 128890
51070 48366 136803
136803 48366 51070
48366 51070 136803
66715 100420 123039
100420 66715 123039
123039 66715 100420
26553 70387 146338
146338 26553 70387
70387 26553 146338
26776 5147 59589
5147 26776 59589
59589 5147 26776
123997 3516 82675
82675 3516 123997
3516 82675 123997
56110 46458 78211
78211 46458 56110
46458 56110 78211
112373 692 55032
55032 692 112373
692 55032 112373
30085 78402 90702
78402 30085 90702
90702 30085 78402
122524 10603 140879
10603 122524 140879
140879 10603 122524
121698 26077 76056
26077 76056 121698
76056 26077 121698
135948 138516 148960
138516 135948 148960
148960 135948 138516
53104 85911 105117
85911 53104 105117
105117 53104 85911
108324 56898 139271
139271 56898 108324
56898 108324 139271
74418 134482 148831
148831 74418 134482
134482 74418 148831
79559 73988 117655
117655 73988 79559
73988 79559 117655
61451 28785 142982
142982 28785 61451
28785 61451 142982
147405 10587 125084
10587 125084 147405
125084 10587 147405
139700 49920 53329
49920 53329 139700
53329 49920 139700
118952 37339 112117
37339 112117 118952
112117 37339 118952
144581 27086 67948
67948 27086 144581
27086 67948 144581
2731 38408 104694
38408 2731 104694
104694 2731 38408
92738 81810 141364
141364 81810 92738
81810 92738 141364
36026 139896 141186
139896 36026 141186
141186 36026 139896
104645 48449 115663
48449 104645 115663
115663 48449 104645
4797 9122 21108
9122 4797 21108
21108 4797 9122
43899 79212 136581
136581 43899 79212
79212 43899 136581
115987 7397 19142
19142 7397 115987
7397 19142 115987
43389 65745 106504
65745 43389 106504
106504 43389 65745
102421 40239 142714
40239 102421 142714
142714 40239 102421
39712 26881 128329
26881 39712 128329
128329 26881 39712
133676 11234 108962
108962 11234 133676
11234 108962 133676
22509 42620 63525
42620 22509 63525
63525 22509 42620
3393 69631 88859
88859 3393 69631
69631 3393 88859
149952 52925 107923
107923 52925 149952
52925 107923 149952
70619 32258 84857
84857 32258 70619
32258 70619 84857
107188 137557 139617
137557 107188 139617
139617 107188 137557
115534 87911 101630
101630 87911 115534
87911 101630 115534
67376 2319 11606
11606 2319 67376
2319 11606 67376
83151 27710 118079
27710 83151 118079
118079 27710 83151
785 33228 123793
123793 785 33228
33228 785 123793
22938 74841 147851
147851 22938 74841
74841 22938 147851
77683 66540 87066
87066 66540 77683
66540 77683 87066
32101 39314 96113
96113 32101 39314
39314 32101 96113
6236 47335 83855
47335 6236 83855
83855 6236 47335
79240 6042 39100
6042 39100 79240
39100 6042 79240
117049 81560 116544
116544 81560 117049
81560 116544 117049
49674 105299 130137
105299 49674 130137
130137 49674 105299
119720 63876 125408
63876 119720 125408
125408 63876 119720
13905 61604 80610
61604 13905 80610
80610 13905 61604
52286 46932 140202
140202 46932 52286
46932 52286 140202
142967 55165 74371
74371 55165 142967
55165 74371 142967
113685 105554 109635
105554 109635 113685
109635 105554 113685
13547 9932 60511
60511 9932 13547
9932 13547 60511
26123 21732 89219
21732 26123 89219
89219 21732 26123
95861 21594 143569
143569 21594 95861
21594 95861 143569
149253 50657 96442
96442 50657 149253
50657 96442 149253
14031 19066 80810
19066 14031 80810
80810 14031 19066
21717 88168 136196
136196 21717 88168
88168 21717 136196
63178 13 4803
13 4803 63178
4803 13 63178
62316 37254 107064
37254 62316 107064
107064 37254 62316
47234 24590 35982
35982 24590 47234
24590 35982 47234
30200 44863 106358
44863 30200 106358
106358 30200 44863
69763 43342 113131
43342 69763 113131
113131 43342 69763
47057 40424 139100
40424 47057 139100
139100 40424 47057
120331 38603 99787
99787 38603 120331
38603 99787 120331
75724 637 7346
7346 637 75724
637 7346 75724
70111 9892 58060
9892 58060 70111
58060 9892 70111
66051 20577 140175
20577 66051 140175
140175 20577 66051
81021 125036 141067
125036 81021 141067
141067 81021 125036
85798 3368 57572
57572 3368 85798
3368 57572 85798
132898 117109 138742
138742 117109 132898
117109 132898 138742
134182 67073 87558
87558 67073 134182
67073 87558 134182
72526 58871 78733
78733 58871 72526
58871 72526 78733
138633 39342 126707
126707 39342 138633
39342 126707 138633
136123 29058 107538
107538 29058 136123
29058 107538 136123
122887 87318 104148
104148 87318 122887
87318 104148 122887
55588 20597 130793
20597 55588 130793
130793 20597 55588
41796 76609 119054
76609 41796 119054
119054 41796 76609
25584 21113 126521
126521 21113 25584
21113 25584 126521
46013 27830 75977
75977 27830 46013
27830 46013 75977
77300 45079 83586
45079 77300 83586
83586 45079 77300
14318 64259 114290
64259 14318 114290
114290 14318 64259
143272 30381 31708
31708 30381 143272
30381 31708 143272
31781 52316 132739
52316 31781 132739
132739 31781 52316
11147 47887 52763
47887 11147 52763
52763 11147 47887
64976 29815 135898
135898 29815 64976
29815 64976 135898
148827 76725 128258
128258 76725 148827
76725 128258 148827
104874 89055 103047
103047 89055 104874
89055 103047 104874
80701 8709 27515
8709 27515 80701
27515 8709 80701
135958 34452 147374
34452 135958 147374
147374 34452 135958
140498 15967 25835
15967 25835 140498
25835 15967 140498
61685 39975 67980
39975 61685 67980
67980 39975 61685
22099 29599 65067
29599 22099 65067
65067 22099 29599
57098 519 7829
519 7829 57098
7829 519 57098
38113 118058 120518
120518 38113 118058
118058 38113 120518
25763 7425 127439
7425 25763 127439
127439 7425 25763
15165 111433 126473
111433 15165 126473
126473 15165 111433
89990 1329 8483
8483 1329 89990
1329 8483 89990
87937 27661 112861
112861 27661 87937
27661 87937 112861
15617 100828 120724
100828 15617 120724
120724 15617 100828
113554 7197 8932
7197 8932 113554
8932 7197 113554
80934 66387 141305
141305 66387 80934
66387 80934 141305
140880 91185 125679
125679 91185 140880
91185 125679 140880
130741 47195 145223
145223 47195 130741
47195 130741 145223
135520 79235 81562
79235 81562 135520
81562 79235 135520
138217 62387 86158
86158 62387 138217
62387 86158 138217
95943 31019 126701
31019 95943 126701
126701 31019 95943
16324 63762 128402
63762 16324 128402
128402 16324 63762
113961 33087 138257
33087 113961 138257
138257 33087 113961
88488 105458 124237
105458 88488 124237
124237 88488 105458
87002 65363 95448
65363 87002 95448
95448 65363 87002
135987 120676 121930
120676 121930 135987
121930 120676 135987
35667 5688 145968
145968 5688 35667
5688 35667 145968
79750 95048 125176
125176 79750 95048
95048 79750 125176
79364 7519 18829
7519 18829 79364
18829 7519 79364
11845 113110 143741
113110 11845 143741
143741 11845 113110
82006 5481 135250
135250 5481 82006
5481 82006 135250
72522 48616 122947
122947 48616 72522
48616 72522 122947
79536 17409 135905
135905 17409 79536
17409 79536 135905
83413 16209 16808
16209 16808 83413
16808 16209 83413
83148 56197 142544
56197 83148 142544
142544 56197 83148
81770 101249 130561
130561 81770 101249
101249 81770 130561
26094 50606 72001
72001 26094 50606
50606 26094 72001
27786 47396 123998
123998 27786 47396
47396 27786 123998
93467 68260 100996
100996 68260 93467
68260 93467 100996
18340 43154 95362
95362 18340 43154
43154 18340 95362
64106 101706 147545
101706 64106 147545
147545 64106 101706
121190 35646 103461
103461 35646 121190
35646 103461 121190
27298 43861 111275
43861 27298 111275
111275 27298 43861
126918 4673 20025
4673 20025 126918
20025 4673 126918
122069 1915 134605
1915 122069 134605
134605 1915 122069
97613 5063 59371
5063 59371 97613
59371 5063 97613
48074 55158 137185
137185 48074 55158
55158 48074 137185
68699 1528 138282
138282 1528 68699
1528 68699 138282
148641 81346 104828
81346 104828 148641
104828 81346 148641
111580 50147 53119
53119 50147 111580
50147 53119 111580
103284 54597 100592
54597 100592 103284
100592 54597 103284
74671 69656 91029
91029 69656 74671
69656 74671 91029
100374 46352 122424
46352 100374 122424
122424 46352 100374
30717 30109 110812
30109 30717 110812
110812 30109 30717
32972 38744 109659
38744 32972 109659
109659 32972 38744
99743 143607 149006
143607 99743 149006
149006 99743 143607
27785 51506 124482
51506 27785 124482
124482 27785 51506
74895 45420 119738
119738 45420 74895
45420 74895 119738
31579 103517 148367
103517 31579 148367
148367 31579 103517
146362 7249 77389
77389 7249 146362
7249 77389 146362
67030 64545 102929
102929 64545 67030
64545 67030 102929
30962 39776 128545
39776 30962 128545
128545 30962 39776
53789 36883 127030
36883 53789 127030
127030 36883 53789
74550 11303 106213
11303 74550 106213
106213 11303 74550
9492 79892 136727
136727 9492 79892
79892 9492 136727
113535 20504 46695
46695 20504 113535
20504 46695 113535
16534 104664 139763
139763 16534 104664
104664 16534 139763
40535 16560 23849
23849 16560 40535
16560 23849 40535
93795 2156 128838
2156 93795 128838
128838 2156 93795
64108 22645 44998
22645 44998 64108
44998 22645 64108
45440 73762 136940
136940 45440 73762
73762 45440 136940
45759 58341 68136
58341 45759 68136
68136 45759 58341
65718 62067 128953
